0.15844098
0.07961506
0.11696894
-0.11032522
0.33906800
0.04263366
0.12544495
-0.18036984
0.22060132
-0.00832424
0.28956291
-0.02200063
0.05615397
0.00787493
-0.11176993
0.14736271
0.22925700
-0.02280138
-0.04169206
0.20324102
0.29957160
-0.03522435
0.04167631
0.26652488
0.13376978
-0.27609175
-0.06124971
0.08457365
0.16561048
0.17200632
-0.43079895
0.06054878
0.07722618
0.21719170
0.03269805
0.10060450
0.30088741
-0.08673885
-0.27642140
-0.22969955
-0.00570192
-0.57186323
0.53618920
-0.07711840
-0.39906231
0.13108775
0.23261362
-0.29960498
0.19819315
0.18983239
0.29890937
0.03594465
0.36433607
-0.04603035
-0.10066671
0.02209122
0.19435000
0.13350569
0.01312075
0.16914476
0.19507483
-0.03229431
0.39827451
0.05194452
-0.07886554
-0.19277778
-0.05803152
0.04739774
0.06689622
0.08957196
-0.34525064
0.14093167
0.11359800
0.02097555
-0.06238605
0.03821991
0.06908031
0.01520111
-0.13359854
0.03966197
-0.03651837
0.12711599
0.26202783
-0.05114358
-0.00967525
-0.07533096
-0.41322252
-0.08250914
-0.01089585
-0.05331769
0.27137753
0.16520219
-0.07790055
0.08932591
-0.08278487
0.10098313
-0.02329865
-0.32269031
-0.09178367
-0.02266726
-0.03791852
-0.19130930
0.30125517
-0.32116291
0.00447501
-0.00129801
0.11741176
0.05204875
0.07273886
-0.02848882
0.03654131
-0.06064253
-0.05706135
0.02058255
-0.19229788
-0.29598731
0.12955855
0.13912770
-0.31989804
0.03136713
0.14176995
0.67511231
-0.04502516
-0.15260153
0.08585929
0.21702437
-0.00085158
0.27825841
0.14716543
0.37131697
-0.12103426
-0.38002297
0.17417790
0.03618121
0.48265955
0.17155783
0.04380779
0.03390661
-0.00161471
-0.08528455
0.07530838
-0.31444424
-0.02862733
-0.02489599
-0.08665328
-0.18687853
0.02691029
-0.32319230
-0.01906375
-0.39209059
0.30485615
-0.05625377
-0.05030045
-0.03081781
0.36079818
0.13200782
0.08495059
-0.12776825
0.17595012
-0.20009570
-0.88239443
-0.18551160
0.19465977
0.00707046
-0.03333440
0.07026129
0.33831427
0.21106593
-0.15446314
-0.35408908
0.36809614
-0.12718280
0.32417363
0.00060746
0.06419386
0.06801113
-0.10977650
-0.01776434
0.76175714
-0.61041909
0.10763302
0.25138608
-0.14317508
0.01299907
0.08214921
-0.27095851
0.00411862
-0.26670051
-0.24447083
-0.03949103
-0.12809917
0.32578805
-0.00760650
0.32532594
-0.09052146
0.57324433
-0.06141002
-0.09688907
0.00264899
-0.46200031
0.07677472
0.68686426
0.29488373
-0.03349881
-0.25539613
-0.33085430
-0.00360311
-0.04219868
0.24029577
0.24877380
0.17219479
0.46550339
-0.12485395
0.19036362
0.07543578
0.01352332
0.42107680
0.22785687
0.52589190
-0.40705407
0.23708911
-0.45231584
-0.08369722
0.29088199
-0.05738243
0.03655626
-0.08324228
0.25143394
0.03276931
-0.33790362
0.08402203
0.00323506
-0.06794577
0.18912980
0.04918003
-0.54984993
0.15261175
0.20215911
-0.01452348
-0.03591464
0.03579528
-0.15148839
0.03315656
-0.04226676
0.09838308
-0.00881653
0.13234641
-0.05131986
-0.18916720
0.05012943
-0.14860579
0.12584394
0.17719044
0.03385146
0.07289840
0.07004370
-0.03594114
-0.02561457
-0.16806708
0.29135886
0.07752761
-0.17367116
-0.20294318
0.17672107
0.02583052
-0.06114576
-0.05746481
0.02479685
0.11162592
0.24025939
-0.18901698
0.03167297
-0.03291041
-0.07726290
0.23596281
0.01162168
-0.02538733
-0.25033996
-0.40072533
-0.15765563
-0.03564593
-0.04881319
0.10023680
0.12345152
-0.04786756
0.03784730
-0.15854262
-0.03412223
0.05558704
0.30186647
0.22790793
0.21925417
0.10188431
-0.01551522
-0.07939051
-0.03162360
0.05070811
-0.07283331
-0.10868633
0.20230390
0.21116014
0.07817832
-0.23501727
-0.02459281
0.17580415
-0.14149858
0.17467952
-0.09187752
-0.13167828
-0.11195226
0.38822046
-0.25697127
0.34575826
-0.09412748
-0.07845696
-0.03937866
-0.02437701
0.21539536
-0.01827353
-0.10818692
-0.00949700
0.10181945
0.15681241
0.12722647
0.02278654
0.22855398
0.12629093
-0.32844445
-0.03227730
-0.04336925
-0.44573987
0.07595256
-0.23228025
0.01329764
-0.06312744
0.07549401
-0.34464228
-0.12263849
0.31292430
0.17417462
-0.04423587
-0.18685228
0.03040421
-0.02979947
0.00955500
0.78401810
0.05590064
0.21247779
-0.07065275
-0.14089283
-0.03503438
0.54860091
0.03521715
0.03496782
-0.04068296
-0.08793637
0.02254152
-0.16662358
0.24733311
0.14600363
0.13354190
-0.56698096
0.18435121
-0.02913232
-1.02689362
-0.12563640
0.03099641
0.03025857
0.25730681
0.21593031
0.90502137
0.39791796
0.21238610
0.10454923
-0.05899365
-0.02399858
-0.09182864
0.04603874
0.03451481
0.22404160
-0.00617460
0.43467504
0.15736625
-0.15856604
-0.07841381
-0.02314103
-0.12625161
0.13483164
0.09791033
0.19858104
0.32808042
0.12319093
-0.08730360
-0.47685561
-0.11374165
-0.18665142
0.25851664
-0.04072847
0.07780492
-0.17374253
-0.20295177
-0.11793242
0.18526536
0.03089896
-0.23741521
0.30405289
0.10480532
-0.17564777
0.00684722
-0.09218140
0.04661816
0.14648569
-0.23726550
-0.05458568
0.15451296
-0.06543156
0.00573070
-0.00825505
0.10099444
0.11405806
0.01788349
0.03385615
0.16342281
0.16753668
0.03038638
0.50332201
0.54342115
0.11210124
0.21128023
-0.03346801
0.04888899
-0.02313836
0.24212480
0.05290896
-0.17843093
0.02751791
0.06837437
0.35725680
-0.19018598
0.02252291
0.14462149
0.34483463
-0.04469025
-0.00550099
0.07368267
0.40534747
0.03913536
-0.34083712
-0.06171259
0.03375379
0.32933173
-0.03184373
0.10839336
0.04433347
-0.04205066
-0.00905987
-0.17600304
-0.17162694
-0.12097900
0.07551859
-0.11472277
0.18293262
-0.14773618
-0.07801681
-0.04762265
-0.06092269
0.12268853
-0.00034568
-0.01293997
0.15008615
0.34567741
-0.18752450
0.47296086
-0.00742007
-0.08402010
-0.64478177
0.00378540
0.08171598
0.03229543
-0.03193799
-0.23762029
-0.35563061
0.49319473
-0.09169863
0.26174900
0.29225394
-0.11328522
-0.36371607
-0.20274575
0.56721920
-0.07895596
0.08120220
0.19879405
0.18286194
0.00563500
-0.17561921
0.40698031
0.05425249
0.49661410
0.23581299
0.16256422
-0.25416568
-0.15652409
-0.05489796
0.23303929
-0.22891092
-0.41915461
-0.09528886
0.59809822
-0.36900574
0.14200504
0.38428000
-0.49481866
-0.08952930
-0.19242097
0.22623031
0.40948486
-0.09770833
-0.00472397
0.28019771
-0.04684579
0.38510594
-0.76292378
0.09127198
0.22354105
-0.07446914
0.07944616
-0.21641888
-0.30947617
-0.09839378
-0.38451332
0.41478270
0.24704579
0.18846159
0.05086416
-0.03765955
0.09306824
-0.26018524
0.15937743
0.05912754
-0.12756023
0.45720148
0.28169602
0.08692624
0.05898516
0.09687432
0.22849847
0.23374699
0.05645633
0.28919756
0.28595665
0.11359945
0.01379281
0.27464455
0.25169972
0.12166953
0.23694219
0.05352671
0.09290759
-0.00675931
-0.16883881
-0.09450901
-0.03493503
0.35908613
-0.00554678
0.10226727
-0.19516033
0.07362825
0.10823856
0.58736515
-0.02822115
0.09910451
-0.16537701
0.26985690
0.08741964
-0.17129800
0.14156878
0.03580448
-0.28017715
0.10672204
0.29538769
0.45426133
0.32274300
-0.12039562
-0.11459182
0.07602728
-0.21085708
0.02932959
-0.11670229
0.08269678
-0.04141422
0.05971499
1.06970823
0.02673712
-0.15625854
0.15943453
-0.07006996
-0.32138097
0.10149249
-0.00937951
-0.16937646
0.33427531
0.09059555
0.15482002
-0.55272102
-0.38073376
0.08407574
-0.69511873
-0.01359163
0.01831522
0.04710323
-0.28586194
0.15105537
-0.09253330
0.10985106
0.23387143
0.25014034
0.13440165
0.10541771
0.12139086
0.15041634
-0.25618607
-0.15110672
0.01944585
0.00924083
-0.05304271
0.08625535
-0.23757236
0.04508986
-0.20092812
0.31190342
-0.13483708
0.06123891
0.12991159
0.39166600
0.13625509
0.21062006
-0.05879711
0.18843050
0.01000539
-0.06027758
-0.08340403
-0.05991327
-0.44166797
0.06315461
0.09849540
-0.24497789
-0.34593815
-0.15139389
-0.06709470
-0.06681432
-0.37687445
-0.11041367
-0.03623235
-0.04836296
-0.11667725
-0.06454030
-0.17351384
-0.06187167
0.05669930
-0.04099851
0.38114113
0.07126097
-0.06785782
0.16929622
0.14271402
0.02617483
0.03072513
-0.03400100
0.18302028
0.00876236
-0.10722313
-0.06297291
0.42574066
0.07364409
0.11482157
0.10189036
0.05872078
0.01338605
0.15373898
-0.05458451
-0.01108970
0.17732014
-0.37028152
-0.00155042
0.18206254
-0.01429825
-0.02621046
0.07480581
-0.25145608
-0.27394342
0.28501514
-0.04628377
0.16139367
0.13615033
-0.02647859
-0.15118521
-0.10095307
0.01858523
0.23323472
0.16781399
-0.04822406
0.06038014
0.08256914
0.11515655
0.01981193
0.00651648
0.04892920
0.36214775
0.11919384
0.02350814
0.03626576
0.14345799
-0.10518835
-0.11194121
-0.07376360
0.03394330
-0.12264626
-0.08782918
0.38045686
0.00499790
-0.17166120
-0.11226882
0.10310775
0.33358455
0.08398838
0.07006000
0.24926797
0.01613669
-0.15283965
-0.03913750
-0.05639856
0.04537254
0.03400309
-0.35147676
0.09087035
0.14924687
-0.50701392
-0.30968183
-0.41688639
-0.07642274
-0.28236628
0.37568146
-0.03576130
-0.07838532
-0.04800354
-0.33501011
-0.03036695
-0.29136467
0.15662616
0.00832719
0.00910886
-0.09745933
0.18074602
-0.40070471
0.03927042
0.17901704
0.11487735
-0.29394206
0.04672337
-0.07112864
0.10201167
0.07289163
-0.07903345
0.06792868
-0.39769062
0.01494339
-0.14263546
-0.03781207
-0.04733701
0.09254104
0.09384289
0.04753849
0.06566148
-0.03091415
0.57855225
-0.26692066
0.12293183
-0.11174576
0.11675129
-0.47821093
-0.10688899
-0.04564558
-0.10820834
0.16876085
-0.26986408
-0.46333387
0.33250764
-0.26115605
0.10605817
0.03301969
0.01992151
0.13932344
0.05653186
-0.06259673
-0.00933709
0.26241329
0.37406483
-0.31045672
0.82953399
-0.07081872
-0.23137806
-0.18910192
-0.03850798
0.02833421
-0.32839945
0.10606246
-0.12144323
-0.16716896
0.07305090
-0.16225941
0.09534988
-0.36729953
0.21116269
-0.15817344
-0.00919899
-0.30109772
0.16865534
-0.18313757
-0.00992140
0.26290762
0.20052437
-0.27503765
-0.17829488
0.11217333
0.09805686
-0.21447229
-0.43829715
0.28999093
-0.22657211
-0.01356280
0.08076917
-0.11623361
-0.02123063
-0.00110891
-0.39487606
0.06180094
0.07976035
-0.20639923
-0.29253832
-0.02103424
-0.15342271
-0.17770717
0.10580727
-0.07774670
-0.12638190
-0.21684839
-0.03030357
-0.08162229
-0.06041311
0.09698226
-0.06797423
-0.00927818
0.30983484
0.32463998
-0.21742544
0.36685276
0.05687678
-0.02881716
-0.02011263
0.05191745
0.11205905
0.03362725
-0.12189414
-0.10841640
-0.07173730
0.08862828
0.06227328
-0.51965165
0.00584596
0.04337209
-0.07559153
-0.35742047
-0.04221048
0.16770196
0.19902617
-0.07247850
-0.14445662
0.02440195
-0.16542596
0.20613605
-0.03911213
-0.10957564
0.20758557
-0.33836335
-0.04104142
-0.15260981
-0.40981409
-0.23646627
-0.16019049
0.18141612
0.13068929
0.30210444
0.18724389
0.47991878
0.03296949
0.17220558
0.37027213
-0.07907882
-0.30315378
-0.14305119
-0.11713124
-0.09163032
-0.08614090
0.01870568
0.55674905
0.01558111
0.09237180
0.15971236
0.17776315
0.04877596
-0.05950020
0.29212129
-0.00963789
0.35087404
-0.04670524
0.09590101
0.10988998
-0.12500933
-0.03634860
0.01642301
0.02754410
0.05123981
-0.22817314
-0.26249051
-0.01123171
0.08126238
0.40110430
-0.16617635
-0.23648715
-0.13210677
0.12668853
-0.45250860
0.08932812
0.23529345
-0.23116010
0.56599194
-0.28395617
0.28486305
0.16932179
0.01856766
0.20162460
-0.57750160
0.07774373
-0.02755847
-0.64610070
-0.32921571
0.07224131
0.31392062
-0.13286474
-0.06555372
0.20316380
0.04540177
0.06773310
-0.14760207
-0.17234975
-0.15553601
-0.18510734
0.55906361
0.08563291
0.09716782
-0.04291948
0.09758553
0.05623177
-0.20976779
0.32613432
0.08303166
-0.11085819
0.09628092
0.01851011
0.00208338
0.07360452
0.04751914
-0.14020625
0.02365523
-0.31412196
0.09233489
-0.21715119
-0.13150439
0.21137269
0.47299019
-0.01704258
0.08097600
-0.28179204
-0.29000896
-0.19535056
0.13486388
0.02529948
0.23766133
0.16242768
-0.43067294
0.14396960
0.07332040
0.41192558
0.31836113
0.11164464
0.12104475
0.32951415
0.32834482
0.24641785
0.06169351
-0.16891265
0.32634404
-0.02342363
0.26920211
0.34127226
0.03446287
-0.02302992
0.02007521
-0.24594426
-0.05488914
0.14867067
-0.17658594
0.23589513
0.15832989
0.06479523
0.11768819
-0.15104380
0.18300171
0.46391305
-0.21485972
0.09146500
0.07412515
0.02441762
0.47906741
-0.75506645
-0.21573901
0.25032300
0.18669537
0.20415381
0.29093561
-0.35911179
-0.07854794
-0.18149343
0.25263092
-0.03874621
0.35782307
0.31314930
-0.03215428
-0.04017265
-0.40001211
0.02209777
0.82886946
-0.12029786
-0.21890704
0.28850973
0.20730931
0.03867302
-0.01238156
-0.75919843
0.18753555
0.03182078
-0.20196678
0.01734473
0.04911648
0.36057645
0.27210265
0.07212310
-0.56589949
-0.20524527
-0.24177304
0.22879964
-0.05371246
-0.30643713
-0.18763490
-0.05892769
-0.08811279
-0.15028596
1.08772743
-0.03839659
0.13596277
-0.11275125
-0.06884573
-0.19484784
-0.21440034
-0.38292176
-0.25253573
-0.37349102
-0.16383514
0.17124897
0.33299661
0.06468508
-0.11562003
0.09774117
0.20767900
-0.14038514
-0.21872805
0.06437923
-0.19109300
-0.00201451
-0.23765586
0.14198911
-0.15559173
0.35899761
0.09615280
0.17282371
0.41423833
-0.14305675
0.03398567
-0.11040459
-0.06843591
-0.02184984
0.08538794
-0.43931720
-0.06137101
-0.03544330
-0.10266217
-0.03280228
0.45224911
0.03276190
0.12326630
-0.13644241
-0.00576961
0.21759701
-0.01880738
-0.24841289
-0.33757961
-0.12886609
-0.34725145
-0.09623734
0.00336947
-0.24067073
-0.05504451
-0.33344597
0.07350487
0.05609436
-0.01435972
-0.30479199
-0.24768065
-0.07874686
0.13802993
-0.48316738
0.00621749
0.00826449
0.07834917
-0.16246347
-0.30791703
-0.15082102
0.20358106
0.04915632
0.00611982
0.17463969
-0.10547140
0.02918674
0.06466590
0.01104374
-0.06283536
-0.22668882
-0.06866810
0.21491313
0.02235855
0.03128774
-0.08604786
0.06976568
-0.03347466
0.01268437
0.54473186
-0.30477673
0.02344909
0.05726999
-0.20884213
-0.06636861
0.05541677
-0.08600926
0.13847378
-0.37834162
-0.20288904
0.58833349
-0.00062203
0.16486107
-0.07459380
0.09720620
-0.61155170
0.08744092
-0.20921828
0.35736945
0.21533336
0.07045405
-0.29317853
-0.03766406
-0.12360498
-0.04983402
0.43048656
0.09741740
0.24640326
0.03407517
0.12462801
0.12811120
-0.10530345
0.13070534
-0.16189115
0.07366486
0.21148190
0.04344322
0.09448728
-0.13534321
0.46311989
-0.16969639
0.09811179
0.04470025
-0.35276312
0.02145154
0.69701743
-0.40589255
-0.01304574
0.04672726
-0.02477271
0.03359414
-0.05509577
0.45254785
-0.31833562
-0.04850873
0.08888570
-0.28693974
0.01906975
-0.63108635
0.19676580
-0.00583870
0.08746742
-0.21389954
0.23725939
0.12470951
-0.18915309
0.18856278
-0.00713085
-0.07961577
0.07548805
-0.13375635
0.09278392
-0.02100251
-0.00994212
-0.18880220
-0.09109378
-0.15196805
-0.02556428
0.02721277
-0.07387567
-0.23151231
-0.36838785
-0.03575848
0.12952767
0.16467220
0.37383828
-0.06562879
0.03724225
0.00721234
0.02964247
-0.15486912
0.21954535
0.23660079
0.09190813
0.15885928
0.23750876
0.03110025
-0.10847162
0.17868356
-0.07298435
-0.08596242
0.06120104
-0.15398555
0.01479579
0.12553458
-0.02403764
-0.18485284
-0.00092509
-0.25637016
0.06609744
0.12120440
-0.11011511
-0.36210543
-0.33068919
-0.07680124
0.07654271
0.05993243
0.13497384
-0.07431210
-0.02671046
0.07750082
-0.01898976
-0.20577890
0.33381423
0.17285217
0.08469552
0.08396026
-0.13888159
0.52454656
-0.07599983
-0.20817871
0.14909546
-0.13259083
-0.00357359
-0.21944663
-0.53331155
0.07450978
0.70796901
0.92361259
0.10747416
-0.30725554
-0.29570326
-0.28688201
-0.03817176
-0.14520901
-0.31036401
-0.25724050
0.20876408
-0.28422567
0.03986146
-0.05287064
-0.13053891
0.17169233
0.26836091
0.19817917
-0.58202690
-0.19188820
-0.07524472
0.16321553
0.03883058
0.36801919
0.10377148
-0.20894322
0.03934463
0.33522108
0.09611940
-0.08040407
-0.35348541
0.41919780
-0.00283667
0.07888442
-0.28806072
0.30315337
-0.09213641
-0.10403343
-0.23173234
-0.32804507
0.16236091
0.18620519
0.21278837
0.03800137
0.22315584
0.05173485
0.61601448
0.19941404
-0.10388470
-0.60089171
0.01936277
-0.14191526
-0.24905753
-0.20435300
0.02140702
-0.11776367
0.37206706
0.08098618
-0.03882075
-0.10859314
-0.09503230
0.06682833
-0.25576392
0.12464046
-0.03010629
0.03588434
-0.15869968
0.15919349
-0.20687790
-0.18113483
0.18570058
0.51768583
-0.39718360
-0.02309491
-0.08719117
0.08390809
0.08792080
0.04084002
0.34455478
-0.20744790
-0.00581219
-0.03278285
0.20830335
-0.14394820
-0.06645177
-0.00710471
-0.02874289
-0.45761439
0.47209772
0.15481202
0.00402092
0.13828747
-0.05003851
-0.37691960
0.13301603
0.15464664
0.04192257
-0.05655685
-0.04524103
-0.15464078
0.08436799
-0.32076362
0.04639200
-0.36290613
0.31123766
0.02522852
-0.10796683
0.00888732
-0.02392336
0.04327848
0.09691163
-0.07464286
0.11672428
0.03700121
-0.13834006
0.02000645
-0.13336943
0.16073722
0.02003142
-0.17906445
-0.15574782
-0.06969877
-0.10693477
0.19198208
0.02063376
-0.64740300
0.09218442
0.15030663
-0.03469293
-0.02296301
0.09555832
-0.14694889
-0.02683105
0.02779028
0.07102566
0.17040472
0.07774140
-0.04340851
-0.16143991
0.06330185
-0.08809447
0.19987455
0.06976325
0.00091508
0.03415871
0.01274201
0.58104074
0.31464753
0.28711414
-0.01318886
-0.25875607
0.65316993
-0.00442564
-0.00003721
0.01845151
-0.10351868
-0.37680402
-0.33725452
-0.51705593
-0.17774916
-0.13993362
-0.50323737
-0.05826060
0.50158703
-0.24238163
-0.44875684
-0.25568372
-0.03581762
-0.40873179
0.47072279
-0.16114311
-0.28506219
-0.28503552
-0.13958600
-0.05186633
0.22995842
0.00933110
0.36920646
-0.08937613
-0.25562361
-0.00496764
-0.13805284
0.12962131
0.08893278
-0.37067902
0.23709682
0.14027087
0.10884558
0.03742285
0.06042305
0.06977398
-0.15024528
-0.14098361
0.01262209
-0.06579602
0.08662963
0.19843265
-0.06300917
0.03769438
-0.04683578
-0.27856708
-0.10686252
0.05849159
0.00449500
0.40103483
0.13215347
-0.01493241
0.02553621
0.01649241
0.01589717
-0.06953033
-0.14276621
-0.16743942
0.19313139
0.02197614
-0.08348822
-0.25684834
0.15118618
0.07528713
-0.00511463
-0.01296330
0.00783968
0.16548929
0.14007376
-0.15323751
0.05709896
-0.01871807
0.00144491
0.27530041
-0.00365292
-0.04722636
-0.16781697
-0.42907572
-0.09186617
-0.06351306
-0.06632576
0.17489590
0.21895562
-0.12006135
0.09632284
-0.17224999
0.02681078
0.06507440
0.16262394
-0.02993213
0.47616231
0.12843639
-0.33875054
-0.01566270
0.13490604
-0.08885927
-0.02675436
-0.05145352
0.08909588
-0.07951428
0.35792103
-0.24486144
-0.00535025
-0.02359168
-0.15109064
0.09743638
-0.07775293
0.04761760
-0.30490845
-0.15656696
-0.28521523
0.09300832
-0.06967932
-0.18334723
-0.17016208
-0.00901312
0.03638417
-0.09591302
-0.14076382
-0.21498096
0.02834047
-0.13562803
0.04387924
-0.06030903
-0.02974989
-0.30828375
-0.26275182
-0.00033895
0.12872551
-0.06841448
-0.38227612
-0.00137814
0.06158082
-0.07631339
0.03109895
0.28722405
0.01764137
-0.07164350
0.07987926
0.01009268
0.26864934
0.00094391
-0.03010026
-0.06218016
0.09832808
-0.03089357
0.29742816
-0.02726698
0.05931341
-0.04067303
0.01197546
0.00049568
0.10715472
0.25788862
-0.11151347
0.26420882
-0.01036033
0.30979773
-0.06445803
0.63191593
-0.03890849
0.08713021
-0.12304261
0.06068185
-0.10641421
0.12954226
-0.15017837
0.04374738
0.76366627
-0.56990612
0.19320920
-0.73187548
-0.18384700
-0.04628909
-0.53552020
-0.04023796
-0.16818769
-0.51271325
-0.07306758
-0.16221085
-0.06384744
-0.10811087
0.44975474
-0.18377794
0.01432379
-0.13752140
-0.22249155
-0.02868455
0.08837730
-0.34058568
-0.35822961
-0.02352618
0.02030914
-0.16869922
-0.28019330
-0.03837559
-0.06877217
-0.11521295
0.00378642
0.20326763
-0.04499609
-0.02424966
0.01091036
-0.03131393
0.37112373
0.09728757
-0.07716097
0.11080878
0.14424904
0.03942009
0.30720198
-0.03044678
0.07435696
-0.03927658
-0.07599441
0.06607334
0.21050963
-0.07566704
0.02056587
0.17086869
0.00939901
0.00005284
0.04358702
-0.15396012
-0.05650494
-0.08069675
-0.14893861
-0.17013146
0.15622495
0.00843261
-0.13992682
0.08388226
-0.09625720
-0.05980539
0.36426058
-0.06528525
-0.33613002
-0.43651330
-0.02202239
0.04781594
0.10824014
0.15026791
-0.50355637
-0.03723160
-0.01781347
-0.07816053
-0.29207087
-0.01346554
0.04224197
0.01703417
-0.04099191
0.16255121
-0.09157772
0.06835058
-0.27486524
-0.00398627
-0.20306183
-1.10159516
0.02331859
0.95586771
0.15646844
0.11193419
-0.06214483
-0.15034796
0.22369818
-0.36145124
0.27473316
0.16521348
-0.03877838
-0.03587040
0.09522010
-0.22604243
-0.01941496
0.20529468
0.11084460
0.04287493
0.56554538
0.15479603
-0.06721068
-0.02426057
0.15135743
0.26033166
-0.16291830
-0.26140699
-0.38533381
0.42479286
-0.45603889
-0.06737520
-0.12526438
-0.50839734
-0.11138514
-0.20380425
-0.45762578
0.10169620
-0.07198001
0.07338859
-0.03331007
-0.00499197
0.00919769
0.10560004
-0.21272972
-0.40984511
0.10050317
0.30377072
-0.57032466
0.20261210
0.59964544
-0.38709444
-0.36426184
-0.18018255
-0.59467876
0.06429839
0.05339596
0.32520422
0.21831451
0.31410119
0.11917185
-0.34182116
-0.11251839
-0.06851346
0.11707906
0.26247045
-0.10038529
-0.42360193
0.04298071
0.20537885
-0.30733237
0.04654534
0.25942969
-0.24958995
-0.28975889
0.32301140
-0.02080849
-0.08480794
0.06275979
0.13043579
-0.11126841
0.00506349
-0.17863338
-0.11670885
0.25127885
0.41814682
0.16166490
-0.10611265
-0.00930426
-0.09989046
0.00174179
-0.12163807
0.07709355
-0.26971042
-0.26957777
0.01180393
0.06449798
-0.11496767
-0.32889768
-0.03695345
-0.00814509
-0.02333058
0.03718397
0.23513682
0.07354975
0.03841370
-0.03715340
-0.01332306
0.27275687
-0.02583222
0.01471069
-0.02680720
0.07378227
-0.05438713
0.24309886
-0.06568237
0.11124895
-0.04462995
-0.00400261
-0.09321076
-0.05840225
-0.17421962
0.10047889
-0.05860848
0.04597137
0.19761391
0.07245539
0.10504872
-0.07616211
0.12479106
0.02828018
0.01342213
-0.27389964
-0.00289799
-0.01932893
-0.07351937
-0.00761741
-0.43442664
0.27114114
0.06934315
0.12269527
-0.09291649
0.06560141
-0.00718180
-0.11664292
-0.04480771
-0.22387250
-0.04124831
-0.12362876
0.11027405
0.05052596
-0.14469086
-0.10714677
-0.81909549
0.04103913
0.08095550
-0.04072490
0.00177031
0.14400902
-0.03300826
-0.12418169
0.06222699
-0.00168679
0.56318444
0.00782746
0.15518205
-0.30586639
0.16369903
-0.42296618
-0.25799763
-0.10135888
-0.12943879
-0.05742542
-0.06046090
0.09429050
0.53914952
0.16527952
-0.00697361
0.33599386
0.03794719
-0.11209335
-0.01649540
0.11227544
0.03059023
-0.24219717
0.03687247
-0.38966748
0.19374058
0.05686408
-0.20591305
0.23762119
0.16655970
0.08109156
0.01356351
0.06073269
0.08775850
-0.22337425
-0.12226074
-0.06735601
-0.05421664
0.00796351
0.02448765
-0.13661198
0.04559214
-0.12147877
-0.12250349
-0.10417837
0.17148289
0.16138296
0.52375847
0.13150424
0.13756369
-0.16478485
0.12571506
-0.00534766
0.04119793
0.04280080
0.22235972
0.24238540
0.05552086
0.23806304
0.31097323
0.10367268
0.03121143
0.19750927
-0.00610428
0.06303986
0.34996006
0.07546968
0.04752333
-0.00085120
-0.19341263
-0.10795516
0.01019390
-0.16570792
-0.01770365
0.30647752
0.01537964
0.01972203
0.11561336
0.26253968
0.00110173
0.24402678
-0.41875857
0.37642163
0.08115893
-0.19843188
0.02509035
0.03630576
0.23070228
-0.01201362
-0.12513611
0.02695312
-0.09486950
-0.02787244
0.11423017
-0.23043866
-1.06150138
-0.11265387
0.91578013
0.13216090
0.04888843
0.11315916
0.04258242
0.33376634
-0.02959096
0.33734745
0.19178139
0.13807061
-0.05298451
0.07284646
-0.08477585
-0.22987935
0.16248998
-0.30386946
0.62983352
0.12746800
0.18041547
-0.19403215
0.15216927
-0.18377323
0.09054656
0.04103092
-0.00461698
-0.17249653
-0.00395144
-0.17139786
-0.04031584
-0.98479277
0.47150990
-0.03307241
-0.02963533
-0.26221126
-0.02269941
0.02151280
0.27733123
0.11968465
-0.16585864
-0.17142287
-0.06718516
-0.13904665
0.04318573
0.03550569
-0.17281538
0.19744383
0.04277003
0.22312947
0.07873660
0.28798449
-0.14844309
0.15317206
0.21187472
-0.08982426
-0.12520291
-0.12230547
-0.24431595
0.04633939
0.10611455
0.65162843
-0.00565317
-0.02573734
-0.11132770
-0.01682275
-0.72375530
-0.15363872
0.01442645
0.07352693
0.28099424
-0.19843923
0.58189201
0.38443986
-0.11782457
0.18519333
-0.01015235
0.01655662
0.16754113
-0.12909815
-0.19402733
0.09270153
0.63398594
0.21718517
-0.13120501
0.08163577
