0.46862608
0.54504108
0.54472846
0.94947660
0.25824705
0.58409494
0.33306786
0.47933215
0.35607204
0.43715569
0.30195117
0.40324077
0.27658612
0.03695878
0.67537224
0.45750907
0.48241794
0.66639495
0.33797389
0.40243110
0.66714287
0.58926564
0.21913065
0.27713677
0.20417096
0.37281412
0.37583596
0.80062383
0.39871770
0.76931077
0.35357308
0.44712478
0.34184900
0.56288934
0.51706034
0.20559607
0.49363795
0.85237217
0.44081056
0.29995751
0.38129365
0.02560055
0.40555531
0.19912030
0.82290107
0.48209119
0.29461649
0.42693782
0.68311393
0.18493918
0.58362520
0.40110788
0.26355290
0.76702923
0.43597296
0.49021623
0.25953513
0.38340971
0.20264252
0.16999348
0.31995565
0.54083025
0.43896392
0.11716512
0.65437961
0.78379762
0.50897998
0.66350752
0.25875881
0.39747721
0.27195004
0.56050140
0.26378334
0.66209704
0.25732422
0.34938869
0.31560636
0.25688100
0.37790972
0.32954308
0.33985734
0.38374504
0.93841785
0.25645936
0.41178390
0.50353628
0.35590124
0.52788150
0.88570809
0.80699056
0.51785964
0.58302414
0.38278145
0.12872462
0.58561105
0.70386487
0.17047875
0.27356464
0.43489963
0.30880341
0.49304879
0.25684473
0.58749706
0.54308885
0.23319054
0.21004434
0.52429742
0.26680708
0.82010072
0.11144473
0.59683049
0.49572250
0.61814791
0.37276310
0.18499684
0.82711869
1.24995899
0.66192794
0.40921888
0.39246663
0.36098868
0.28333867
0.54159683
0.36489943
0.23684898
0.48270175
0.23314363
0.27084956
0.59826362
0.57619238
1.03797090
0.23756900
0.33586782
0.63400328
0.64692169
0.50657982
0.42810252
0.43014383
0.58910275
0.41865292
0.49954650
0.57041943
0.35393342
0.67326683
0.82151467
0.37988380
0.31223780
0.46803570
0.44168669
1.18037021
0.44608161
0.77551109
0.43198219
0.49909604
0.50626671
0.54696012
0.47873113
0.37563419
0.74925083
0.54818201
0.79132152
0.18988623
0.53040540
0.31261149
0.58634490
0.92294919
0.22028555
0.59211826
0.62997770
0.28489307
0.67649633
0.52474856
0.58417821
0.68047154
0.63278753
0.69674522
0.24780706
0.25101486
0.40162000
0.62799412
0.44863245
0.12597501
0.70356911
0.54066622
0.49022543
0.43033987
0.63821036
0.41873035
0.42444974
0.58419794
0.97782105
0.60289037
0.50009167
0.59248245
0.23637971
0.40732601
0.54520047
0.60004425
0.60173494
0.48955843
0.94929570
0.79750216
0.48677340
0.21634258
0.32850671
0.39710349
0.39354739
0.65334135
0.77331620
0.15644883
0.64666706
0.46300641
0.64969641
0.18668960
0.70503134
0.38998896
0.21449369
0.82263982
0.56347507
0.38632655
0.61993831
0.40569845
0.35264438
0.74852943
0.23231286
0.43475461
0.04252204
0.61258525
0.60129505
0.23894259
0.29518646
0.78792018
0.52141875
0.12853222
0.69119596
0.53016138
0.75901276
0.45182136
0.48034135
0.85160959
0.64748520
0.38953334
0.61286521
0.54681325
0.24801764
0.66886252
0.30648935
0.60694307
0.53399998
0.58592033
0.76084870
0.26096347
0.48686346
0.57477039
0.83994716
0.49983087
0.58282226
0.70187497
0.48405242
0.43736210
0.67369974
1.02313042
0.46045351
0.42317644
0.38213891
0.84912932
0.39804548
0.56614530
0.73877615
0.42128763
0.40561104
0.44611976
0.86158216
0.61466777
0.65040547
0.32692823
0.83877587
1.19690096
0.47304279
0.45998517
0.58886552
0.44337925
0.42622647
0.15938814
0.22390233
0.52992779
0.30790126
0.47371244
0.38834706
0.54151249
0.10072388
0.29564175
0.65817553
0.24827456
0.26352564
0.63299614
0.31187579
0.90738201
0.31887755
0.64288247
0.38643512
0.76084775
0.47666508
0.33867812
0.15411672
0.32332143
0.63679910
0.40501967
0.50777590
0.25657883
0.48778045
0.55269623
0.55172175
0.59126294
1.05553830
0.83322603
0.22812618
0.59819055
0.37102601
0.38076961
0.84516311
0.33625019
0.06292409
0.46608362
0.42826340
0.56215602
0.65200067
0.36273396
0.96792281
0.57170731
0.24959405
0.34306771
0.60222602
0.34515542
0.39957872
0.60934603
0.30678147
0.82527351
0.44099057
0.53441250
0.88764578
0.41816276
0.58897680
0.41904593
0.53117418
0.84959847
0.45496976
0.83312982
0.51952887
0.57408923
0.40796942
0.21962400
0.66147077
0.31130433
0.24350078
0.51798862
0.51811248
1.00288820
0.42077950
0.39751953
0.23401077
0.35127670
0.62340969
0.54945725
0.38914093
0.55478507
0.32536006
0.48335251
0.28483427
0.35596085
0.63847339
0.07621117
0.25866547
0.71822035
0.73470926
0.70636415
0.62859708
0.33922866
0.54973239
0.10113121
0.61183834
0.67027020
0.47822717
0.50262386
0.73065472
0.90068960
0.40532690
0.21579745
0.25130531
0.37321073
0.59237158
0.34486467
0.47229964
0.27462307
0.65456551
0.20573843
0.27128038
0.38828453
0.40706584
0.69195694
0.90568817
0.92150348
0.75099188
0.58952522
0.53353065
0.43579042
0.54506940
0.24295081
0.48164421
0.21788691
0.21488371
0.49593750
0.09640997
0.56661195
0.15214397
0.50337315
0.37687200
0.53176832
0.26534656
0.28981072
0.34757563
0.29959849
0.41322473
0.42777893
0.57799387
0.54388273
0.25527942
0.88492936
0.30115119
0.48853460
0.22926199
0.41109952
0.46423969
0.53557473
0.32474464
0.52672756
0.46903765
0.47365919
0.39603844
0.36017472
0.63467175
0.32405090
0.28056768
0.60261893
0.55615872
0.37712362
0.54383385
0.49007544
0.35005322
0.48797971
0.22984141
0.34786084
0.27286744
0.50522256
0.53821552
0.23762608
0.34783819
0.43886358
0.50592083
0.79776579
0.35836107
0.68941033
0.25765708
0.38694090
0.61585349
0.20184095
0.26529318
0.49746865
0.82080716
0.43635508
0.28959161
0.51671332
0.78837162
0.48345187
0.58190286
0.37227276
0.62234879
0.63111645
0.39984354
0.61819595
0.37470296
0.72939646
0.46782660
0.67902422
0.42418516
0.56510472
0.68984360
0.19516195
0.56866676
0.33672225
0.30971199
0.30532998
0.60810119
0.43171230
0.52473503
0.76503909
0.43192503
0.33434808
0.71583599
0.26928961
0.34806168
0.40013430
0.37246558
0.71191043
0.25962651
0.30650219
0.28579742
0.46031517
0.43807951
0.74557889
0.48831785
0.46808743
0.58969563
0.40849811
0.53492492
0.63081062
0.57159954
0.49640194
0.20361792
0.60675991
0.64434147
0.41693625
0.43063203
0.65456718
0.28839052
0.57880861
0.62916809
0.18975371
0.43643770
0.14990482
0.49471334
0.72665244
0.71162236
0.29076856
0.18295762
0.22045550
0.34738871
0.26121020
0.20789219
0.39580336
0.74361211
0.31148311
0.35948932
0.23910008
0.45893353
0.53042364
0.58763498
0.34131274
0.47606587
0.49946246
0.85595375
0.38552800
0.63169974
1.13274360
0.53123635
0.34265360
0.27320671
0.70370996
0.52254361
0.63286501
0.50914687
-0.27887604
0.58966863
0.53782535
0.46651244
0.26093364
0.58482486
0.49653894
0.21024214
0.54124355
0.76634723
0.53762037
0.39574265
0.30286172
0.57341146
0.42618427
0.43662924
0.60496634
0.52480710
0.40966541
0.23227769
0.00943488
0.24982226
0.59936291
0.62748921
0.52041346
0.73084676
0.54294372
0.38152722
0.58110428
0.52808100
0.61407077
0.71423733
0.43382040
0.20929666
0.33437631
0.52487642
0.60857868
0.11934604
0.59317178
0.45224532
0.49892855
0.51740360
0.84083527
0.34964910
0.58381361
0.74297011
0.62359840
0.60309780
0.48131630
0.58564234
0.48148152
0.19589345
0.79570669
0.25209329
0.78309351
0.51094723
0.31640106
0.57952821
0.31800547
0.35556477
1.11443758
0.47180659
0.52827829
0.16075543
0.40711987
0.68009633
1.27094972
0.84221673
1.00625062
0.82449061
1.01756871
0.35214472
0.62088048
0.30858311
0.54458141
0.49640593
0.56675839
0.50550777
0.65576518
0.25295168
0.49906984
0.35758135
0.61967379
0.19567275
0.33048442
0.22020060
0.31592625
0.80830574
0.47275758
0.35452673
0.66172731
0.82049501
0.28680819
0.11235397
0.60211986
0.26382324
0.33572948
0.57920772
0.29933006
0.52143747
0.36028227
0.36150634
0.59529042
0.53339726
0.71411258
0.46691048
0.47068053
0.92567182
0.47652909
0.74535280
0.31351697
