0.06260272
-0.20578769
-0.03891072
-1.01064575
-1.23254991
-0.76419932
-0.69563311
-0.22031918
-0.67202538
-0.53415680
-0.73482203
-1.12552309
-0.35484648
-0.25267604
-1.26128483
-0.56861532
-1.47389197
0.20140409
-1.28723216
-0.18078658
-0.28400919
-0.87166423
0.23750515
-0.36099064
-0.67285055
-0.35295236
-0.32386422
0.27056509
-0.01264266
-0.56512010
-0.74293959
-0.49657905
-0.51017421
-0.45951706
0.10059083
-0.70702910
-0.87067121
0.05347778
-0.45453364
-0.69572383
-0.50948155
-0.59946424
0.04829558
-0.56579971
-1.12206948
-0.62709725
-0.43321246
-0.13722235
-0.15307331
0.07610981
0.10919510
-0.49310753
-0.37192941
-0.38246340
-1.04806030
0.66784400
-0.69445014
-0.80489063
-0.72488755
-0.96168905
0.47771963
-0.17859825
-0.92566818
-0.33754662
0.18349990
-0.59044629
-0.31250629
-1.08361280
0.35261226
-0.74483997
-1.19620955
-0.27234313
-0.24633799
-0.92495573
-0.74072385
-0.63534737
-0.26002738
-0.53559238
-1.53706539
-0.57465875
-0.41821373
-0.37000361
0.30957147
-0.61407775
-1.32094681
-0.38351360
-0.87595046
0.17661767
0.37972879
-0.46499586
-0.58855897
-0.54421788
-0.17649804
-1.00837147
-0.67805707
-0.14955410
-0.24177918
0.35722059
0.34096333
-1.01333117
-0.85000044
-0.53582865
0.04331040
0.24521925
-0.21234585
0.08464957
-1.44960332
-0.14275895
0.00965692
-0.06261597
-0.55525500
0.38107237
-0.60581732
-0.17840008
-0.43524221
-0.56482470
-1.14573717
-0.76165700
0.12073411
-0.26159665
0.44369394
-0.63671660
-0.59912938
-0.21237276
-0.93827689
0.06173594
0.48998955
-0.39430520
-0.40664351
-2.03085828
-0.60629845
-0.40135771
-0.39638028
-0.13123545
-0.33068329
-0.46507210
-0.90296388
-0.57941967
-0.53769290
-0.67385703
-0.03562277
-0.45104623
-0.17526230
-0.87594616
-0.86489844
-0.84656078
-0.77744067
0.14547160
-0.07108132
-0.33034149
0.13221766
-0.67831427
-0.55757308
-0.05915340
-0.65253955
-1.14036357
-0.39494342
-1.12352788
-0.21564594
-0.35472906
-0.70550704
-0.05902053
-0.74829602
-0.09672309
-0.71367425
-0.30487430
-1.37746751
-0.40930146
-0.39430779
0.07810702
-0.69122308
-0.59884691
-0.73487234
-0.58358252
-0.57422930
-0.46622840
0.14670973
-1.09898353
-0.22346996
-1.87946796
-0.47084954
-0.35448205
-0.67050487
-0.26486099
-1.68335831
-0.42247120
0.23195854
-0.64280200
-0.54821712
-0.26086989
-0.69959384
0.01080696
0.05200010
-0.55888605
-0.48033166
0.45744482
-0.58365542
-0.29237390
-0.82430023
-1.20855367
-0.30377996
-0.04707158
-0.10781502
-0.13249436
-1.35702717
-0.58451742
-0.70109421
-0.49851802
-0.56640989
-1.05420637
-1.34981060
-0.21805207
-0.20585360
0.09504852
-0.35021153
-0.35416621
-0.34358412
-0.09612829
-0.92573118
-0.25650877
-0.91283846
-0.66479158
-0.34150824
-0.29800528
-0.31794453
-0.35849494
-0.43406230
-0.72075140
-0.40738592
-0.34977818
-0.33102566
-0.60635966
0.05319262
0.34347436
-0.03891860
-0.33061340
-1.25773203
-0.65047473
-0.22287892
-0.67435467
-0.61887091
-0.38511547
-0.07725962
-0.61658591
0.03988662
-0.31475279
-0.48583961
-0.03365237
-0.04732810
-0.61218405
-0.43528524
-0.66774112
-0.41707084
-0.50012320
0.27216521
-1.97298813
-0.95853746
-0.08298799
-0.40901095
-0.18588990
-0.66074258
-0.17486422
-0.47812915
-0.88886952
-0.38519847
0.01537936
-0.10146179
-0.38238296
-0.50621808
-0.36010072
-1.05597699
-0.00242707
-0.56479692
-0.03229757
-0.29792804
-1.70668256
0.12213159
-1.06203687
-0.19769603
0.10632730
-0.75946832
-0.45386440
-0.69373327
-0.47955728
0.02346432
-0.02936392
0.16350512
-0.56394243
-0.17816195
-0.60099858
-1.11631227
-0.53073353
-0.64842051
-0.69651729
-1.38116062
-0.71461910
-0.13971995
-0.05550379
-0.00207559
-0.01216098
-0.20843807
0.17590205
-0.09656046
-0.88281870
0.05729171
-0.30175039
-1.13401198
0.23808417
-0.24404804
-0.74012882
0.47719646
-0.71594059
-0.34673807
-0.46990052
-0.05665237
-0.07905946
-1.09820235
-0.54552943
-0.25679258
0.13169289
-0.68646342
-0.06249486
0.02150980
-0.64931321
-0.08881534
0.25707081
-0.36866006
-0.06303629
-0.26218656
0.25171489
0.18837370
-0.25377160
-0.12079558
-0.29302090
-0.31698161
-0.13493012
-0.63514274
-0.62806058
-0.07115994
0.55972433
-0.73750192
-0.38041002
-0.11713228
-0.02671938
-0.11460274
-0.48835346
-0.18278098
-0.41881540
0.21784703
-0.86882395
-0.13887148
-1.13533604
0.24423327
-0.24374759
-0.63091177
-0.76685351
-0.84764737
-0.27668521
-0.36929536
-0.36313054
-0.41819498
-1.04525983
-0.10775872
-0.04272014
-1.45905185
-0.73758769
-0.70458066
0.06718884
0.14218780
-0.41051239
-1.17109740
-0.93552351
-0.82819378
-0.46034458
-0.10018975
-0.40275571
-0.88450807
-0.50003916
-0.31260404
-0.36601540
0.22523707
0.43903261
-0.11143304
-0.23883818
-0.92411238
0.02197843
-0.41813928
-0.34207270
-0.65724730
-0.18708491
-0.27336389
-0.52430034
0.06385908
-0.82009608
-0.52329087
-0.33361125
0.21211170
-0.81666058
-1.54146457
-0.53211057
-0.40125981
-0.36323687
-0.05214823
0.23635823
-0.69745833
-0.52872849
-0.67054898
-0.28139719
0.06711218
-0.86156398
-0.26346409
-1.42355299
-0.89571977
-0.66355860
-0.11130353
-0.45577982
-0.50487667
-0.12266570
-1.09783351
-0.16571243
0.14156276
0.09061913
-0.15229310
-0.50710934
-0.20917165
-0.45962927
-0.22835018
0.06185374
0.18842797
-0.89927369
-0.42140311
-0.55540186
0.08653166
-0.07940023
-0.75010955
0.16026410
-0.63272303
-0.96212399
-0.44492781
-0.15835710
-0.85578460
-0.95987225
-1.39556742
-0.35364863
-0.17656846
0.18152000
-0.16566068
-1.10267496
-1.41773129
-0.57678241
0.24153510
-0.54441833
-0.20773681
-1.05319691
-0.44086289
0.06588480
-0.26482689
-0.09510364
-0.65465766
-0.14257401
-0.18514997
-0.11771935
-0.85676932
-0.39765400
-1.31586707
-0.45688802
-0.58902472
-0.32948717
-0.85733128
-0.89078355
-0.10551076
-0.78870821
0.07576922
-1.08640873
-0.91999906
-0.38956755
-0.16256146
-0.26509091
-0.48211768
0.42508632
-1.62602282
-0.42558149
-0.11241271
-0.98652983
-0.57306403
0.01637888
-0.05047097
-0.29618853
-0.75684857
-0.42664909
-0.73090720
-0.00639997
-0.45095262
-0.04865798
0.19400336
-0.01852070
-1.07510555
-0.28400543
-0.12644625
-0.19742791
0.29152751
-0.90637261
-0.50175250
-0.94983631
-0.32875523
-0.29543021
-0.61860633
-0.38175339
-0.27925012
2.53356719
-1.00874388
-0.42555144
0.19827412
-1.37998712
-0.68601668
-0.24628213
-0.62676001
-0.09790914
-0.63789928
-0.29001969
-1.11711121
0.13943334
-0.65585268
0.08207881
-0.49669391
-0.35213205
-0.54411495
0.12403885
-0.38843477
-0.91756791
-0.00079747
-0.30346379
-0.64177489
-0.67055571
-0.21762249
-0.24306384
-0.67950010
-0.74783820
-0.52516723
-0.56175613
-0.02578460
-0.12206222
0.13293879
-0.58618605
-0.37786674
-0.26158109
-0.29282612
-0.16239612
-0.50499403
-0.29728088
-0.19413526
-0.78885680
-1.00425363
0.14002833
-1.60153437
-0.40119162
-0.56952685
-0.86372381
-0.12521859
-0.14182380
-0.81614089
-0.35198963
-0.30815014
-0.16565378
-0.46521628
-2.01830029
-1.25342190
-0.44870335
0.84977061
0.05434649
-0.45632342
-0.72765458
-0.06711494
-0.90568304
-0.21365461
-1.12399387
-0.11739225
-0.50988185
-0.42661205
-1.09384608
0.12810473
-0.10354017
-0.24147743
-0.43885580
-0.09801903
0.68940514
0.25913399
-1.01944435
-0.66228020
-0.47855821
-0.23234364
-0.81693244
-1.80839789
-0.10025432
-0.28246215
-0.23654571
0.20738386
-0.07039580
-0.32069099
-0.37860414
-0.08261859
-1.04095650
-0.67133385
-0.55218220
-0.17524856
-0.67324209
-0.10331199
-0.30527890
-0.41258559
-1.08099473
-0.42228514
-0.77158570
-0.62138593
-0.40682516
0.05737526
-0.19385058
0.20932947
0.35688788
-0.88090098
-0.15162978
-0.13706583
-0.73745674
-0.49527463
-0.41519362
-0.00998183
-0.49339390
0.20063177
0.05063203
-0.13838130
-0.23148564
-0.85158718
-0.10106324
0.04666502
-0.18565573
-0.02418587
-0.94661856
-0.33364961
-0.12099388
-0.08665140
-0.07100578
-0.48913437
-0.66856772
-0.75014997
0.14471316
-1.26070476
-0.44206801
-0.15688314
-0.52248836
-0.75817162
-0.24888055
-0.04910285
0.10371443
-1.19983566
0.29381105
-1.10561264
0.09300624
-0.33820236
-0.04861904
-0.58732855
-0.30336848
-0.93812144
0.25796327
-0.23161635
-0.40768373
0.32821089
-0.30875039
-0.14991210
-0.84875435
-0.35169873
-0.95425373
-0.48556638
-1.49538422
0.25218451
-0.63066036
0.28494096
-0.24256946
-0.92391616
-0.52452207
-0.81539553
-0.44728026
0.08197865
-0.62629598
-0.61517274
-0.63680547
-0.26574796
-0.39944416
-0.40176037
-1.12595916
-0.04986425
-0.44466075
0.22695692
-0.05014059
0.00424735
-0.65423352
0.25796723
-0.42583463
-1.15798390
0.08632518
0.00492494
0.34966111
0.25155151
-0.15260506
-0.63554621
-0.39078268
-0.53771448
-1.56835258
-0.22107780
-0.23505130
-1.01648915
-0.83316743
-0.39225152
-0.47769606
-0.14653935
-2.04748368
-0.08120961
0.30218935
-0.86301363
-0.40446752
-1.00190067
-0.55068588
-0.36431289
-0.19457635
-0.16004907
-0.80125207
-1.06817591
-1.10959470
-0.07682278
-0.52744341
-0.63745409
-0.76750737
-0.37278694
-0.30356610
-0.40210381
0.36920905
-0.45054677
-0.04392460
-0.69589049
-0.29548115
-0.38015416
-0.38120130
-0.29453236
-0.41035149
0.21934156
-0.51350760
0.51074928
-1.22116792
-0.04026302
-1.03437781
-1.02806520
-0.34854251
-0.74303973
0.03248287
-0.26439172
-0.67402411
-0.56014657
-0.62079632
-0.65560520
-0.35886499
-0.44750446
-1.44837213
0.26734897
-0.72311145
-0.75404310
-0.79276603
-0.00723574
-0.43579456
-0.20476572
-0.05254525
-0.37576962
-0.08729070
-1.23299980
-0.93620592
-0.85558003
-0.66263908
-0.45620480
-0.92159724
0.02780703
-0.74871713
-0.15069064
0.18905346
-0.42832103
-0.16627698
-0.45042863
-0.39089102
-0.08680394
0.27339703
-0.22169207
-0.37068817
0.28692752
-0.42495337
-0.59880263
-0.05399398
0.10329915
-0.92684615
-0.68996656
-0.00127463
-1.03724086
-0.17143689
-0.72802311
0.21390948
-0.65711319
-0.33619988
-0.02270245
-0.12351989
0.02321374
0.31393051
-0.38798979
-0.60266459
-0.12795028
-0.26602158
-0.78384137
-0.66290939
0.17177783
-0.64332289
-0.42222586
-0.25852424
-0.43053919
-0.50849015
-0.64856392
-1.48995721
-1.74326336
-1.25305271
0.25665092
-0.57019377
-1.15094614
0.22569016
-0.62880039
-0.65988934
-0.37820712
-0.33665442
-0.80375284
-0.47548491
-0.11497752
-0.00632436
-1.57981026
-0.45345342
-0.18944439
-0.01676000
0.06525689
-0.38276500
-0.08296029
-1.04687488
-0.47436720
0.09627280
0.13119091
-0.10518296
-0.80220199
0.65478301
-0.07796470
0.15424401
-0.93741596
0.76345569
-0.28789431
0.10602583
-0.20594686
-0.10996430
-0.24299654
0.27533638
-0.31864432
0.00527392
-0.67547184
-0.12423725
-0.31611452
-0.59903514
-0.54689968
-0.24750167
-0.34355906
-0.24254721
0.22314978
-0.16129991
0.17501222
-0.70496410
0.28716680
-0.76280123
-1.09257650
-0.07499097
-0.34731877
-0.52298272
-0.79923940
-0.60065693
-1.12480271
-0.28538451
-0.18523774
-0.40565178
-0.58447492
-0.20388381
-0.56447679
0.55793506
-0.60839593
-0.27804455
-0.88525075
-0.32894006
-1.12242460
-0.40748379
-0.98985237
-0.44747141
-0.05776924
-0.16041169
-0.83050257
0.16500834
-0.68243766
-0.64679915
-0.74253386
0.06249299
-0.57079333
-1.30581987
0.71928740
-1.01415205
0.10642305
0.06464913
0.02987272
0.43674490
-0.00379964
-0.20299113
-0.19139747
-1.53160381
-0.08343256
-0.42535177
-0.51099730
0.11736997
0.42820406
-0.17704083
-0.96798372
0.17260386
-0.09719282
-0.31020156
-1.77534592
-0.59868276
0.45928988
-0.31171194
-1.00484383
-1.40440679
-0.56314582
-0.88796371
0.11534070
0.13369346
-0.75017542
-0.37599471
-0.63752359
-0.84601349
0.31437317
-0.88183206
-0.11842218
-0.43111932
-0.78370196
-0.40791920
-0.94809335
-0.28390041
-0.22590552
-0.27007329
-1.20613384
0.23789617
0.25907055
-0.32168740
-0.58451962
-0.51781428
-1.13105774
-0.51211536
-1.03283918
-0.54890132
-0.86967653
-0.47394899
-1.54941535
-0.89289182
0.29016408
-1.21083498
-0.38856491
-0.05065545
-0.45328155
-0.11875217
0.16249332
-0.46750474
0.19682179
-0.42879418
-0.17749916
-0.44510829
0.03722161
-0.32887763
-0.71238244
-0.66095132
0.31394225
-0.43942198
0.11578068
-1.21796727
-1.36337006
-0.43015504
-0.33321491
-0.18260436
0.11359629
-0.10165314
0.05308100
0.22545493
-0.83784026
-0.47323319
-0.45240322
-0.27985448
-0.70011300
-0.88251698
-0.54360664
-0.23791651
-0.08569301
0.27064708
-0.45740509
-0.54570466
-0.12088107
-0.36030704
-0.40057534
-0.31546766
-0.82626390
-0.09705555
-0.22250012
-0.12009701
-0.07112224
-1.05976963
-0.33534557
-0.62576151
-0.77878487
-0.38769430
0.14472820
-0.20616131
-0.26327181
-0.32924551
-0.76070583
-0.55787158
0.15497179
0.21462691
-0.88278615
-0.49243280
-0.71517098
-0.98950648
0.13907075
-0.08217789
0.48170549
-0.48548445
0.10137644
0.23852554
-0.34665084
-0.55353695
0.39571697
0.04355138
0.11475739
-0.49561980
-0.44953579
-0.11501984
-0.05715177
-0.30752486
-1.47880828
-0.87755251
-0.92042077
-0.56853288
-0.90819412
-0.49506080
-0.61726320
-0.49212503
0.26870024
0.13306029
-0.55431867
0.17865908
-0.40541929
-1.23120332
-0.25918457
-0.05053458
-0.54524803
-1.33362424
-0.25301433
-0.17361613
-0.17352185
-0.33016506
-0.71835077
-0.53946042
-1.25754178
-0.54622942
-0.65261763
-0.29781151
-0.75236231
-0.07376742
-0.22456796
-0.65905428
-0.32033259
-0.26608896
-0.78710628
-0.57999194
0.24577004
-0.43684813
0.11505252
-0.21314369
-0.43022141
0.01218622
-0.76073062
-0.36215568
-0.87044024
0.20888042
-0.12499227
-0.24757013
-0.56997114
-0.14292797
0.32588792
-0.68195003
-1.24859285
-0.24352424
-0.80239344
-0.24074692
-0.15748326
-0.54419792
-0.24010231
0.32218659
-0.37923044
-0.73741060
0.03041399
0.11683126
-0.36166731
-0.38718179
0.43740076
-0.13191631
0.08712505
-0.23804060
-0.77162957
-0.49176055
-0.98085952
0.17653576
-0.29956928
-0.40701950
-0.38033912
-0.25660235
-1.85300469
-0.09011475
-0.37066001
0.07723745
-0.97348034
-0.24503715
-1.82079983
-0.35252070
-0.05717856
-1.16687417
-0.47891513
-0.08834271
-0.31518707
0.25295201
-0.21965820
-1.05369115
-0.39119816
-0.58506209
-1.39142799
-0.54740673
-0.21105176
-0.11472425
-0.84558463
-0.25820124
-1.47235668
-0.12684326
1.18505716
-0.72239262
