-1.55194816
-0.65453398
-0.92887421
-1.04044683
0.31342255
-0.53600014
-1.79760400
-0.84876779
-1.22159727
-0.30430499
-1.51496486
-0.77294536
-0.05128481
-0.77369459
-0.51082921
-1.06958966
-1.14797526
-0.46616514
-0.40183988
-1.44026050
-1.04811415
-0.37320074
-0.37603293
-1.50663615
-0.71892074
-0.64836862
-1.08347335
-1.07620753
1.00955917
-1.48983209
0.09495635
0.42089178
-1.09494408
-1.15838681
-1.27473586
-1.43729942
-0.16135629
-0.58243891
-1.36976071
-1.65592731
-0.64312567
-0.11069289
-1.03748265
0.95118225
-1.58366663
-0.33231467
-1.31732815
-1.03850490
-1.70026882
-0.52280911
-0.36450285
-0.83493422
-0.37509335
-0.43302867
-0.00394813
0.14376606
-0.18665347
0.43398967
-0.85829640
-1.64174597
-1.23055704
-0.56732737
0.03541011
-1.60418173
-2.01040307
0.18143121
-0.04766704
-1.16223019
-1.27814132
-1.49666284
-0.82753864
-1.31242324
0.36789643
-1.46948777
-1.09875737
-0.11403225
-0.28906845
-0.50760585
-1.14047311
-1.02042760
-1.05172106
-1.89806344
0.21286070
-0.75264044
-1.02195060
-0.87403788
-0.56836038
-1.12489444
-1.34641513
-1.23183121
-1.02862194
-0.76790479
-0.92716774
-1.10583549
-0.04121452
-0.51441096
-0.56669906
-0.12343255
-1.00909038
-0.88376914
-0.51153600
-0.97131174
-0.52504414
0.13599561
-0.66970440
-0.80930307
-1.13789811
-0.89518768
-1.61369296
-0.03006570
-1.05331957
-0.20258966
-1.07900930
-0.90997660
-1.63594256
-0.32685719
0.52647956
-0.17471329
-1.09898966
-1.80008327
-0.53903512
1.41166306
-0.91644647
-1.71265312
-0.45141433
-2.00390723
-1.04222520
-0.85798133
-1.00738012
-0.84846209
-2.57861970
-1.61226514
-1.18290894
0.13376288
-0.66811120
-1.41395437
-1.96508424
-1.80280280
0.12374694
-0.28407569
-0.73994248
-1.25655404
0.01310165
-1.61499293
-0.32848331
0.74809554
-0.43241597
-0.94018056
-1.49061377
-0.97014246
-0.77043888
-1.05720615
-0.81505021
-0.24967241
-1.15425801
-0.28566692
-0.96264564
-0.48535284
0.67157174
-1.17624878
-0.95784175
-0.31697875
-1.31910023
-0.85867194
-0.33952319
-1.41850388
-0.01498016
-1.17720542
-1.26207414
-1.02572018
-1.31701154
-0.36296966
0.12542861
-0.45588956
-0.91602625
-0.47734578
-1.33670121
-1.17500185
-0.90707698
-0.21932353
-1.71551485
-1.14763356
-0.59060412
-0.46667371
-0.70649676
-0.92082048
-0.28703064
-1.26326669
-0.26257115
-0.80137085
-0.74154682
-0.98385108
-0.39781680
-1.98469273
0.28513261
-0.04076037
-0.49013616
-0.24045804
-1.28026502
-0.50281014
-0.81503938
-1.00466649
-1.07198391
-1.13339970
-0.85298345
-1.19271717
0.40735492
-1.73858579
-0.65927842
-0.02563960
-0.83868649
-1.61096212
0.05789169
-0.66911941
-1.23957716
-0.20830632
-0.46818298
-0.41977329
-0.50203703
-0.77052596
-0.53519823
-0.44454293
0.79958496
-1.29822082
0.08305928
-1.74885686
-1.47534764
0.23384878
-1.24064819
0.28037629
-0.82387957
-0.96451004
-0.65767098
-1.99975358
-1.15414889
-0.68286159
-1.18459788
-0.97322013
-1.08830189
-0.51728960
-0.89227793
-1.22558228
0.02944311
-0.96646353
-0.05838109
-1.38395484
-1.04785063
-1.20203219
-0.98567670
-1.16561616
-0.45063633
-0.67663246
-1.40913769
-0.99152376
-1.31865113
-0.79925541
-1.44798309
-0.12359228
-0.32739815
-1.07529747
-0.11063611
0.36922323
-0.92138856
0.67377729
-1.04387322
-0.77826912
-1.62731623
-2.36172703
-1.69398443
-1.52811985
-0.44564264
-0.73857819
-1.80616371
-0.97853286
-0.54456522
0.08212223
-1.14908866
-1.08186822
-0.60655881
0.24688511
1.18637326
-0.84033658
-0.30357787
1.10198635
0.09941776
-1.01303605
-0.66281080
-1.24008951
-0.30417923
-0.64446884
-1.20991920
-0.80151637
-1.09766525
-0.94878348
-0.12899930
-0.72181207
-0.82920700
-1.21817032
-0.36491419
-1.80826502
-0.57029272
-0.10896942
-1.06033000
-1.44426432
-0.20082778
0.67459147
-1.33983072
-0.68345083
0.24122216
-1.19213793
-1.89665390
0.52068209
0.36453048
-1.74305171
-0.04701740
-1.57368816
-0.57504816
-1.85494049
-1.19601843
-0.72132315
-1.32869561
-0.35072575
-1.21445248
-1.26986779
0.29273451
-1.46013475
0.25875975
-1.20887847
-0.51840930
-0.80251582
-1.12212602
-1.53412230
-0.71692769
-1.53227612
-1.05721329
-1.39323488
-1.49039979
-0.81826493
-0.76393484
-0.71089112
-0.17607246
-0.35966048
-0.41496419
-0.07205789
-0.38190055
-0.36860737
-0.80569067
-0.97040367
-1.10725692
-0.54271862
-0.89486465
-0.80503588
-0.14012293
-0.96335052
-1.05784632
-0.81995416
-0.04744469
-2.08479727
-0.20113537
-1.25986462
-1.01840173
-1.39143590
-0.11198157
-0.90956117
-1.15325722
-0.81454662
-1.87994859
-1.53336962
-0.97520186
-1.64891785
-0.75725352
-0.83727630
-0.83190282
-0.58967495
-1.03478424
-1.14019144
0.16570736
-1.20436930
-1.11928693
-0.62924528
-0.18149858
-0.76216455
-0.40719924
-1.60302607
-1.16162706
-1.63572768
-1.01936798
-0.64569473
-0.55160524
-0.88911753
-1.09892298
-1.37691667
-1.91197391
-1.03299162
-1.38980610
-1.41080071
-0.66223307
-0.25249029
-0.58050203
-0.61136609
-0.30123540
-1.35415478
-1.19847967
-1.34983506
-1.16463278
-0.20461518
-1.50726710
-0.39968539
0.66662724
-1.29108157
-1.54125916
-1.34642157
-1.27036591
-1.13337285
-1.37429197
1.35963979
-0.96980615
-0.16725178
-1.54273651
-0.49478725
-1.08642781
-1.14372976
-0.67442912
-0.94141539
-1.56676030
-1.92896404
-1.18907820
-1.61952079
0.21364388
-1.80115576
-0.58095329
-1.43695557
-1.40833149
-1.43780387
-2.06061572
-1.71625253
-1.16188497
-1.26347700
0.55442923
0.09649055
0.06360006
-0.78753946
0.13327294
-1.02247942
-0.79112068
-0.72741194
-1.06853552
-1.04325805
-1.26315404
-1.01131393
-1.44093195
-1.34486780
-0.75480717
0.27540512
0.14998811
0.59450456
-0.33310796
-0.69749433
0.10201448
-1.13755883
-1.58637481
-0.29512008
-0.57354478
-1.09299290
-1.16923850
-1.53101741
-0.82072170
0.83131991
-1.88866468
-1.35875090
-1.23834495
-1.39571421
-1.76626175
-0.81954619
-0.62298155
0.64823674
-0.42735727
-1.91451596
-0.44171484
-1.24722324
-0.66449441
-0.39545371
-0.98443366
-0.81650114
-1.47577496
-1.17719052
-1.12172292
-1.27905342
-1.03653784
-0.61987529
-0.20550298
0.11899703
-0.78009814
-0.24755157
0.49224634
-1.01598067
-0.99559665
-0.70832957
-0.13337036
-1.01729755
-0.54590527
-1.34181827
0.59449539
-2.20864406
-1.22563310
1.74229979
-1.44714753
-2.11961608
-1.43861430
-1.18350443
-0.47558428
-0.77905976
-0.02466414
-1.90599649
-1.67966068
-1.25944321
-1.57495459
-0.96175418
-0.36120555
-0.21078673
-1.78273110
-0.08759422
-0.63935405
-0.39476072
-0.86816492
-1.69967675
-1.34423043
-0.43837949
0.19497771
-1.02642933
-1.83907941
-1.05458749
0.03400338
-1.21598418
-1.53370175
-0.43435943
-1.55788023
-0.26361177
-0.98253319
-2.75072704
-1.12132465
-1.21139590
-1.04556499
-1.07526428
0.68076224
-0.48625018
-2.11540287
-1.13469039
-0.68159136
-1.27861180
-1.13265484
-0.39604721
-0.35553938
-0.96160344
-0.03529070
-0.19896657
-1.05369201
-0.86399275
-0.11752162
-0.70116276
-1.24083262
-1.29599744
-1.02711943
-0.69483111
-0.33519513
0.13383315
0.06054386
-0.69240853
-0.06753012
-1.09867056
-1.21117811
0.17851118
-1.19270218
-1.56824499
-0.74052547
-1.64235561
-1.01965943
-1.38008721
0.12666067
-0.86970254
0.19217743
-0.22829870
-0.07717158
-0.57925820
-0.01914821
-1.60122939
-0.90480239
0.35863861
0.13368381
-0.95064843
-0.77181229
-0.51840548
-0.86910884
-1.45221711
-0.37931947
-0.82035601
-0.82590101
-0.78487432
0.18127120
-0.88731185
-1.34733093
-0.98597728
0.21968970
-0.87843219
0.68532053
-0.01229571
0.25570191
-1.54418906
0.02100290
-0.00269484
-1.50629670
-0.53176664
-2.13746133
-0.68608036
-0.41708193
-1.13820231
-0.13206500
-1.14522568
-1.01259066
-0.76726140
-0.20632898
-1.24625170
-1.25413323
-0.79741673
-0.66688179
-0.06364940
-0.54794332
-1.36094645
-1.40434413
0.42494881
-1.12500630
-0.39751884
-1.09972183
-0.83695275
-0.74438925
0.04298560
0.11883151
-0.12453711
-1.40252170
-1.70269514
-0.96983751
-0.42289553
-0.47160785
-0.48244241
-1.15175867
-0.90604706
-1.50963792
-1.06123455
0.26768132
0.06322256
-0.29705642
-0.94869685
-1.39423278
-0.94470282
-0.82656920
-1.02961004
-1.68149922
-1.42267079
0.08357369
0.32095971
-0.75219234
-0.37226468
-1.10734236
-1.65158579
-0.85782784
0.60438078
-1.69441431
-1.45379713
-0.87574236
-0.65831057
-1.36219021
-1.09911527
0.31754718
-1.13315441
-1.48331151
-0.14758921
-0.70399699
-0.46992243
-1.28690361
-0.81097405
-1.22476993
0.03249240
-0.49735088
-0.55116956
-1.27526859
-0.06861720
-0.95030663
-0.74248404
-1.60905670
-1.78176956
-0.99948446
-0.77964863
-0.48476571
-1.08577326
-1.07525500
-0.07174709
-0.39044366
-0.77296468
-0.64542745
-1.90019220
-1.47020627
-1.78806085
-1.41750750
0.39533430
-0.72132678
-1.02623999
-1.54191261
-0.84655622
-1.30087558
-0.68569592
-0.55385467
-1.10577293
-1.00696859
-0.65512979
-0.72721648
-1.63855207
0.23469384
0.00047689
-1.30430968
0.12712244
-1.50148012
-0.77875896
-0.63326642
0.02613091
-0.63238376
0.04184058
-0.47841291
-2.11797531
-0.62301960
-0.29847355
-1.70109846
-1.29930107
-0.73602155
-1.64747119
-0.91337452
-1.12822603
0.56812864
-0.83078328
-1.23815571
-1.48517801
-0.70657388
0.37425337
-0.50494719
-1.60805885
0.75182772
-0.69372792
-0.46589360
-0.44665210
-0.67106838
-1.12859185
-0.83438374
-0.89356028
-1.25730633
-1.29227985
-1.20738872
-1.27369984
-0.19196916
-1.88296849
0.01422403
-1.32870065
-1.09984868
-0.61282765
-0.77272270
0.39787454
-0.96566020
-0.32577076
0.02203885
-1.50094606
-0.15822842
0.08044513
-0.48260932
0.42686409
-1.30278293
-1.42475876
0.24507405
-1.84979946
-1.22255578
-0.23389951
-0.98546673
0.57460234
-1.59825484
-0.41625743
-0.71617579
0.03257697
-1.41276778
-0.45629363
-1.33447844
0.35551830
-1.12104571
-1.17000233
-0.75178887
0.12556218
-1.09508170
0.13452028
-0.94518657
-0.71683881
-1.32013913
-0.85337364
0.43829926
-1.19497886
-1.41412640
-1.13532932
-0.56497068
0.03964822
-0.78930906
-0.16500684
-1.25266047
0.13843843
-0.61992066
-0.49337281
-0.74354734
-0.39597118
-0.72550578
-1.10161486
-0.99402261
1.83016462
0.08942874
-1.35825460
-1.83344201
-0.28357673
-0.29551574
-1.24920224
-1.27119079
0.30934873
-0.38265133
-0.90970605
-1.25926055
-1.08786910
-1.50836512
-0.84494249
-0.73636667
-1.01933261
-2.07637869
-1.37871173
-1.02518581
-0.54916871
-0.30359188
-0.20833060
-0.76447668
-0.66914998
-1.47558165
-1.32273593
-0.57662049
-0.15204942
-1.19666508
-1.76578634
-0.16390866
-1.01212425
-1.95061009
-0.42486380
-0.84919166
-1.40262819
-1.18356370
0.03331425
-1.52107471
0.32048744
-0.20678145
-1.54514546
-0.18272349
-0.15130006
0.95765071
-0.89070035
-0.82969012
-0.01036370
-0.02993052
-0.26231773
-1.44463755
-1.32652699
-0.74091900
-0.73105461
-1.37934152
0.01203354
-1.39944305
-1.22095385
2.02423125
-1.81968831
-1.57732252
-0.57360046
-1.28855407
0.46731167
0.18022492
-0.24726049
0.41788673
-1.73678432
-0.47513505
-1.27068877
-2.05383111
-0.15290654
0.18475171
-1.52027959
-1.24251145
-0.78589662
-0.13849468
-0.14014817
-0.64995571
-0.05600427
-0.28428333
-0.76787291
-1.61051372
0.50740592
-0.44104215
-1.98975161
-0.03680259
-1.16263513
-1.40791483
-1.28657963
-0.78627293
-0.54364227
-1.98794572
-0.94033204
-0.30494383
-1.12085439
-1.37823856
-0.86300400
-0.54777944
-0.87715665
0.20624116
-0.17220485
-0.63813757
-0.54852331
-1.15838831
-1.66982946
1.00071972
-0.94552930
0.13210140
-0.26720667
-0.01024350
-1.23119558
-1.19641754
-0.67442878
-2.00493579
-1.22614845
-1.09263619
-0.98703791
0.08256759
-1.91180224
-0.28394153
-1.02613887
-1.48263790
-0.36909149
-1.13324869
-0.59760589
-0.26075294
-1.04600677
-0.66644052
-1.03650368
-0.93066753
-0.92719627
-0.75480585
-1.19609727
-2.05433060
-1.18476983
-1.26029997
0.17731363
-0.41915484
-0.94615998
-0.04298985
-1.70099275
-1.56555591
-1.03279189
-1.76489413
-0.93017219
0.05180549
-0.99980489
-1.21936971
-0.19413621
-1.00094553
-0.88287128
0.14566614
-0.14574053
-0.93952465
-0.83064443
0.34148202
-0.68317010
-1.65135100
-1.13036658
0.10585837
-1.27464975
-1.18547013
-0.89959641
-0.05562515
-0.89421003
-0.24745100
-1.22994267
-1.12117011
-1.24921258
-0.78975975
-0.52773839
-0.42193845
-1.44599104
-0.85390630
0.11416807
-0.59288253
-1.98685440
-1.15026483
-0.19169136
-1.43595276
-0.85904457
0.02587422
-1.26177542
-1.60917897
-1.19176226
-0.77405093
-1.03925214
-0.66377059
-0.65052428
-1.58138397
-0.96894083
-1.44422762
-0.94407236
-1.31041766
-1.66640980
-0.28907143
-1.01680544
-1.19290769
-0.75526555
-0.85464952
-1.07444065
-0.19507472
-0.04353981
-0.35767384
-1.82941212
-0.87199586
-1.13576087
-1.39220043
-1.36742903
-1.42205462
-1.38205163
-0.84526219
-1.75835272
0.26862223
-1.30266728
-0.17509670
-0.75753223
-0.96907497
0.20328332
-1.08528821
-0.24487054
0.34720542
-1.28359148
-1.21106619
-0.09582397
0.19796475
0.09291146
-1.34745741
-1.38738103
-0.50896884
-0.65972491
-1.13844036
1.31526919
-0.27868545
-1.62411215
-0.49275564
-0.75701108
-1.55883218
-1.36022295
0.50266901
-0.91984711
0.57565172
-1.55767739
-1.96789221
-1.44049816
-0.58127845
-0.83790899
-1.46993993
-1.45612735
0.13403282
-0.70597298
0.49310315
-1.07176909
-0.89397821
-0.92235378
-1.71266389
-0.92245751
-0.97062054
-0.53977051
-0.42312443
-0.96266924
-1.32720438
-0.40189341
-0.37115329
-1.71974034
-1.35091500
-0.28028516
-0.59609566
-0.70924543
-0.74964239
-1.45876311
-1.57014312
-0.80382923
-0.62721427
-1.26464677
-0.91528979
-1.43482001
-1.14049437
0.21116012
-0.54391759
0.58478706
-1.05589419
-0.86360328
-1.03501998
-1.62488167
-0.64032334
-0.26712966
-2.05805635
-1.53590191
-0.26941120
0.01434135
-1.20070775
-2.00007697
-1.11364800
-1.22665667
-0.96328283
-0.77476519
1.32434798
-0.60650750
-2.02112243
-0.38148824
-1.21081667
-1.61166680
0.03428226
-0.94049798
-1.95099950
-0.60198526
-1.22574056
-0.05354677
-0.10589764
-0.99651072
-0.79931651
-0.11226216
-1.82605643
-1.04867389
-0.83469802
0.57784252
-0.73196650
-1.06362021
-0.69649718
1.10044431
-0.86946198
-1.65113134
-1.49853124
-1.26261717
-1.30926211
-1.17688757
-1.22188092
-1.00327089
-0.84944429
-0.40145037
-1.31666458
0.78189365
-0.81202578
-1.06086478
