-0.28340247
0.44561386
-0.04736447
-0.51034194
0.21283017
-0.14255729
0.33773017
-0.48300540
-0.29974931
0.70249432
-0.92219138
1.78402829
-0.56634557
0.02297528
1.19115877
0.58695275
-0.53017062
0.38732815
-0.61786652
0.21733700
0.09333446
0.31187528
0.18039893
0.35298011
-0.17894664
-0.25809819
0.22234172
0.05576656
-0.03306875
0.40096810
-0.08392905
0.50282854
-0.23837993
1.50236964
0.11030873
0.79426926
-0.32016438
0.37293383
-0.04435606
0.69340825
0.36143735
-0.48523659
0.08373545
0.53485113
-0.27888697
0.19411576
0.68008780
0.05481593
