-0.28125000
0.45312500
-0.04687500
-0.51562500
0.21875000
-0.14062500
0.34375000
-0.48437500
-0.29687500
0.70312500
-0.92187500
1.78125000
-0.56250000
0.01562500
1.18750000
0.59375000
-0.53125000
0.39062500
-0.62500000
0.21875000
0.09375000
0.31250000
0.18750000
0.35937500
-0.17187500
-0.26562500
0.21875000
0.06250000
-0.03125000
0.40625000
-0.07812500
0.50000000
-0.23437500
1.50000000
0.10937500
0.79687500
-0.31250000
0.37500000
-0.04687500
0.68750000
0.35937500
-0.48437500
0.07812500
0.53125000
-0.28125000
0.18750000
0.68750000
0.06250000
