-0.33234063
-0.70162475
-0.03638418
-0.09340624
0.09576358
-1.08865225
-0.39266843
0.46232849
-0.68373495
-0.11918109
-0.10991234
-0.40050122
-0.12080478
-0.48280752
-0.54860348
-0.90611392
-0.53987998
-0.79375261
-0.09537624
-0.37437591
-0.22827390
-0.32386467
-1.14489913
-0.70033020
-0.66518044
-0.09928010
-0.19833037
-1.08183002
-0.42204005
-0.21028644
-0.67669791
-1.35319710
-0.56405264
0.47329617
-0.58180940
-0.26877701
-1.08287096
-0.88974780
-0.18048234
-0.52238297
-0.88526744
-0.69974315
-0.16718151
-0.44978696
-0.27439800
-0.50816447
-0.95600522
-0.34478834
-1.40007675
-0.71917444
-0.43438801
-0.58231229
-0.22226961
-0.44120196
-0.73921472
0.00956188
-0.64559156
-0.61279929
-0.13902287
-0.83902514
-0.59403932
-0.68773776
-0.36282334
-0.22785878
-0.61882067
-0.46450844
-0.86954612
-0.45784780
-0.76449567
-0.67058194
-0.07977528
-0.42550614
-0.59091020
-0.54940033
-0.56286544
-0.34322470
-1.28169382
-0.40028912
-0.48444325
-1.57704222
0.25978824
-0.15920682
-0.47933036
0.07702307
-0.48529032
-0.78984761
-0.56037927
-0.61657596
-0.33988261
-0.03811142
-0.98992544
-0.67181814
-0.89534837
0.03890947
-0.61531651
-0.44576886
-0.07814965
-0.56941736
-0.86876005
-0.11655620
-0.51435155
-0.02365697
-0.78977162
-0.40645033
-0.91789871
-1.28421104
-0.69132799
-0.27821344
-0.39327043
-0.64535147
-0.77919644
-0.55990458
-0.25756127
-0.63703734
-0.41943550
-1.44305408
-0.80961484
-1.69971025
-0.50401843
-0.97415328
-0.42780268
-0.40412509
-0.11632942
-0.55866534
-0.34921408
-1.01810062
-0.18889934
-0.65744227
-0.51767147
-0.38632095
-0.36241326
-0.58874279
-0.74121618
-0.50972527
-0.90394670
0.22964595
-0.22228844
-0.43533608
-0.39979064
-0.18011406
-1.31261730
-0.30090266
0.38061538
-0.50795758
-0.99901736
-0.55125070
-0.52127856
0.06605710
-0.86579716
-0.23664789
0.15596877
-0.67182678
-0.34017381
0.34606811
-1.02723479
-0.80240166
-0.51175886
0.26453990
-0.08703746
-0.41453108
-0.89292657
-0.28310618
-1.23070335
-0.51146168
-0.50437009
-0.93966073
-0.41835326
-1.37478280
-0.37359214
-0.79905850
0.26097572
-0.71117264
-0.42671546
-1.17561734
-0.36140591
-0.78228170
-0.64910430
-0.99526727
-0.72352451
-0.07697284
-1.24410295
-0.99735463
-0.28653389
-0.63662434
-0.78222102
-0.63279551
-0.14734817
0.30158857
-0.89750862
-0.44398013
-0.86993974
-0.57891011
-0.15665320
-0.15164317
-0.35788265
-0.71174544
-0.66490364
-0.28285560
-0.68167043
-0.45594591
-0.88761163
0.02305609
-0.81901002
-1.25568330
-0.65179300
-0.82250202
-0.59746534
-0.41817752
-0.87340283
-0.01962948
-1.02340257
-0.69269794
-0.28905225
-1.90503442
-0.69857842
-0.30882555
-0.56256741
-0.58116502
-0.62137407
-0.59209603
-0.50378060
-0.63947523
-0.27559265
-0.95808673
-0.50097680
-0.41391376
-1.65556252
-0.16519083
-0.82173836
-0.59980309
-0.48869455
0.24969511
-0.26354629
-0.03369747
-1.02302516
-0.36777559
-0.88283008
-0.54770690
-0.55502415
-0.63103157
-0.87803334
-0.02175531
-0.05706494
-0.19995117
0.34239808
-0.54100209
-0.12524025
-0.58264351
-0.19595233
0.22013196
-0.56547672
-0.87413633
-0.22029004
-0.29992911
-0.86138397
-0.38401538
-0.80899072
-1.16673541
-0.29749101
-0.46428216
-0.37813121
-0.03468041
-0.68228638
-0.14126870
-0.28915164
-0.45589355
-0.36876348
-0.46950468
-0.15262049
-0.51597518
-0.23962267
-0.19397227
0.06545971
0.03521505
-0.09406363
-0.61747038
0.56719643
-0.62285030
-1.60392380
-0.35775807
-1.04200923
-0.56623656
0.09295823
-0.37612122
-0.78752238
-0.58823085
0.34590623
0.14926353
-0.24934581
-0.37817606
-0.41499284
0.00176714
-0.64723986
-0.71560079
-0.48288205
-0.60716432
-0.69641906
-0.21756974
-0.84310710
-0.64630842
-0.28575248
-0.86024868
-0.90365022
-0.35736257
-0.60126400
-1.41031647
-0.13903233
-0.34759045
-0.42842939
-1.28817225
0.04032546
-0.26492044
-1.29368651
-0.47011131
0.07683970
-0.75250101
-0.52229047
-0.54151827
-1.32330620
-0.54489142
-0.34689277
-0.97473377
-0.25501177
-1.31327081
-1.22638249
-0.63621140
0.13322413
-0.76714259
-0.47855535
-0.96371663
-0.46296230
-0.80343324
-0.35336015
-0.78487754
-0.30691054
-0.20922230
-0.16315362
-1.12390792
-0.26559573
-0.63655174
-0.77623647
-0.78781247
-0.49316865
-0.22314945
-0.63598239
-0.30452144
-0.44970852
-0.59492677
-0.29728290
-0.85100472
-0.49187991
-0.74154460
-0.86480343
-1.14036369
-1.38893402
-0.55727887
-0.05803852
-0.70206237
-0.32942221
-0.27386743
-0.45998392
-0.53535575
-0.81722051
-0.41771388
-0.04858962
-0.34455043
-0.34835562
-0.43781585
-0.56712645
0.43970865
-0.64376438
-1.38873374
-0.43199760
0.93614864
-0.37747201
-0.02275406
-1.55403113
-1.32191026
-1.11658597
-0.59887463
-0.38109395
-0.69158864
0.41576660
-0.35166606
-1.62761307
-0.58760130
-0.15006009
-0.80337501
-0.59324461
0.04449774
-0.60384285
-0.38933781
-1.01566553
-0.65765214
-0.66036719
-0.63673931
-0.28687832
-0.32315570
-0.60553080
-0.73990786
-1.38103974
-0.59691197
-0.10389711
-0.26130006
-0.46026817
-0.48288277
-0.62484545
-0.67599714
0.38873303
0.31948915
-1.38135314
-0.33038318
-0.19645663
-0.56480861
-0.41401181
-0.37185469
-0.09562840
-1.51070273
-0.29029787
-0.36419490
-0.89931154
-0.52145106
-0.09780922
-0.49705040
-0.49861100
-0.01700553
0.67577720
-0.62267536
-1.09718227
-0.71191698
0.06579707
-0.64742595
-0.38979745
-0.91998529
-1.40333259
-0.53959888
-0.39549750
-0.45128414
-0.17230734
-0.70999330
-0.42825535
-1.07950974
-0.49431813
-0.35234740
-0.60285443
-0.31664050
0.22345205
0.02037396
-0.82211190
-0.66661638
-0.45608836
-0.70786178
-0.64697301
-0.71940184
-0.07960551
-0.07451049
-0.71600813
0.05847167
-0.88335937
-0.26711449
-1.00467134
-0.67890871
-0.85976607
-0.75398254
-0.49639288
0.37158483
-0.40293047
-0.35161030
-0.16112785
-0.43484625
-0.47038901
-0.82095349
0.36373171
-1.03907216
-0.71782702
-1.24442172
-0.15885158
-0.09175260
-0.83893734
-0.39052132
-0.56688970
-0.57809597
-1.20319772
-0.35061386
-0.47705337
-0.56436759
-0.23303585
-0.08880234
-1.04678094
-0.09423569
-0.57854199
-0.15742598
-0.64716756
-0.77927881
-0.58971018
-0.34812558
-0.46632797
-0.39614180
-0.32599112
-0.55210155
-0.74326217
-1.07815218
-0.97090489
-0.50229657
-0.44399342
-0.82489693
-0.73283964
-0.41882202
-0.56606662
-0.09197360
-0.55965704
-0.16182475
-0.61389732
-0.44442490
-0.71853250
-0.50616461
-0.40846705
-0.85523349
0.09374823
-0.89382172
-0.33516657
-0.60733742
-1.04146016
-0.46718746
0.38426316
-0.34334016
-0.48786756
-0.40740243
-0.20816161
-1.77525818
-0.72852266
-0.27634513
-0.57237834
-0.24996029
-0.31271383
-0.42605460
-0.86972874
-0.25013718
-0.43437156
-0.27203861
-0.44905421
-0.34970018
-1.28794181
-0.77346814
-0.84019262
-1.07910502
-0.74508923
-0.62303644
-0.25626907
-0.32615629
-1.06219459
-0.32989344
-0.47352460
-0.85571599
-0.30143476
-0.28390270
0.02920463
-0.36531922
-0.38062122
-0.78757071
-0.23250031
-0.17627792
-1.57326090
-1.14401519
-0.96714592
-1.30747688
-0.65525609
-0.73216039
-0.39247656
-0.34556007
-0.64297175
-0.42851722
-0.13974445
-0.21706606
-0.45603412
-0.36589009
-0.53173125
-0.36649114
-0.10015370
-0.29524648
-0.60236454
-0.63032198
-0.41262227
0.23021747
-0.46042180
-0.79101014
-0.13963263
-0.58033431
-1.65085018
-0.21036932
-0.44387117
-0.68196905
-0.92849326
-1.32499397
-0.50752425
-0.53921628
0.64749390
0.03339471
-1.00916469
-0.02057728
-0.28937253
-0.10805114
-0.67810398
-0.36727169
0.10220407
-0.31398225
-0.24344659
-0.56412077
-0.40042090
-0.40780401
-0.74185318
-0.48877138
-0.48743075
-0.52580082
-0.96308649
-0.58203429
-0.74409097
-0.94512361
-0.78077310
-0.35068020
-0.46060976
-0.78012896
-0.48820415
-1.77940071
0.09947288
-0.25213468
-0.39005971
-0.63178986
-0.84800351
-0.93045980
-1.45526028
-0.68945611
-0.51465172
-1.23693669
-0.52330792
-0.37650105
-0.47199711
-1.13448811
-1.40300977
-0.78817475
-0.69301963
0.14251439
-0.11897293
-0.42945451
-0.58213776
-0.32992789
-0.13332246
-0.21656831
-0.52824926
-0.44562143
-0.49423277
-0.30524170
-0.37180549
-0.09450189
-0.78099114
-0.59245044
-0.58648241
-0.51867783
-0.94049877
-0.91609865
-0.69130737
-0.37333983
-0.48409447
-0.47376943
-1.02792013
-0.38235182
-0.69436729
0.10606559
-0.27118418
-0.31341374
-0.45678732
-0.92411888
-0.89403081
-0.24665821
-0.44487479
-0.18296853
0.08985905
-0.91682428
-0.54331994
-0.66777653
-0.43979949
-0.66947359
-0.10370293
-0.43999887
-0.44337732
-0.50272489
-0.61181694
-0.18380280
-0.35348496
-0.65869850
-0.78563040
-0.91757900
-0.48901874
-1.08346760
-0.60071766
-0.15600067
-0.51891810
-0.21378452
-1.16590559
-0.81264853
-0.71946114
0.27870777
-0.54314858
-0.59876359
-0.57540751
-0.62167418
-0.48226649
-0.13613342
-0.61598116
-0.82627839
-0.15127590
-1.49325812
-0.64368069
0.08700647
-0.94598043
-0.39417708
-0.49650192
-0.89975488
-0.33141261
-0.39714888
-0.50612664
-0.66263157
-0.37583318
-0.75985891
-0.67013228
-0.11087753
-0.07952072
-0.07619226
-0.42813912
-0.85098755
-0.66811597
-0.76289511
-0.07947377
0.53535885
-0.48981014
-0.35523930
0.22285911
-0.75187856
-0.85003769
-0.77062714
-0.55558550
-0.32849896
-0.34645009
-0.43140095
0.12023217
0.23652090
-0.45621443
-0.45316434
-0.47450918
-1.14087415
-0.67536914
-0.82792252
-0.14319421
-0.06594401
-0.54962867
-0.73015910
-0.65136999
-0.69724005
-0.67580718
-0.47691464
-0.97054672
-0.42045584
-1.04283619
-0.60100579
-0.89712393
-1.49354315
-0.14549892
-0.11782576
-0.70923787
0.14502987
-0.62039286
-0.41184872
-0.55347723
-0.70393699
-0.00981743
0.14234130
-0.29407871
0.07128884
-0.91671252
-0.56269604
-0.69811893
-0.51924765
-0.46208790
-0.55719024
-0.64320648
-0.50239468
0.01120226
-0.08238269
-0.67881185
-0.71520865
-0.40988606
0.13480954
-0.62352967
-0.69673967
-1.16786683
-0.54121435
-0.34870026
0.21945305
-0.10062726
-0.93167472
-0.01075672
-0.18829179
-0.58238423
-0.64262587
-0.66350198
0.28990579
-1.17725611
-0.33325985
-0.24816127
-0.06498197
-0.88748020
-0.52816534
-0.10175988
-0.56227118
0.01290575
-0.52773708
-0.61889368
-0.28590840
-0.18264817
-0.81374049
-1.09102583
0.01622692
-0.72915787
-0.40335932
-0.37646109
-0.95213950
-0.90192646
0.16393501
-0.12377209
-0.33245105
-0.60175604
-0.38114515
-0.76385337
-0.39994240
-0.07642052
-0.79465884
-0.66610885
-1.92715907
-0.42014804
-0.17374980
-0.48622829
-0.56027180
-0.96178120
-0.38084623
-0.72379816
-1.63551843
-0.44043097
-0.53613460
-0.62469465
-0.46695051
-0.47954664
0.45331398
-0.28745541
-0.63949245
-0.13580064
-0.21797004
-0.52691412
-0.42022493
-0.72485483
-0.41474795
-1.06453645
-0.94204885
-0.36124411
-0.74224299
0.13354528
-0.69884330
0.28474560
-0.79786909
-0.08144926
-0.36758825
-0.38611579
0.09489638
-1.35771620
-1.29823077
-0.67952204
-0.57629812
-0.24255359
-0.58886772
-1.08559024
-0.70710438
-0.24328944
-0.50951028
0.23743507
-0.15396157
-0.96781522
-1.06229484
-0.75827700
0.04483053
-0.44943291
-0.52986455
-0.00333599
-0.91877431
-0.48390552
0.07760125
-0.70650381
-1.02707660
0.10057069
-0.00953302
-0.67861849
-0.30212873
-0.78376085
-0.06703553
-0.34059516
-0.79047549
-0.43258283
-0.49062485
-1.78708816
0.01932687
-0.76524109
-0.22234537
-0.20524761
-0.68962228
-0.64581180
-0.81901848
-0.46267557
-0.42601496
-0.30633086
-0.41644531
-0.80306584
-0.59397215
-0.82400000
-0.08869619
-0.52043706
-0.69639146
-0.38051346
-1.53369069
-0.27184978
-0.56029755
-0.60168725
-0.70294821
-0.16081281
-0.54726118
-0.54021102
-0.90711135
-0.05135733
-0.36407194
-0.33131868
-0.25704369
-0.64244801
-0.56520867
-0.48808348
-0.82585567
-0.11276265
-0.80086750
-0.62928408
0.04935371
-0.27024341
-0.46155623
-0.04523489
-0.90432155
-0.56790471
-0.86390328
-2.34538102
-0.36121029
0.88182789
-1.36986709
-0.48266241
0.05960204
-0.51106524
-0.68507552
-0.48881754
-0.14489868
-2.15997672
-0.75855649
-0.11879752
-0.66625524
-0.34404317
-0.35578981
-0.33592427
-0.99115443
-0.74243134
-0.59361458
-0.13207211
-0.58098817
-1.28284299
-0.46865475
-0.50176746
-0.55069417
-0.64193147
-0.20292881
-0.22215256
-0.53493762
0.32922208
-0.61751878
-0.74282199
-0.86939400
-0.55181599
-0.58727902
-0.41528651
-0.34076816
-0.29879105
-0.63897991
-0.85091472
-0.70506173
-0.28445894
-0.22499223
-0.41764367
-0.42932627
-0.45506150
-0.27310923
-0.09420509
-0.35992137
-0.45215738
-0.59475321
-0.32705787
-0.37745965
-0.22761942
-0.20170315
0.24216530
-1.02573419
-0.55401570
-0.62603873
-0.17587107
-0.23122296
-0.65632671
0.05084390
-0.28976670
-0.77403659
0.18492343
-1.15178037
-0.61973494
-1.33507848
-1.33656526
-0.43051532
0.48034891
-0.73330665
-0.66885895
-1.08932066
0.32485163
-1.17939174
0.10039105
-0.62931097
-1.13181639
-0.46880531
-0.25319427
-0.69524646
-0.36166519
-0.54179317
-1.03554130
0.47581884
-0.31876346
-0.71222568
-0.93093038
-0.44239661
-0.41256541
-0.38089240
-0.96562445
-0.29348746
-0.53040648
-0.28339502
-1.22821283
-0.30822343
-0.64958835
-1.20619369
-0.47885251
-0.74862182
-0.06813321
-0.75006425
-0.49095559
-0.48353419
-0.48280236
-0.44254056
-0.24900712
-0.75534743
-0.03020360
-1.61437142
-0.25637355
-1.11620414
-0.53583008
-0.54749739
-0.71302760
-0.51818329
-0.15407427
-0.64659643
-0.81672293
-0.43177792
-0.82216436
-0.52715850
-0.74074125
-0.83049148
-0.75702852
0.37477750
-0.10454183
-0.77136898
-0.75640589
-0.66215825
-0.18290804
-1.25873029
-0.55808091
-0.50367826
-0.12821318
-0.02599414
-0.36555967
-1.17249537
-0.57304376
-2.28690743
-0.41050678
-0.43914190
-0.38819423
-0.08667228
-0.68157959
-0.38531438
-1.36814201
-0.19150944
0.30481470
-0.49014404
-0.41866627
-0.50953418
-0.19639540
-0.60594457
-0.65695041
-0.76163471
-0.92172319
-0.70294058
-0.45831627
-0.53205585
-0.77743208
-0.35459432
-0.54743522
-0.58346182
-0.99965763
-0.59669864
-0.47645381
-0.34018412
-0.09510083
-0.30278596
-0.06224150
-0.34220222
-0.28559870
-0.52074748
-0.18199988
-0.53843015
-0.65977931
-0.47947094
-0.16834086
-0.84705359
-0.58957261
-1.00853968
-0.76854950
-0.57205760
-0.35489523
-0.15280999
-0.19168854
-0.53791308
-0.42762387
-0.24415116
-0.42545700
-0.49765164
-0.46690911
-0.55428749
-1.00449109
-0.79111868
