-1.23065927
-0.59572003
-1.07007415
-1.44546036
-0.96531474
-1.22470807
-1.92539432
3.59850807
-1.47089107
0.09212708
-1.61541451
-1.80210776
-0.84223151
0.51270616
-1.12160917
-1.70904203
1.11941270
-1.47992920
-0.90190098
-1.23242906
-1.63469657
-1.34468835
-0.76784229
0.06540908
0.29274122
1.24886210
0.81823274
-1.15358324
-1.48462716
-1.52822098
-1.21082926
-0.42289628
-0.52128097
-1.26391186
1.11935699
-1.05463271
-1.26788343
-1.25686335
-1.44086880
-1.06988880
-0.35650600
-0.38020684
0.22236316
-1.53586072
-1.58536099
-1.27629425
-1.45632848
-1.33577400
-1.29443285
0.08718222
-0.20225381
-1.22592760
-1.77019091
-1.48580694
-0.74304124
-1.31709171
-1.18913779
-1.12717722
-0.90474513
-0.48734365
-0.92203899
-1.30327982
0.31761895
-1.34724081
-1.09581953
-1.78602667
-1.26614158
-1.13558827
-1.38535331
-1.26043828
-1.33845927
-1.36531124
-0.85452116
-1.24026416
0.07279132
-1.34286367
1.04214350
0.26189555
-0.92337009
-1.56363916
-1.29619501
-1.07209163
-1.52525472
-1.36486706
-0.90834292
-1.46717297
-1.57821777
-0.83846333
-1.36223246
-1.41382106
-1.30709676
-1.08053214
-0.97227869
0.11922228
-1.16433136
-1.60068849
-1.59239460
-0.79402413
-1.24596967
-1.08872204
-0.44629719
-0.00597943
-1.21777723
-1.18980351
0.57351048
-1.51906506
-0.80522912
0.60694945
-1.28078643
-0.97958309
-0.12202179
0.14759692
-1.48660091
1.34361376
-0.93849562
-1.48554281
0.22876086
-1.22537936
-1.38536273
0.40484704
-1.06053896
-0.70859548
-0.01173953
2.45762048
-1.27317259
-1.34619977
-0.67778437
-1.68759980
-1.20558513
-0.60285410
-1.52959514
-1.19328405
-1.09204177
0.01195247
2.21914395
-1.30092044
-0.41714631
-1.35375674
-1.47018316
-0.44880941
-1.19788096
-1.32026653
0.27430673
-1.39646375
-1.40294346
0.87769375
-0.33224721
-1.15251245
-0.38568500
-1.16608225
-1.71008715
-1.57118382
-1.18832686
-1.09289279
-0.97328055
1.60552705
-1.49247617
0.07848819
-1.33994466
-0.89146662
-1.90208967
-1.30682610
-1.16423298
0.56573443
-1.26815408
-1.50645143
0.24595687
-1.51133599
-1.30598787
0.84734699
-1.28583433
-1.87416147
-1.37017045
-1.74787734
-0.91209375
-1.37023565
-1.48312388
0.74265009
-1.62817333
-0.55810320
-0.61249687
0.30324535
-1.33866699
-0.70575680
-0.86488177
0.00351931
-0.90495513
-1.17536453
1.22079298
-0.21254320
-1.82556371
-0.32377664
-0.25072626
-0.73624275
-0.09990078
-0.78122079
-1.05401989
-1.21349949
-0.88808457
0.78791960
-1.46000028
-0.99711635
-0.98744802
-0.83417066
-1.09243468
-1.31837234
-1.40114258
-1.41217953
-1.58778658
-1.39247178
0.36467352
-1.50046678
-1.33454586
-1.81417105
-1.02660017
-1.25841253
-1.27705558
-1.54021211
-1.26634041
-0.03950521
-0.82037455
-1.00707948
-1.07378017
-1.25637897
-1.20393387
-1.24540803
0.30400850
-0.82967222
-1.32922394
0.05360896
-1.28306226
-1.37000793
-1.32156341
-1.31351138
-1.31912117
-1.21725571
-1.40565643
-1.60162109
-0.98600602
-1.38036973
1.37245072
-0.37699303
-1.27157972
-0.63357862
-0.25234838
-1.29537428
-1.77684275
-1.36927290
-1.21892284
-1.15459859
-0.29845228
-1.48755462
-1.39745719
-1.53017334
-1.99778735
-1.12264484
-1.34584435
-1.29777156
-1.33997729
-1.41695549
-1.44646490
-1.48496871
-1.46245349
-0.35578425
1.59604698
-0.95279666
-1.07071744
-0.41366331
-1.43512371
-0.28892418
-1.59769702
-0.17008553
-1.37325440
-1.27369755
-1.53557568
-1.00805784
-1.72716788
-1.40132088
-1.44121883
-1.73501084
-0.31646414
-1.34925604
-0.05333043
0.24070588
0.07846337
-1.36522176
-0.65755452
-1.23536600
-1.20747345
-1.73900729
-0.13878331
-1.44416953
-1.77373962
0.25728087
-0.85522419
-1.26538109
-0.98927204
-1.57571896
-1.44367339
0.43431676
-0.80858853
-1.30095322
-0.11116931
-0.73165967
0.06123865
0.38261022
-1.30067214
-1.17153259
2.81670986
-0.69350021
1.16867018
-1.33496691
-1.16828201
-1.05930080
-1.12838192
-1.30488345
-1.44272667
-1.16056634
-0.34659354
-1.13930234
-1.28348966
0.97930964
-1.52860129
0.15991012
-1.38097096
1.89305280
-1.40744524
-0.81667828
-1.29891392
-1.51917322
-0.78152679
0.18105195
-1.23776984
-1.04381920
0.97812898
-1.27587776
1.31002383
-1.31916733
-0.57346888
-1.25751147
-1.20238090
-1.96726561
-1.37418418
-0.62578061
-0.59589061
-0.20919942
-0.50167875
-1.43593988
-1.11235639
-1.83448378
-1.31641346
-0.83133441
-0.72806876
-1.17298108
-1.14136398
-1.54300025
-0.76408352
-1.15776117
0.16101271
0.49350225
-0.86508112
0.07637226
-1.86508236
-1.27140790
0.05828340
-1.11841912
-1.21180813
-1.33590519
-1.41625774
-1.48705873
0.18859954
0.19581036
-1.37158120
-2.01285009
-0.28656352
-0.85597058
-0.46536923
-1.49927911
-1.40274992
0.03531229
-1.47150714
-1.48689608
-0.96398771
-1.18063152
-1.10030026
-1.05690695
-0.98157435
0.21302188
-0.78989079
-1.26712727
-1.10524402
-1.27279641
-1.24490192
2.90367430
0.74804131
-1.53314278
-0.78649984
-1.34950565
-1.22367207
-1.86345875
-1.23983073
-1.40349686
-0.88769993
-1.24754561
-1.15080928
-1.22074381
-0.64708426
-1.50764795
-1.12729417
-0.94383677
-1.02111533
-0.66346758
0.03583851
-0.09069155
-1.71413911
-1.61238944
-0.02671079
-0.48490723
-1.23920258
-0.79184261
-1.59907448
-0.07348264
-1.55938261
-0.99516246
-0.43847618
0.33109731
-0.85955361
-1.08962630
0.66700130
-1.38058101
0.27009610
-1.22843004
-1.13251758
-1.48230007
-1.13805089
-1.11539891
-1.27331726
-0.48877479
-1.22873938
0.31716308
-0.85977473
-1.32323749
-0.01040429
-1.56037440
-1.37268167
-0.69563586
-1.37889910
-0.77579818
1.16491297
-1.40199170
-0.06192970
-0.87108745
-0.60573993
-1.35463429
-1.31462092
0.14076104
-1.19387221
-1.40420973
0.11788553
-1.65265781
-1.53279419
-2.57718977
-1.32081141
-1.16566699
-1.08970890
-1.06760376
-0.09431386
-0.60920092
-1.11094023
-1.25868241
0.02379304
-0.88886957
-1.62899075
-1.07250391
-0.23784758
-1.38384324
-1.55552364
-1.45617290
-1.43661735
-1.05146162
-0.14707040
-1.00420096
-0.70942300
-1.36913675
-1.44348159
-0.96957765
-1.25185972
0.96939101
-0.73875546
-1.46444079
-0.94333697
-1.37180875
-0.75626026
-1.52910894
-1.26533354
-1.45649308
-1.12393402
-1.34484434
-0.79843135
-1.22110305
-0.25355714
-1.29350694
-1.16129859
-0.73040777
-1.45101337
-1.01766764
-0.56922728
-1.61115230
0.88386825
-1.62108072
-1.18667928
-1.04013668
-1.46028055
-1.57785433
-1.49646742
-1.33018763
-0.62224809
0.25968112
-1.31296425
-0.34477036
-1.29554979
-1.52512745
-1.23403380
-1.42232626
-1.39679958
-1.17058186
-0.96713623
0.03937893
-1.30761963
-0.89300119
-0.90979816
-1.51651726
-1.54855768
0.03661396
-0.81268335
-1.49188739
-1.06759395
0.06051366
-0.57388174
-1.28620274
-0.01614096
-1.96363025
-1.18157661
0.42676417
0.47212667
-1.39788652
-1.28779135
-1.45048230
2.31439953
-1.53499827
0.22646978
-1.09485719
1.14509417
-2.14175402
-1.54508398
-0.97894726
-1.31909311
-0.74257565
-1.17530952
-1.00313626
-1.73067018
0.31705312
0.75362143
-0.54863196
-1.41879521
-1.10224799
-1.41180687
-1.11385449
-0.91314271
-1.21145479
-1.48680496
-1.71930567
-1.74949323
-2.02454985
-1.42480155
-1.63362902
-1.29552432
-1.20484928
-1.53684713
0.16881355
-1.16658270
-1.17499600
0.68333946
-0.95172807
0.54182111
-1.38513219
-1.32203731
-1.37416900
-1.15521189
-1.18074377
-1.08835638
-1.31616149
-1.15116419
-1.19035191
0.24949435
-1.17635468
-1.21119352
-1.20757068
4.57336950
-1.32391728
-1.09490520
-1.94352496
-1.67517449
-1.12735511
-1.33730925
-1.28088179
-1.37075153
-1.43092303
-1.26835850
1.12711840
1.62535825
-1.39554497
0.01201408
-1.91822669
-0.38661693
-0.59044463
-0.95010489
-1.12557070
-0.43110419
-1.63954069
-1.37847677
-1.59103070
0.63671689
-1.27677124
-0.98737092
0.74696795
-1.28540981
1.59849780
-1.30148350
-1.45307375
-1.16097644
-1.52758000
-1.24919943
-1.09554228
-0.63451747
-1.01969882
-0.72730380
-1.33468849
-0.53266784
-1.23027684
-0.06067566
-1.16056544
-1.59971540
-1.46678048
-0.23021385
-1.20847411
0.25435088
-0.28242258
-1.47130028
0.22446057
-1.04350678
-1.42042487
-1.48650363
0.10433053
-0.83766759
-1.96591606
-1.50057597
-1.00603621
-1.96603112
-1.23793318
-0.06011753
0.09838873
-1.35396649
-0.79233021
-2.37557423
2.62474596
-1.27849667
-1.24310875
-1.67915993
-1.14074116
-1.50686460
0.12508175
