3.03783321
-3.18826532
33.57765961
5.13840675
3.01266909
-0.78674823
-0.31101823
-7.69852543
2.12237597
0.80276936
1.31721878
7.40979576
10.05311584
2.04890585
-0.53152311
-0.40693647
-0.35067528
-0.33632720
1.70331061
8.57292175
-3.24136829
1.36519921
-5.74843836
-0.84102857
10.52213860
0.37174851
15.56212330
-1.75755477
-5.15754986
-3.32179499
-15.75749111
-2.31218195
0.56256950
-0.28802902
-0.28741995
0.71698904
-0.21879570
0.96765190
1.45948601
0.62688953
-0.18146163
1.56169033
1.15327692
-19.74318314
1.49970818
-0.85421073
-3.91096497
-0.77896559
41.13907623
4.72858667
5.81981754
1.19329441
2.23816061
0.90124726
1.03285122
1.29877841
-1.29902804
1.83662224
1.21243405
29.76273346
0.79365551
-18.02845764
-6.07590389
3.21372485
0.69449139
0.51176971
-1.41981232
0.70664567
1.29916334
7.56516171
1.40259123
-2.42313719
0.35277081
-13.14491653
7.77144003
1.51482356
0.48039877
1.04762566
-0.69909781
-0.84831363
-1.01376915
0.67361152
1.03346753
0.95352894
1.52984309
0.80337137
1.97495282
18.74855232
0.51723963
-10.27719212
2.04043508
0.67891926
-0.83244079
0.35887659
-0.43301222
-14.29179668
-24.35601997
-25.31237984
1.84039450
5.73699713
2.33322573
-22.24267006
0.90707934
-14.87842846
0.63202369
0.70742404
0.61037970
1.19879484
31.35783005
-1.78960502
30.63308525
0.32359865
2.37716436
-4.35556078
0.58975381
1.09813023
2.50484872
28.82235527
0.44989532
-0.44618008
1.90362716
-0.16609122
-13.01120758
1.35486364
-0.44615430
5.35296917
-1.36624718
-1.02308631
3.02074647
0.99993265
-1.30277038
1.57020640
5.78572130
0.48236409
4.16854525
-2.65919757
0.78946424
-7.77487755
-0.48165888
-9.03593636
-7.94921923
-24.78135300
-0.44840363
0.83824146
-10.61829662
1.32050967
-23.47006607
-13.75566959
0.88981736
1.59161007
-0.52497441
0.62672567
3.23717952
0.75595129
1.49008667
-14.09943295
1.40138412
-3.48657870
-1.20101547
2.71488976
-1.80193758
-1.31891799
0.97366709
-2.30687451
21.86984634
1.06002915
-1.00827157
2.08605433
0.50722277
0.45277414
1.30815017
-0.29159740
1.34500933
0.58696020
-1.76183975
10.82654953
-0.37124705
2.15757346
5.47475529
3.20647502
-35.02576065
-0.77614349
0.92842966
-1.27640593
-0.74703240
3.32305527
5.53867912
-0.20298591
-0.26886845
-6.34406567
1.92502296
-11.72746277
3.45620728
0.88153905
21.84403038
9.33747959
3.32724690
1.22728109
-0.34509170
-9.58156109
2.68636870
0.90997702
1.56250155
20.73929405
0.77777475
37.25250244
-1.22219789
-0.49084118
-0.66657293
-0.42371246
1.54763341
33.05253220
-17.33422089
1.25495374
19.72690582
-1.02869987
12.92798042
0.47738037
-11.85427666
-2.12800646
-6.52748203
-3.75426865
10.98733425
-2.84008408
0.56210786
-0.32888883
-0.59022123
0.92769325
-0.24203171
1.19484282
1.81378770
0.82356995
-0.22302948
1.87643909
1.33874953
10.25360107
1.47599649
-1.37619853
10.57215500
-0.95971721
29.40047455
6.67771435
7.23360300
1.36756063
2.51463938
-0.70524448
1.24856007
1.59932888
-0.20176694
-1.52856231
-3.69209599
22.62826538
-0.53845406
10.46728897
-7.51286936
3.76554203
0.85288864
0.58908737
-0.04684398
0.78428781
1.51603925
9.66182232
1.67800415
-27.09206390
-0.86651111
-22.73202515
9.83999348
1.70514333
0.49906012
1.23368943
-0.83376604
8.39549446
0.71995372
0.76248914
-2.12131667
1.09836996
1.89681482
0.93533343
2.46158600
-8.81080914
-1.60191369
-25.36157990
2.45275593
0.84712702
-0.97543192
0.45143121
-0.48486766
8.61973000
15.12568474
20.78282356
-0.91131902
-8.93937683
-3.90901566
10.94603539
1.09112239
10.87856007
-0.85438353
0.79859328
-0.38330841
1.45017111
26.00000763
-2.00001907
-14.65909386
0.41824692
2.55721712
-5.19574928
0.69594663
1.33167183
2.79858804
-25.36765671
0.56240690
0.60778439
2.90176964
-0.24620201
9.76889992
2.09129739
0.29482147
7.41666842
-1.64752328
1.40781391
0.69731021
1.08973348
-1.36679840
1.90600789
7.76619434
0.61936754
-6.80958319
-1.04512537
0.93650597
-9.01219177
0.47613490
-10.87735844
9.42927265
-10.22212696
0.72589272
1.06046104
-26.34973526
1.60862160
8.67906952
24.83371925
1.01974249
1.88587201
0.83558881
0.76289225
3.21264124
1.07383943
1.75175166
-13.25286293
2.02008224
2.81420231
1.67556655
2.89745188
-2.28007865
0.62834471
1.18740416
2.46838951
21.01298141
1.32724512
1.83044815
2.45798087
0.62554908
0.54834121
0.68777072
-0.39040896
1.72185099
0.79881859
-2.06525850
4.60461283
-0.42020407
2.30134583
34.62389755
-2.48590660
-30.32057571
-0.98365724
0.44613144
-1.24282908
-0.36590645
28.64197159
-10.65016270
-0.25465077
-0.32923830
-7.62291431
2.43656111
-37.48863983
1.27161610
3.10468388
4.54867268
4.24648809
0.94749606
-0.38248315
-0.06322452
-3.67239523
1.06364536
0.30755255
0.55931908
8.35029697
-11.34709263
16.57674980
-0.21023944
-0.24751383
0.99402386
-0.12876706
0.41953516
11.41272831
-8.74753857
0.79381782
10.76432705
-0.47201273
8.45052242
0.24645603
-5.52435255
-0.91608799
-1.43804443
-1.07446456
6.74025869
-0.79044956
0.23908135
-0.12346124
0.96673787
0.30414540
-0.06928284
0.54012483
0.55324465
0.26786631
-0.05394983
0.80814695
0.46585119
6.01946878
0.71375120
-0.77551407
-4.63856697
-0.56640345
4.46301174
3.57158756
2.92944264
0.57063830
0.94767231
-0.15844552
0.48078799
0.58565599
1.38736546
-0.27675462
1.29395390
4.35047007
-0.68112373
5.86884499
-1.89715409
1.49702621
0.30824548
0.18787870
1.50594056
0.22828695
0.47271943
3.59703040
0.57548553
1.57823646
0.36691031
-9.10871601
3.45835280
0.60640889
0.24841873
0.53308964
-0.25201547
7.22336960
0.07088777
0.29131085
0.82199818
0.53920192
0.70085317
0.29771757
0.91970712
-13.11473465
0.48065343
-11.23234463
1.04876852
0.88155258
-0.38713419
0.14847971
-0.20068885
3.05032492
6.75463295
6.18650627
0.03165475
-2.08967614
2.10190988
7.03670168
0.47579557
4.54718494
-0.13577558
0.37100047
-0.25933769
0.54960787
5.78466368
-0.69676656
-11.55515480
0.15046568
0.60874444
-1.26817262
0.22697227
0.45406279
0.96436095
-5.76017380
0.21671174
0.48275831
1.39875507
-0.15154980
10.30765820
1.16236091
0.14663672
3.52734971
-0.39782271
-0.52394170
-1.54848802
0.47596610
-0.54590476
0.81630641
3.34205055
0.26495919
2.15412474
0.19618332
0.39033356
-2.10324812
0.27216411
-2.80028558
-1.76408601
-0.03656820
-0.24375249
0.43770936
-2.69114757
0.63926291
8.26777840
-5.47080755
0.42537528
0.49606103
-0.35979888
0.30160052
1.56149602
0.35458863
0.54900396
-0.47205064
1.01453567
1.36800456
-0.51798069
1.29760373
-1.02811754
0.66674697
0.48650452
-0.50661248
2.36825275
0.66575480
-0.84766197
0.99980056
0.24614367
0.15840575
0.16665581
-0.23709446
0.73670048
0.29961881
-0.74895316
-9.33627415
-0.18626973
1.07255566
10.13114452
-0.65013587
-12.42367458
-0.43855989
-0.16501668
-0.37026936
1.17560911
7.58732080
4.93781042
-0.04330843
-0.25847101
-2.29881120
0.91392779
-15.68112564
3.71027946
-4.81733418
-0.81406206
-14.05084705
3.43258691
-0.95897871
-0.38070586
5.65665436
2.76762795
-0.45257995
1.57621753
-17.15957451
9.33777046
-34.20878601
-0.71023506
-0.50718993
0.61526906
-0.45320183
1.88695967
-32.68914795
10.88175201
1.21415007
-17.84252548
-1.06176066
0.35804853
-0.02292460
19.59799004
-2.14177203
-6.70393848
-3.84911561
-19.59044838
-2.75368333
0.61242950
-0.34534746
-0.32078919
0.88711482
-0.24557121
1.23277712
-1.52251220
0.83056355
-0.24310562
1.84429038
1.41218507
-28.49087715
1.49650252
1.36126220
10.96774769
0.78120428
-3.57316566
-11.08882332
-12.76737976
1.37223232
2.67981267
1.05661309
1.28582251
1.66898763
-1.28168428
-3.47968340
-0.67425066
-4.00284910
-0.97699028
-22.55452347
-7.29669189
3.89040875
0.85870343
0.59089178
3.33319545
0.85001296
1.52328467
-6.89058733
1.61435759
26.19951248
-0.56025672
12.78138828
9.59753799
1.77589226
0.58350629
1.29512286
-0.86706698
-4.05722618
-1.30341804
0.77323961
1.20225620
1.17334259
1.93034208
0.98020166
2.40612817
-6.15121078
0.64868438
17.08288956
2.51561856
-2.16054988
-1.05429912
0.44975677
-0.53032756
19.43333054
16.69164467
-34.75651932
2.24477458
8.55515385
-1.58476472
-29.09736443
1.18562853
-21.02623749
1.03626204
0.92315209
0.66273934
1.48896909
-6.09288502
-2.09288025
-23.26072884
0.39787504
2.73893809
-5.11857271
0.69452494
1.38950992
2.96450925
22.82829094
0.55010730
-0.90986818
-2.02784348
-0.28201720
14.58133888
2.19313121
-1.07275426
-5.05882454
-1.59662247
-0.24633662
-0.05897418
1.22861695
-1.38604665
1.98569274
-7.94280291
0.63393629
6.80707979
-1.40604317
0.96820611
-8.74781799
-0.86865008
-10.98022938
-14.10438728
-2.54557419
0.66678923
1.03250480
21.99342537
1.63829553
-24.65766525
10.38089180
1.09770107
1.81213975
-0.82098907
0.79732627
14.47619057
-0.53265131
1.72869098
-9.26328945
1.87336755
-4.79092121
-1.75156438
2.85947180
1.54341447
2.33459926
1.19429886
2.40715742
5.29470968
1.30859900
-1.30133176
2.55005980
0.58047956
0.54846132
0.07419241
-0.44029602
1.71631956
0.73495990
-2.11991072
-3.84295630
-0.47129411
2.48793697
-37.92765808
3.77010036
5.11692429
-0.99946886
-0.44413641
-1.38474953
-1.18022037
-29.20880508
9.29905033
-0.24339221
-0.38308123
-7.52967882
2.49461579
27.97477722
4.76831961
0.61514467
-26.08657646
-23.58060455
3.80678320
1.41317856
-0.42942265
6.69089270
3.53143787
-0.63089806
1.84693706
-5.22559929
5.94207621
-13.46136093
1.25176477
-0.59271961
-1.40961874
-0.57546026
2.23222995
-9.24846554
2.20822406
1.16156888
-18.57566071
-1.32713294
0.11113023
-0.16934314
-13.61913872
-2.61274290
-7.53650713
-4.37882614
9.27151012
-3.37690592
0.70112014
-0.37731078
-0.76493067
1.14869690
-0.33047509
1.51269364
-1.66320360
0.95145780
-0.28274643
2.08066058
1.63792443
17.43146515
1.62538195
1.84095228
-20.67106628
1.03293908
-37.20376587
-16.53443909
-16.71256638
1.59172845
3.11948371
-0.83341348
1.47591674
2.05831194
-0.34726268
3.58141828
3.39660811
-21.49326897
-0.72975129
14.93213272
-8.02331448
4.42856741
1.15778184
0.69472218
-2.05364180
1.06180310
1.77688491
-10.00737381
2.08780003
-3.14391351
0.23795104
7.99632072
11.45168591
2.10405564
0.61082649
1.51309824
-1.04088652
-2.98765063
0.87784499
1.00557029
-2.36644149
1.32862008
2.41021037
1.19391954
2.97614026
4.61829281
-2.16635275
11.54214001
2.95974422
-3.58895755
-1.26396954
0.56511801
-0.60110158
-22.42762566
-10.05124474
24.56378937
-1.06426716
5.65918970
1.93960023
19.06880188
1.48648453
12.18421555
-0.99433440
1.10055673
-0.62758178
1.74695194
-24.89315796
-2.40374207
14.36530972
0.53331280
3.06547832
-6.49890041
0.90918368
1.63827610
3.38593411
-23.06933975
0.67306370
0.45210969
-2.40244412
-0.28975585
14.07821941
2.86779737
1.04898369
-5.12896919
-1.93101585
0.10744176
-2.92943740
1.56316459
-1.85898197
2.31682301
-10.48522472
0.77344155
-11.84841442
1.53207147
1.12527633
-10.18311882
0.50413281
-12.92968178
14.36919880
17.86218643
-1.01595247
1.30000222
4.40726662
1.96456683
21.40042686
-26.31364250
1.30453908
2.24109149
1.24242735
0.91517925
17.57393456
-0.65963113
2.09564543
6.50423098
2.42636728
3.49010205
2.45233631
3.13347578
1.80277109
-0.91950721
1.43163466
-4.43516016
-38.89730072
1.55726159
2.61345983
3.03264594
0.75148714
0.64770579
-1.23810518
-0.46074528
1.95849144
1.03935671
-2.39587617
18.31510162
-0.49670386
2.81668711
-3.58319235
-3.32245970
26.35304451
-1.18645585
-0.33609724
-1.65479112
-0.26668605
-2.58114982
-21.85791397
-0.31162205
-0.39912334
-8.95101452
2.70806026
11.76890755
1.52324069
4.45315218
-15.24039841
-12.56138420
1.06495667
-0.39905921
-0.08695250
2.77606750
1.44533646
-0.28748098
0.67631799
0.75823563
-16.47474670
3.34937906
1.21793234
-0.30738604
-0.52958930
-0.16528378
0.51204753
1.68926728
-6.10492897
0.67815626
10.23677349
-0.59307504
-0.08413319
-0.06093830
-7.11596680
-1.11006558
-1.78925145
-1.12124622
8.92374325
-0.93558317
0.30105457
-0.16336296
1.26044285
0.36458877
-0.06873640
0.68620795
-0.57463533
0.25026831
-0.06920892
0.95554137
0.57677877
12.08910656
0.85060805
1.00350118
7.78127575
0.58421022
-16.36786270
-8.61491680
-7.21497393
0.72918659
1.07737923
-0.25393447
0.58514506
0.80442542
1.73841321
-0.17559873
-1.74736285
-9.47819138
0.46005073
9.07693386
-1.85300958
1.83606708
0.58132523
0.24881846
-1.28005540
0.38292485
0.51433980
-3.87249064
0.79852438
-8.75889969
0.26296106
-0.27103162
3.72435308
0.79834497
0.28559372
0.62963253
-0.30803671
3.92237616
0.11348615
0.33029735
0.91106462
0.62233382
0.84867430
0.37165993
1.04301715
2.80293441
0.64815122
1.95799696
1.16750216
-1.71334708
-0.46633795
0.17163341
-0.25223702
1.37366307
-7.94295311
10.63498020
0.01711931
-6.95162487
-0.76693970
12.61032677
0.59968334
6.63768911
-0.28684813
0.60489553
-0.45038086
0.62376857
-10.29395199
-0.88840562
4.66702127
0.21020631
0.69692743
-1.58541405
0.34271112
0.51516575
1.20391643
-4.72243500
0.26067153
0.38264611
-0.93465906
-0.20181374
-18.48811722
1.32324350
-0.12651317
-1.28552473
-0.46268854
0.09237515
-0.47925785
0.85805357
-0.84680390
0.98731381
-3.42163134
0.24359089
3.72661424
1.77950239
0.44691440
-2.50769114
0.20342474
-2.83328748
-5.79122400
9.25916958
0.42047852
0.56129760
-2.38811898
0.69462568
6.48864269
9.67308521
0.55876571
0.54570311
-0.60564071
0.39198184
10.50466537
-0.18965836
0.62564093
12.06324863
1.06930077
1.52936578
-0.92776465
1.48049402
1.06309199
-1.43890285
0.53481668
1.89084065
-8.72041512
0.76697206
-1.36082458
1.24410260
0.27434137
0.19186459
-0.65019864
-0.21743843
0.87073565
0.40268490
-0.75324631
3.59143782
-0.25358102
1.09659743
7.69970036
-0.84252840
16.28168106
-0.54430139
-0.16253933
-0.41935995
1.49042583
8.48619556
9.51889610
-0.06672481
-0.22198233
-2.63899469
1.02250326
0.14352933
1.40446234
-2.23518443
-4.27531099
8.35748291
1.08493221
-0.37644869
-0.08379729
2.15460134
1.16849279
-0.16142760
0.57876825
-7.44928408
4.72354794
-3.68988609
0.69653314
-0.27378866
0.27069661
-0.12443276
0.39498976
-6.78539658
12.75224686
0.75287312
13.94533825
-0.47804111
-12.84136105
-0.12963015
8.77486134
-0.94602054
-1.31551445
-1.05178559
-7.62938690
-0.74915630
0.21851210
-0.12722251
-0.08293372
0.32928929
-0.05941412
0.60359216
-0.04806861
0.35373569
-0.05433887
0.87159902
0.54220647
-11.19379711
0.82451922
-0.28129631
-7.11546516
0.00575291
-5.34522915
5.06221581
5.18850231
0.57717150
0.97240376
0.44709292
0.61198443
0.65463060
-0.73089916
1.38121271
-0.18874599
-8.65934658
-0.32301956
-10.30215359
-1.76462436
1.66779721
0.41688004
0.18514197
-1.71016991
0.31058785
0.47468185
0.03378483
0.60914642
4.88772678
-0.62923205
9.31937218
3.42685390
0.68431294
0.24588840
0.53436214
-0.33517393
-0.43540034
-0.50363481
0.26424080
0.73344123
0.45765024
0.74755144
0.34230664
0.92898029
-11.62609863
0.34407175
7.35648632
1.21880472
1.73541701
-0.42854372
0.14208978
-0.23443940
1.09507143
6.96646166
-15.29781246
1.01545262
-3.81764364
-1.14290309
-8.77307701
0.52222097
-7.71566582
0.64563280
0.41568676
0.31354225
0.57253855
-7.03389835
-0.77157241
-7.67924404
0.15839276
0.70933330
-1.12422609
0.26212388
0.47269347
0.90878254
3.01903629
0.22328700
-0.40407538
-0.30064917
-0.20736958
3.41391563
1.23115551
-0.61632597
-1.74931967
-0.39736181
0.49949130
-1.45576847
0.42851090
-0.55942857
0.89360934
2.20936918
0.27087802
3.90191150
0.01627645
0.42052975
-2.37821627
-0.46671757
-2.46514559
-6.91358280
3.59118152
-0.13522847
0.41425979
7.58558226
0.56440049
-4.57552910
3.89207888
0.52402478
0.42066178
-0.39475933
0.33460531
-15.84802723
-0.34407112
0.52203184
5.40057659
0.76303899
-1.67527366
-0.65932989
1.38188469
-0.03900154
-1.27210569
0.46795240
-0.14649248
-0.25710103
0.68318385
-1.04114020
1.09480977
0.20349994
0.17470095
-0.10254978
-0.18910961
0.78621751
0.21892715
-0.75950366
-19.55528641
-0.23920429
0.91258836
-9.13779545
1.18537152
7.55441713
-0.48436326
-0.59284186
-0.49702212
-0.76124197
-10.20836258
3.09693837
-0.03402020
-0.21856035
-2.21038198
0.98754877
11.14158726
1.56203389
0.12358085
-17.56133461
13.15085888
1.22763443
0.46619728
-0.08897603
2.94995570
1.46560943
-0.18994884
0.75351518
-7.02115440
3.77854848
-8.66424084
1.09955561
-0.33456197
0.22718705
-0.16451260
0.74888182
-8.01939392
8.07861233
0.71466559
-11.51682758
-0.57772863
-13.85663700
-0.21448681
-4.92793369
-1.14343143
-1.42374182
-1.19819129
2.51529765
-0.86931401
0.25345168
-0.16705002
-0.49310368
0.40750608
-0.05215355
0.70495695
-0.02759939
0.38006601
-0.07521199
0.95197839
0.61966914
7.57879639
0.85258329
-0.52212203
8.76653957
-0.02971279
-17.10355949
7.70460606
5.80602217
0.76751310
1.10066903
-0.42256871
0.68842179
0.88515687
-0.07838704
-1.82564318
0.06605646
-14.27580833
0.48255625
6.30208206
-1.70665932
1.99851334
0.65305179
0.26535013
1.94845641
0.45676318
0.50536591
0.17931700
0.77563971
8.87246132
0.66076177
9.00282192
3.59541965
0.80101091
0.26879260
0.63762850
-0.39912435
-1.54726207
0.22935680
0.31586009
-1.29127967
0.50737876
0.88393545
0.39331087
1.16708815
4.61359882
-0.94597369
6.88486814
1.48402762
2.14606404
-0.50026917
0.17940009
-0.26482105
6.49413967
-4.95003033
10.54227543
-0.61879092
7.30815983
2.12578535
5.46609592
0.63567704
3.96115494
-0.30498728
0.59548849
-0.33468613
0.64663583
-16.13063431
-0.92045301
1.77470911
0.19117244
0.75746846
-1.51486456
0.38694099
0.59212655
1.17236435
-1.54709673
0.25746197
0.15090060
-0.58035648
-0.21134348
-18.05517197
1.33213127
0.70122218
-2.67897367
-0.44079912
-0.89853895
-0.43795687
0.57110542
-0.90037674
1.01144838
2.51504350
0.30712995
-5.13028908
1.81909287
0.49242046
-2.35841513
0.14511918
-2.46135378
8.31939411
8.43910027
0.34779620
0.48321488
4.95291042
0.71386892
5.41860294
-0.49788237
0.54519451
0.55795312
0.54958832
0.38893357
-24.29290581
-0.46701995
0.63012797
13.27382946
1.02946949
0.85066897
1.13084733
1.66963804
-0.02675134
0.32236522
0.60907549
1.45294905
-7.51535797
0.78257918
1.58913517
1.36699700
0.30183902
0.19328311
-0.43705902
-0.25102559
0.94717246
0.33189562
-0.80206853
-5.85743237
-0.27241647
1.21275997
-8.66520786
-1.11852622
15.57137775
-0.59404022
-0.38416043
-0.54853284
-0.19045378
-8.13463974
-13.64112186
-0.05339791
-0.26011571
-2.47965670
1.10287201
8.72970390
0.69009751
1.91843641
-2.43991685
6.99707079
0.42629483
-0.05734510
-0.00525383
0.78137463
0.77923054
-0.06713573
0.29372343
-2.03383899
-8.46342564
-2.33342481
-0.23944660
-0.13302477
-0.52322507
-0.05683737
0.20195878
-0.39008206
1.90315723
0.19431388
-6.92074347
-0.33595344
-9.10067272
-0.09579421
-3.21790886
-0.56357872
-0.22829224
-0.35061866
4.07140160
-0.30470031
0.12720416
-0.03874615
0.57297695
0.15172774
-0.04729675
0.39204946
0.07329632
0.09484990
-0.02684475
0.47444543
0.25700122
5.77171707
0.48490846
-0.17108753
-2.64206100
-0.03877713
-1.17310107
4.29486322
3.10236979
0.34722269
0.51890683
-0.07660040
0.35386083
0.44312924
0.79298955
0.40100029
0.36692050
-4.67618608
0.28658032
3.63973570
-0.35705370
1.10718930
0.36912629
0.10422470
-0.19562419
0.20942861
0.19560601
-0.51568902
0.43598664
-1.24715281
-0.01999989
4.76313782
0.54972601
0.37672105
0.09471526
0.31059942
-0.12278099
-0.48711640
0.08649676
0.19474413
0.48290330
0.22569266
0.45973739
0.16414863
0.47264034
4.66566658
0.43101734
1.99481642
0.59523934
0.87917167
-0.20331363
0.06837908
-0.11377285
-4.40719891
-1.23222530
2.49551439
-0.30110174
0.34645629
-1.23780453
5.78564501
0.27494845
2.34473991
-0.25410181
0.35712391
-0.16665055
0.24673888
-5.93738937
-0.41370732
4.92906475
0.11295820
0.19830008
-0.43542472
0.17083143
0.22463410
0.53570831
0.32443923
0.12233713
0.09662756
-0.33194420
-0.06354733
-1.77420378
0.47011298
-0.09173662
-1.04407847
-0.13858047
0.42148426
1.68759000
0.40798432
-0.38633314
0.50559962
-0.09032528
0.06030256
1.64649475
1.08470154
0.20003147
0.33320150
-0.01698106
0.59921706
-2.33225083
-0.42652711
-0.19847228
0.22230491
-0.15624872
0.36296946
3.03519821
-3.65930247
0.28781274
0.20837598
-0.15987808
0.18442222
-11.43644524
-0.11183177
0.27551752
2.50043225
0.38983190
0.03678514
-0.51109999
0.75384682
-0.08497594
0.79419303
0.24472848
-1.05588019
-0.29534501
0.39642224
-0.96789759
0.61949128
0.12191157
0.08160335
0.12159596
-0.08115720
0.44651407
0.15135941
-0.29037377
5.99043751
-0.12874436
0.48877698
-1.43898702
-0.12217747
5.80081654
-0.26660943
0.01470788
-0.14672773
0.92275494
-1.07477367
5.38871956
-0.02701279
-0.06755398
-0.34988764
0.45123392
2.18860483
