4.17927837
-0.91650921
-1.67721415
-0.09625264
1.44214320
-0.18158381
-0.10093366
-0.59240139
0.45890182
-0.52795273
0.15165958
0.25953579
0.37430543
1.45363009
-0.47307354
-0.21582448
-0.15784709
1.43225193
0.66254449
-0.03247610
1.14413941
-1.26675558
1.07470322
0.75330085
3.03626084
-1.16694903
0.14056347
0.29904172
0.16439117
0.01327191
-2.60192108
4.95017385
-4.65309429
-2.90241122
-3.67248583
-0.48282793
4.07662773
-0.06871180
-0.09228794
0.12481628
1.02495468
0.08417536
-0.38638470
0.37803525
1.36945665
2.13112497
-0.83962572
0.29866326
-0.59189820
2.96993113
-0.33492976
0.54578292
-0.95421910
-2.33571553
1.05456448
0.43441188
7.17758512
0.41454357
-0.40344849
-0.48005113
0.19301772
-0.48150375
-0.97477806
-2.53693914
0.62313229
-1.25109518
-0.88939768
-0.11849601
1.13873780
0.36320889
-0.04183776
0.48138848
0.15511803
0.08645344
0.43787956
0.11650752
0.21979667
0.77527577
-1.73223269
-0.12241647
0.65794909
0.91712433
-0.22172479
-0.49639049
-0.36072716
-0.69588959
0.48339546
-1.29679263
1.77416742
0.60106760
0.34568807
0.14792652
0.14365278
-0.05567923
-0.14673807
-2.29025960
7.13594198
0.42387405
-2.10944867
-0.39808229
-1.39551914
-0.04320136
-0.18475242
-0.62647939
0.77950156
1.02106965
0.08265187
-0.54298913
0.47459921
0.25114512
0.14620736
-0.41526294
0.27925101
1.84850585
1.00832927
0.03319217
3.98119783
1.03834009
0.39098543
0.37633613
-3.26226902
-0.82859927
-3.80512404
0.24603644
4.43351269
-0.94513553
-0.18046887
-3.05608082
-3.07852030
0.24488011
-4.36449194
-0.61100310
-4.33866882
0.09644625
-0.22998717
0.22110340
1.45367384
0.25175512
-0.74247319
-0.73280007
1.55103719
0.20222440
-0.15473402
0.61838818
-0.91285896
3.46694422
-0.74198037
0.72882706
3.20304847
1.61317289
0.36831895
0.30628443
-7.39264584
0.19801587
-9.34106636
-0.66098201
5.05801105
-2.93721819
-0.25012296
-1.13998377
-3.83517218
0.21911992
-0.72968173
0.06487796
-1.10042870
-0.11748666
-0.12697215
0.40550363
0.26975626
0.06330788
0.64063978
-0.28593689
0.28830656
-0.07314943
-0.34120563
-0.06847678
0.81062984
1.20400703
-0.29063764
-0.77997947
1.16490555
0.26502967
0.15255998
-0.93003660
-1.71427238
0.57378668
-3.66417408
0.33842954
0.09904114
-0.67903477
0.15738203
3.85463977
-0.08619872
0.51144320
-0.72152710
-0.05741215
0.05576455
-0.27000582
-0.08293922
-0.25243214
-1.09449220
-0.07192992
0.06599621
0.23612970
0.22454141
-0.13989107
0.05277150
-0.10984388
0.07428377
0.71495950
0.42463470
-0.11105078
0.95119512
0.46546677
-0.24028847
0.11913111
-0.14548282
0.01554784
0.22261137
0.35766760
-4.65704679
1.15828884
0.04379334
-0.70599633
5.49908400
0.36621362
-1.70464540
-0.15517277
0.07907647
0.14557919
0.00497771
0.21038027
-2.38421941
-0.01892446
-0.33506954
0.31663868
0.63633561
0.11248975
0.02760716
0.23625992
-0.38841337
1.51335132
-0.39127761
0.43570447
-0.89427722
0.94489402
-0.19310190
0.45809785
-0.42724106
0.08134729
-0.06510120
-0.40023151
-5.19589710
3.15342188
0.02616434
-0.44907963
-5.15263271
0.47666714
-0.37017506
0.07397319
-0.23145361
-0.12900263
-0.02522787
0.03541037
-0.57239354
-0.28152013
0.25246423
0.19053505
0.21558240
-0.03299944
-0.07805616
-0.02421064
0.33884218
0.63281131
-0.01580456
-0.25097200
-0.19640563
0.21132252
-0.20785958
-0.49918476
-0.12306958
0.02557878
0.34478742
0.13832179
-0.14718972
0.59820265
-0.06268211
1.05862534
-3.24297452
1.00346148
1.76602376
-0.92774487
1.45417058
2.22682261
-0.03608575
-0.77696878
0.47869831
-2.59123707
-0.14789255
0.38778314
0.87522000
-0.34794620
0.43709394
-0.71948522
0.37207812
-1.33592105
0.90991074
0.08809271
0.70300049
-1.77114320
0.26165175
-3.16198111
-3.67355132
-2.98173571
0.15839627
0.03355400
-0.69064355
-0.10273197
-0.50674987
6.46452379
5.33817959
0.70366579
3.53242087
-2.47689390
4.34420013
6.32044697
0.02440110
0.19200292
1.71746445
-1.86913443
-0.73853803
0.43997100
1.38958228
0.70895648
0.01998544
0.87729216
-1.05029345
-2.95771623
-0.64233798
0.81051224
-0.16125241
-3.25020385
0.08894824
-2.62457371
-7.39640951
-3.13746834
-0.51936245
-0.37184715
-0.81320328
-0.13150275
0.01379240
-3.03933811
-1.94958889
0.45149407
0.81061405
-0.66074103
1.20226991
3.76151586
-0.04611579
0.60820448
0.20012683
-0.62839329
0.77776915
0.25360596
0.38806757
-0.08364798
-0.70245510
-0.07162058
0.88983297
-0.87134600
-0.29218614
-0.92318714
-0.36603093
-0.60171038
-0.04976078
-2.22910428
-1.93796992
-2.13091683
0.32187730
0.19017579
-0.38937694
-0.03868526
0.37237620
-3.14140344
1.29336345
-0.13897593
1.93380642
-1.54606509
-1.40661800
0.65521741
0.10476208
-0.93134499
0.75210094
3.80893350
-0.16448753
-1.67003369
1.05682933
-0.23976944
0.20646448
-1.29419267
1.21732533
-2.05480146
1.31379306
0.15576872
1.85117137
1.15381145
0.05675874
-0.36778310
3.80310750
-1.34593618
-0.02392087
-1.32965076
-3.87228107
-1.27039599
-0.03606254
-4.57873440
-4.43148375
0.08476503
4.45678902
-3.12529731
-4.43888998
0.10643957
0.10501533
0.28664234
1.53272414
3.59823465
-0.99416339
-5.74621058
1.80873287
0.45967841
-0.03008370
1.31925547
-1.76512074
-4.09832096
-1.07003129
1.12048364
0.07420351
1.91432381
0.20543137
-0.17281204
7.84233379
0.02686991
-0.21850413
-4.34163952
-3.89901376
-3.41743469
-0.10339037
5.22157335
2.90430903
0.11291955
0.82898575
-0.83228916
-0.91310716
0.53729290
0.00985420
0.57382345
0.36578149
1.95736241
1.09255672
-3.17034912
0.43409866
-0.11355631
-0.15302533
-0.27960336
0.60705209
-1.24130607
-0.35805583
-1.33201230
-0.26779494
0.60517949
0.12842973
-1.25121641
1.94227445
0.15590638
0.29466113
-0.63581419
0.13246349
-0.76361609
0.20016548
-0.57976723
0.20771629
-0.55855453
0.76610190
-0.50320798
-0.02025387
-0.15952328
0.31927940
-0.37198856
-1.44561827
-1.61240911
-0.02033493
1.27683246
0.40413603
-0.16098595
-0.05038552
-0.56568664
0.42769083
-0.70027393
0.48508087
-0.14901537
0.75198853
0.33256695
-0.24669600
0.87377542
0.09434950
-0.40524217
0.12181763
-0.05252067
4.29383802
1.30732846
0.01851417
-1.56394434
-3.43250251
-0.55336994
1.65416992
-0.98142588
0.02568005
0.10304664
0.43503842
0.27668902
-3.20776582
-2.25017238
-0.36471659
5.32074308
0.80679822
0.16733474
-0.11122569
0.62518299
-0.71849227
-1.39831126
-0.40378875
0.65658885
-0.54582006
1.15852427
-0.16169234
0.39734137
0.39362580
0.20887160
-0.29194564
-0.27173290
4.87990046
3.57920146
-0.14398140
-0.34644356
3.01233721
-0.37019396
0.40464413
-0.44574481
-0.03657617
-0.12621126
0.25847286
0.07039315
-0.40300956
-1.16316664
0.48158637
2.84851170
0.09219612
-0.05031217
-0.01530266
-0.16397490
0.03300438
-0.59692222
-0.05429155
-0.50733364
-0.28797540
0.25467458
0.02642936
-0.91802007
0.10519058
0.39564672
0.22876407
0.11148354
0.08169314
1.00372434
-0.05745692
1.82772195
-3.74351835
0.38837856
0.02346875
1.22435760
0.32381496
0.06245942
-0.07058484
-0.51106179
0.40858138
-1.69138026
-0.06153641
-0.43901733
-1.18337917
-0.01158798
-0.00133370
-0.33015734
0.33363175
0.07072309
0.35560480
-0.04732173
-0.09955683
-0.72990167
-0.04204717
0.67076498
0.61651361
-0.60771888
0.20073879
0.14412491
0.41519707
0.14614844
0.05062253
1.66189194
2.77264285
0.81102586
0.02078157
2.94364405
0.78386021
-0.10291602
-0.07301474
0.19661231
0.94385469
-1.09333038
-0.43917587
-0.35375246
-2.80728483
0.09005786
0.15768202
0.43198323
-0.61515296
0.18238547
-0.30869335
0.37053394
-0.03192062
-1.31233430
-0.11745887
0.21254598
0.48056203
0.55354583
-0.21584819
-0.20907143
0.57673848
0.22287735
0.02712719
-1.66059685
0.74366879
0.30529490
0.00354206
0.69850773
0.26907089
-0.23276536
-0.07375550
0.31121472
0.11588495
-0.36118892
0.49990496
-0.32193851
-0.77712226
-0.15380768
-0.11459990
-0.15341352
0.18192790
0.04763864
-0.07397918
-0.31609371
0.06184363
-0.30391356
-0.11163445
-0.77561831
0.30374715
0.18853413
0.08205610
0.03262613
0.31024837
0.12114177
-0.04895087
0.00020243
-3.66921329
-0.50224185
0.06615049
1.75435841
-0.43636927
-0.01167504
0.14721480
-0.60014343
0.37245733
2.80151868
-0.11544091
1.75119019
-1.67976022
-0.01766787
-0.06745294
-0.60829753
0.77692205
0.07434293
0.56065929
-0.02321046
0.35277021
0.50431484
-0.35348797
0.38569602
-0.53704304
-0.31562415
0.27216506
0.21225609
-0.60766375
-0.47779593
0.10557035
-2.53901482
1.33243227
-0.05248465
0.20966479
3.66591024
-0.91894805
0.17044613
0.10826929
0.32134098
0.49057043
2.41693282
-0.62380731
5.54271984
-3.24413300
0.17435002
0.05034079
0.69091755
-0.98786277
0.19030954
-0.47129962
0.48694664
-0.62576795
0.74975103
-0.15429445
0.22102982
-0.65233260
0.30067751
-0.12104203
-0.28207558
-1.22640336
-0.89953506
-0.09524511
5.09731865
2.16959810
-0.20402656
-0.03112755
0.88933206
-0.30941290
-0.27285028
0.09093400
0.23426104
0.11354057
1.30447233
0.73185962
3.30152345
-0.58023828
0.00164730
-0.04529109
-0.21128252
0.02738444
-0.04992524
-0.01346136
-0.47900632
-0.20779803
0.16089165
-0.06598341
-0.44080630
-0.38424638
0.11846042
0.28864789
0.07712056
-0.47692466
-0.21530713
-0.12036932
-2.57960057
-2.28679752
-0.08837259
-0.06460356
0.59140450
0.08139337
-0.32306537
0.17737360
-0.21897784
-0.70038998
-1.16896772
-0.03840389
-1.29081464
-0.54861337
-0.02404665
-0.03210608
-0.14749236
0.30885363
0.04113685
0.17518926
-0.07369021
-0.05285815
0.27794379
-0.60456705
0.25260088
0.02630812
0.01254731
0.26466656
0.12980670
0.49783033
0.21605635
0.00541566
-0.74301517
0.72910386
0.98461747
-0.12409492
1.11503088
0.25221407
0.24255849
0.17442121
0.27977383
-1.52646291
-1.08922112
-0.31175137
-5.16758204
-1.48178315
-0.07154857
0.15097529
0.30312702
-0.12727281
0.04267174
-0.21019243
0.18021832
-0.07526740
0.50853097
-0.65287155
0.04187222
-0.03663862
0.01492636
-0.37341225
0.06382454
0.42438751
0.72400439
0.11767443
-1.09587562
1.54782844
0.27057034
-0.05531195
0.38047844
0.03996660
-0.17638110
0.09590525
-0.04457655
-0.26547053
-1.01895082
0.23468708
-2.96098399
-0.30840421
0.04172834
-0.00999991
-0.07404430
0.01181871
0.05018272
0.03447296
-0.13771723
0.11772294
0.08045506
-0.17404678
-0.35350913
0.01161686
0.01993016
0.17761773
0.10059256
0.21002288
0.13630049
-0.03260989
1.84080172
