4.18750000
-0.93750000
-1.68750000
-0.12500000
1.43750000
-0.18750000
-0.12500000
-0.56250000
0.43750000
-0.50000000
0.12500000
0.25000000
0.37500000
1.43750000
-0.50000000
-0.18750000
-0.18750000
1.43750000
0.68750000
-0.06250000
1.12500000
-1.25000000
1.06250000
0.75000000
3.06250000
-1.18750000
0.12500000
0.31250000
0.18750000
0.00000000
-2.62500000
4.93750000
-4.62500000
-2.87500000
-3.68750000
-0.50000000
4.06250000
-0.06250000
-0.06250000
0.12500000
1.00000000
0.06250000
-0.37500000
0.37500000
1.37500000
2.12500000
-0.81250000
0.31250000
-0.56250000
3.00000000
-0.31250000
0.56250000
-0.93750000
-2.31250000
1.06250000
0.43750000
7.18750000
0.43750000
-0.37500000
-0.50000000
0.18750000
-0.50000000
-1.00000000
-2.56250000
0.62500000
-1.25000000
-0.87500000
-0.12500000
1.12500000
0.37500000
-0.06250000
0.50000000
0.12500000
0.06250000
0.43750000
0.12500000
0.25000000
0.75000000
-1.75000000
-0.12500000
0.68750000
0.93750000
-0.25000000
-0.50000000
-0.37500000
-0.68750000
0.50000000
-1.31250000
1.75000000
0.62500000
0.37500000
0.12500000
0.12500000
-0.06250000
-0.12500000
-2.31250000
7.12500000
0.43750000
-2.12500000
-0.37500000
-1.37500000
-0.06250000
-0.18750000
-0.62500000
0.75000000
1.00000000
0.06250000
-0.56250000
0.50000000
0.25000000
0.12500000
-0.43750000
0.25000000
1.87500000
1.00000000
0.06250000
4.00000000
1.06250000
0.37500000
0.37500000
-3.25000000
-0.81250000
-3.81250000
0.25000000
4.43750000
-0.93750000
-0.18750000
-3.06250000
-3.06250000
0.25000000
-4.37500000
-0.62500000
-4.31250000
0.12500000
-0.25000000
0.25000000
1.43750000
0.25000000
-0.75000000
-0.75000000
1.56250000
0.18750000
-0.12500000
0.62500000
-0.93750000
3.43750000
-0.75000000
0.75000000
3.18750000
1.62500000
0.37500000
0.31250000
-7.37500000
0.18750000
6.68750000
-0.68750000
5.06250000
-2.93750000
-0.25000000
-1.12500000
-3.81250000
0.25000000
-0.75000000
0.06250000
-1.12500000
-0.12500000
-0.12500000
0.37500000
0.25000000
0.06250000
0.62500000
-0.31250000
0.31250000
-0.06250000
-0.31250000
-0.06250000
0.81250000
1.18750000
-0.31250000
-0.75000000
1.18750000
0.25000000
0.12500000
-0.93750000
-1.68750000
0.56250000
-3.68750000
0.31250000
0.12500000
-0.68750000
0.18750000
3.87500000
-0.06250000
0.50000000
-0.75000000
-0.06250000
0.06250000
-0.25000000
-0.06250000
-0.25000000
-1.12500000
-0.06250000
0.06250000
0.25000000
0.25000000
-0.12500000
0.06250000
-0.12500000
0.06250000
0.68750000
0.43750000
-0.12500000
0.93750000
0.43750000
-0.25000000
0.12500000
-0.12500000
0.00000000
0.25000000
0.37500000
-4.68750000
1.18750000
0.06250000
-0.68750000
5.50000000
0.37500000
-1.68750000
-0.12500000
0.06250000
0.12500000
0.00000000
0.18750000
-2.37500000
0.00000000
-0.31250000
0.31250000
0.62500000
0.12500000
0.00000000
0.25000000
-0.37500000
1.50000000
-0.37500000
0.43750000
-0.87500000
0.93750000
-0.18750000
0.43750000
-0.43750000
0.06250000
-0.06250000
-0.37500000
-5.18750000
3.12500000
0.00000000
-0.43750000
-5.12500000
0.50000000
-0.37500000
0.06250000
-0.25000000
-0.12500000
0.00000000
0.06250000
-0.56250000
-0.31250000
0.25000000
0.18750000
0.18750000
-0.06250000
-0.06250000
0.00000000
0.31250000
0.62500000
0.00000000
-0.25000000
-0.18750000
0.18750000
-0.18750000
-0.50000000
-0.12500000
0.00000000
0.37500000
0.12500000
-0.12500000
0.62500000
-0.06250000
1.06250000
-3.25000000
1.00000000
1.75000000
-0.93750000
1.43750000
2.25000000
-0.06250000
-0.75000000
0.50000000
-2.56250000
-0.12500000
0.37500000
0.87500000
-0.37500000
0.43750000
-0.75000000
0.37500000
-1.31250000
0.93750000
0.06250000
0.68750000
-1.75000000
0.25000000
-3.18750000
-3.68750000
-3.00000000
0.18750000
0.06250000
-0.68750000
-0.12500000
-0.50000000
6.43750000
5.31250000
0.68750000
3.56250000
-2.50000000
4.37500000
6.31250000
0.00000000
0.18750000
1.68750000
-1.87500000
-0.75000000
0.43750000
1.37500000
0.68750000
0.00000000
0.87500000
-1.06250000
-2.93750000
-0.62500000
0.81250000
-0.18750000
-3.25000000
0.06250000
-2.62500000
-7.37500000
-3.12500000
-0.50000000
-0.37500000
-0.81250000
-0.12500000
0.00000000
-3.06250000
-1.93750000
0.43750000
0.81250000
-0.68750000
1.18750000
3.75000000
-0.06250000
0.62500000
0.18750000
-0.62500000
0.75000000
0.25000000
0.37500000
-0.06250000
-0.68750000
-0.06250000
0.87500000
-0.87500000
-0.31250000
-0.93750000
-0.37500000
-0.62500000
-0.06250000
-2.25000000
-1.93750000
-2.12500000
0.31250000
0.18750000
-0.37500000
-0.06250000
0.37500000
-3.12500000
1.31250000
-0.12500000
1.93750000
-1.56250000
-1.43750000
0.62500000
0.12500000
-0.93750000
0.75000000
3.81250000
-0.18750000
-1.68750000
1.06250000
-0.25000000
0.18750000
-1.31250000
1.18750000
-2.06250000
1.31250000
0.12500000
1.87500000
1.12500000
0.06250000
-0.37500000
3.81250000
-1.37500000
0.00000000
-1.31250000
-3.87500000
-1.25000000
-0.06250000
-4.56250000
-4.43750000
0.06250000
4.43750000
-3.12500000
-4.43750000
0.12500000
0.12500000
0.31250000
1.56250000
3.62500000
-1.00000000
-5.75000000
1.81250000
0.43750000
0.00000000
1.31250000
-1.75000000
-4.12500000
-1.06250000
1.12500000
0.06250000
1.93750000
0.18750000
-0.18750000
7.81250000
0.00000000
-0.18750000
-4.31250000
-3.87500000
-3.43750000
-0.12500000
5.25000000
2.87500000
0.12500000
0.81250000
-0.81250000
-0.93750000
0.56250000
0.00000000
0.56250000
0.37500000
1.93750000
1.06250000
-3.18750000
0.43750000
-0.12500000
-0.12500000
-0.25000000
0.62500000
-1.25000000
-0.37500000
-1.31250000
-0.25000000
0.62500000
0.12500000
-1.25000000
1.93750000
0.12500000
0.31250000
-0.62500000
0.12500000
-0.75000000
0.18750000
-0.56250000
0.18750000
-0.56250000
0.75000000
-0.50000000
0.00000000
-0.18750000
0.31250000
-0.37500000
-1.43750000
-1.62500000
0.00000000
1.25000000
0.37500000
-0.18750000
-0.06250000
-0.56250000
0.43750000
-0.68750000
0.50000000
-0.12500000
0.75000000
0.31250000
-0.25000000
0.87500000
0.12500000
-0.37500000
0.12500000
-0.06250000
4.31250000
1.31250000
0.00000000
-1.56250000
-3.43750000
-0.56250000
1.62500000
-1.00000000
0.00000000
0.12500000
0.43750000
0.25000000
-3.18750000
-2.25000000
-0.37500000
5.31250000
0.81250000
0.18750000
-0.12500000
0.62500000
-0.68750000
-1.37500000
-0.37500000
0.68750000
-0.56250000
1.18750000
-0.18750000
0.37500000
0.37500000
0.18750000
-0.31250000
-0.25000000
4.87500000
3.56250000
-0.12500000
-0.37500000
3.00000000
-0.37500000
0.37500000
-0.43750000
-0.06250000
-0.12500000
0.25000000
0.06250000
-0.37500000
-1.18750000
0.50000000
2.87500000
0.06250000
-0.06250000
0.00000000
-0.18750000
0.06250000
-0.62500000
-0.06250000
-0.50000000
-0.31250000
0.25000000
0.00000000
-0.93750000
0.12500000
0.37500000
0.25000000
0.12500000
0.06250000
1.00000000
-0.06250000
1.81250000
-3.75000000
0.37500000
0.00000000
1.25000000
0.31250000
0.06250000
-0.06250000
-0.50000000
0.43750000
-1.68750000
-0.06250000
-0.43750000
-1.18750000
0.00000000
0.00000000
-0.31250000
0.31250000
0.06250000
0.37500000
-0.06250000
-0.12500000
-0.75000000
-0.06250000
0.68750000
0.62500000
-0.62500000
0.18750000
0.12500000
0.43750000
0.12500000
0.06250000
1.68750000
2.75000000
0.81250000
0.00000000
2.93750000
0.81250000
-0.12500000
-0.06250000
0.18750000
0.93750000
-1.06250000
-0.43750000
-0.37500000
-2.81250000
0.06250000
0.18750000
0.43750000
-0.62500000
0.18750000
-0.31250000
0.37500000
-0.06250000
-1.31250000
-0.12500000
0.18750000
0.50000000
0.56250000
-0.18750000
-0.18750000
0.56250000
0.25000000
0.00000000
-1.68750000
0.75000000
0.31250000
0.00000000
0.68750000
0.25000000
-0.25000000
-0.06250000
0.31250000
0.12500000
-0.37500000
0.50000000
-0.31250000
-0.75000000
-0.12500000
-0.12500000
-0.12500000
0.18750000
0.06250000
-0.06250000
-0.31250000
0.06250000
-0.31250000
-0.12500000
-0.75000000
0.31250000
0.18750000
0.06250000
0.06250000
0.31250000
0.12500000
-0.06250000
0.00000000
-3.68750000
-0.50000000
0.06250000
1.75000000
-0.43750000
0.00000000
0.12500000
-0.62500000
0.37500000
2.81250000
-0.12500000
1.75000000
-1.68750000
0.00000000
-0.06250000
-0.62500000
0.75000000
0.06250000
0.56250000
0.00000000
0.37500000
0.50000000
-0.37500000
0.37500000
-0.56250000
-0.31250000
0.25000000
0.18750000
-0.62500000
-0.50000000
0.12500000
-2.56250000
1.31250000
-0.06250000
0.18750000
3.68750000
-0.93750000
0.18750000
0.12500000
0.31250000
0.50000000
2.43750000
-0.62500000
5.56250000
-3.25000000
0.18750000
0.06250000
0.68750000
-1.00000000
0.18750000
-0.50000000
0.50000000
-0.62500000
0.75000000
-0.12500000
0.25000000
-0.62500000
0.31250000
-0.12500000
-0.31250000
-1.25000000
-0.87500000
-0.12500000
5.12500000
2.18750000
-0.18750000
0.00000000
0.87500000
-0.31250000
-0.25000000
0.06250000
0.25000000
0.12500000
1.31250000
0.75000000
3.31250000
-0.56250000
0.00000000
-0.06250000
-0.18750000
0.00000000
-0.06250000
0.00000000
-0.50000000
-0.18750000
0.18750000
-0.06250000
-0.43750000
-0.37500000
0.12500000
0.31250000
0.06250000
-0.50000000
-0.18750000
-0.12500000
-2.56250000
-2.31250000
-0.06250000
-0.06250000
0.56250000
0.06250000
-0.31250000
0.18750000
-0.25000000
-0.68750000
-1.18750000
-0.06250000
-1.31250000
-0.56250000
0.00000000
-0.06250000
-0.12500000
0.31250000
0.06250000
0.18750000
-0.06250000
-0.06250000
0.25000000
-0.62500000
0.25000000
0.00000000
0.00000000
0.25000000
0.12500000
0.50000000
0.18750000
0.00000000
-0.75000000
0.75000000
1.00000000
-0.12500000
1.12500000
0.25000000
0.25000000
0.18750000
0.25000000
-1.50000000
-1.06250000
-0.31250000
-5.18750000
-1.50000000
-0.06250000
0.12500000
0.31250000
-0.12500000
0.06250000
-0.18750000
0.18750000
-0.06250000
0.50000000
-0.62500000
0.06250000
-0.06250000
0.00000000
-0.37500000
0.06250000
0.43750000
0.75000000
0.12500000
-1.12500000
1.56250000
0.25000000
-0.06250000
0.37500000
0.06250000
-0.18750000
0.12500000
-0.06250000
-0.25000000
-1.00000000
0.25000000
-2.93750000
-0.31250000
0.06250000
0.00000000
-0.06250000
0.00000000
0.06250000
0.06250000
-0.12500000
0.12500000
0.06250000
-0.18750000
-0.37500000
0.00000000
0.00000000
0.18750000
0.12500000
0.18750000
0.12500000
-0.06250000
1.81250000
