-0.01562500
0.01757812
-0.00195312
-0.01367188
-0.00390625
-0.04687500
-0.02929688
-0.01953125
-0.00781250
-0.00585938
-0.01757812
-0.02539062
0.00781250
-0.01953125
0.01562500
0.00585938
0.02539062
-0.03125000
-0.00781250
0.02148438
-0.00390625
-0.03125000
0.05468750
0.02148438
0.04296875
-0.00976562
-0.04882812
0.06054688
-0.00195312
-0.00781250
-0.02929688
0.00781250
-0.00781250
0.01367188
-0.06250000
0.01367188
0.03320312
0.00000000
-0.10937500
-0.01367188
0.01171875
0.01562500
0.01562500
0.00000000
0.00195312
-0.01367188
0.00195312
-0.01367188
-0.01171875
-0.04687500
-0.02343750
-0.03320312
-0.00781250
-0.02148438
-0.02343750
-0.10546875
0.00195312
0.00195312
-0.09179688
-0.01367188
-0.15234375
0.00195312
-0.00195312
0.00390625
