0.08203125
0.11914062
0.01367188
0.17382812
-0.05273438
0.00781250
-0.16796875
-0.17968750
0.02929688
0.04296875
0.04687500
0.06054688
-0.09375000
-0.00585938
0.14843750
-0.04101562
-0.25000000
0.15625000
-0.25000000
-0.15820312
-0.25000000
0.16796875
-0.10351562
0.24804688
-0.15625000
-0.04492188
0.14062500
-0.12890625
0.12304688
-0.02539062
0.09960938
-0.06640625
-0.06640625
-0.20312500
-0.12890625
0.00000000
-0.09570312
0.00976562
-0.25000000
-0.13867188
0.00390625
-0.25000000
0.00585938
-0.07617188
0.24804688
-0.01367188
0.05859375
0.16015625
