-0.12500000
-0.11035156
0.12402344
0.07031250
-0.12011719
-0.12207031
0.12402344
-0.10351562
0.02050781
0.00390625
-0.06152344
-0.10253906
-0.01562500
0.02734375
0.05468750
-0.10839844
0.07128906
-0.00390625
0.02343750
-0.11523438
0.06640625
-0.03808594
-0.11425781
-0.12500000
0.04980469
-0.06445312
0.10937500
-0.12500000
-0.12500000
0.08691406
-0.04589844
-0.05957031
0.12402344
0.00390625
-0.01074219
0.00292969
0.05078125
-0.12500000
0.12402344
0.04394531
0.05957031
-0.12207031
-0.04101562
0.06738281
-0.12500000
0.04589844
-0.12500000
-0.12304688
