-0.12500000
-0.04492188
-0.12500000
0.02734375
-0.12500000
-0.06542969
-0.00097656
-0.06250000
-0.12500000
0.03906250
0.02539062
-0.12500000
-0.12500000
-0.12500000
-0.12500000
-0.12500000
-0.08789062
-0.12304688
-0.12500000
-0.12500000
-0.12500000
-0.12500000
-0.08789062
0.03906250
-0.12500000
-0.01367188
-0.04199219
-0.09375000
0.01953125
-0.12500000
-0.12500000
-0.09960938
-0.12500000
-0.12500000
0.02343750
-0.12500000
-0.12500000
-0.12500000
0.09570312
-0.12500000
-0.10546875
-0.12500000
-0.12500000
-0.12500000
0.01074219
0.03808594
-0.12011719
-0.12500000
-0.12500000
-0.02929688
-0.05371094
-0.09667969
0.02441406
-0.12500000
-0.02539062
-0.12500000
-0.12500000
-0.09082031
-0.12500000
-0.12500000
0.05273438
-0.08496094
-0.07519531
-0.12500000
-0.12500000
-0.01757812
-0.10546875
-0.07910156
-0.12500000
-0.12500000
-0.12500000
-0.10351562
-0.12500000
0.06250000
-0.11718750
-0.12500000
-0.12500000
0.00488281
-0.06445312
-0.08300781
-0.12500000
0.06054688
-0.03613281
-0.11132812
-0.12500000
-0.12500000
-0.12500000
-0.12500000
-0.04980469
-0.12500000
0.00878906
-0.12500000
-0.12500000
-0.12500000
-0.12500000
-0.12500000
-0.12500000
-0.12500000
0.03222656
0.09667969
-0.03906250
0.02539062
-0.12500000
-0.08789062
-0.10937500
-0.08691406
-0.12500000
-0.12500000
-0.12500000
0.00488281
-0.12500000
-0.05078125
-0.12500000
-0.12500000
-0.12500000
-0.12500000
-0.12500000
-0.09667969
-0.09570312
-0.12500000
-0.12500000
-0.05175781
-0.08496094
-0.04882812
-0.12500000
-0.12500000
-0.12500000
0.02539062
0.01074219
-0.12500000
-0.12500000
-0.12500000
0.04589844
-0.04101562
-0.12304688
-0.04980469
-0.00390625
-0.04492188
-0.12500000
-0.01855469
-0.12500000
-0.12500000
-0.03125000
-0.11035156
-0.08593750
-0.03906250
-0.12500000
0.00781250
-0.12500000
0.02050781
-0.12500000
-0.12500000
-0.08886719
0.04785156
-0.09179688
-0.06445312
-0.12500000
0.06835938
-0.09375000
-0.06933594
-0.03125000
0.04882812
-0.06347656
0.06835938
0.04687500
-0.12500000
-0.10058594
-0.12500000
-0.04101562
-0.00585938
-0.12500000
-0.00878906
-0.03222656
-0.12500000
-0.12500000
0.03417969
-0.04199219
-0.12500000
0.01855469
-0.12500000
-0.11621094
-0.07519531
0.00097656
-0.12500000
-0.03027344
-0.12500000
-0.08886719
-0.12500000
-0.05859375
0.00878906
0.03906250
-0.12500000
