-0.04035552
-0.30215058
0.37276983
-0.03758224
-0.28796133
0.22135942
-0.32916498
0.09631920
0.33063141
-0.37331375
-0.30784544
-0.37170410
-0.20604689
-0.28076109
-0.29099259
-0.37403297
-0.15405893
-0.01880121
-0.36792359
0.16429710
-0.33807310
-0.16951990
0.03649155
-0.27199921
-0.33119059
-0.33068848
-0.04860671
-0.30150351
-0.35020050
-0.16259511
-0.33202109
-0.36723694
0.17016856
-0.35204825
0.07040977
0.23063152
-0.23455556
-0.20275354
0.15322892
-0.37082863
0.00637452
-0.15927489
0.13086955
-0.35382447
-0.02778562
0.25634018
-0.23545058
-0.15105040
-0.35519394
-0.32281351
-0.03293467
0.16429710
-0.36985016
-0.16369613
-0.26602936
-0.20800765
-0.22575617
-0.29822525
-0.10555458
-0.33621153
0.09796286
0.03854005
-0.31488276
0.14399736
0.31597281
-0.21858723
-0.36227021
-0.35726866
0.26014724
-0.12783797
-0.02590370
-0.37087998
-0.35810789
-0.11131795
-0.18232584
-0.34828123
-0.09087356
0.14055650
0.07574717
0.15149181
-0.31507811
-0.10056496
0.01280276
-0.17347653
-0.26231322
0.09358612
-0.36498627
-0.27199921
-0.18302520
-0.33382019
0.49012390
-0.26338133
-0.16988118
0.26779571
-0.35485587
0.14572208
0.15380859
-0.32916498
0.09467840
-0.11701902
0.10511843
-0.32515463
-0.24453163
-0.03433228
-0.37430763
0.19337098
-0.11172724
0.56742495
-0.30618224
-0.35789999
-0.08575042
-0.14726114
-0.12585194
-0.35810789
0.10843913
-0.33068848
-0.15368398
-0.23870786
-0.29756102
-0.34077963
-0.29351553
-0.27276549
0.05563418
-0.12305816
0.03854005
-0.37282419
0.11455679
0.03854005
