-0.09863281
-0.75097656
0.54687500
-0.14648438
-0.70312500
0.29003906
-1.09960938
0.13378906
0.50390625
-1.35644531
-0.74023438
-1.61132812
-0.37695312
-0.70703125
-0.75000000
-1.61816406
-0.23437500
0.02441406
-1.17285156
0.25488281
-0.97656250
-0.26464844
-0.05273438
-0.65625000
-0.95703125
-0.94433594
-0.04199219
-0.71679688
-1.82714844
-0.47753906
-0.90722656
-1.15917969
0.25976562
-1.00390625
0.12011719
0.28222656
-0.62304688
-0.45214844
0.18750000
-1.53320312
0.13085938
-0.36621094
0.27929688
-1.03320312
0.04687500
0.42968750
-0.66015625
-0.27539062
-1.12304688
-0.85644531
-0.14355469
0.26464844
-1.29687500
-0.34277344
-0.70312500
-0.38671875
-0.50976562
-0.69628906
-0.30175781
-1.01367188
0.09570312
0.07617188
-0.88964844
0.20019531
0.49804688
-0.63183594
-1.14843750
-1.06250000
0.32812500
-0.31054688
-0.05957031
-1.24609375
-1.05664062
-0.26171875
-0.30468750
-0.97460938
-0.16308594
0.13476562
0.18457031
0.15332031
-1.98828125
-0.26660156
0.09960938
-0.38574219
-0.67187500
0.16796875
-1.22949219
-0.74707031
-0.32910156
-0.90039062
0.65429688
-0.65917969
-0.46972656
0.34472656
-1.16015625
0.17968750
0.24511719
-1.02539062
0.27636719
-0.26074219
0.32226562
-0.99414062
-0.69531250
-0.01757812
-1.31054688
0.22265625
-0.33203125
0.78417969
-0.83789062
-1.20996094
-0.09667969
-0.29003906
-0.25585938
-1.16503906
0.31152344
-0.85937500
-0.31445312
-0.51269531
-0.71386719
-1.06738281
-0.84667969
-0.59179688
0.00683594
-0.28808594
0.08886719
-1.38671875
0.19433594
0.11816406
