-0.47552522
-1.77240586
-0.97311942
-0.10779686
-0.10793875
-1.79393125
-1.08092351
-0.49132881
-0.96720119
-1.19412595
-1.20842825
-0.41896790
0.16981568
-1.87137048
-1.44328126
-0.35178947
-2.27408907
-0.02823380
-1.98402699
-1.88014487
-1.92916223
-1.28065050
0.09547672
0.17092144
-1.60715721
-0.44001149
-1.09748118
-1.22257639
-1.71956278
0.02042884
0.73069171
-1.11905914
-0.81312567
-1.28524108
0.17237841
-0.23645588
-0.26003663
-0.85899821
-0.04364414
-1.23280929
-0.67949956
-0.81184440
-1.28099490
-1.75314008
1.34816528
-1.31997093
-1.68056000
0.04311241
-1.70321016
0.04786435
0.01907115
-2.30895278
-0.28561770
-0.90835382
-1.38638965
-0.11058066
0.46093289
-0.98016693
-0.02913248
-1.19109767
-1.43516465
-0.59350094
-1.40720686
-0.53908622
-0.12889610
-0.24157314
-0.18899482
-1.08187129
-0.86448479
-1.06550439
-0.13322086
-1.51284837
-0.09250673
-0.61365693
-1.52939572
-0.47689008
-1.15010923
-1.24640971
-0.90024753
-1.20272735
-1.46084786
-0.87892007
-1.09352203
-0.62046794
-1.29517921
-0.18964971
-1.57424505
-1.39660520
-0.14981967
-0.81428714
0.40748348
-1.31610863
-0.68595364
0.82228239
0.10766167
-1.63079517
0.04864102
-1.26507039
0.24109200
-1.11968706
-1.61706808
-0.33935062
-1.86211877
-0.08493198
-0.90544672
-0.14379474
-0.16324526
-0.55094737
-0.01085207
-1.67559171
-0.34992351
-1.86745438
-0.72850812
-1.11358907
-1.54716377
-0.30561138
-0.64667397
-0.58549356
-0.02461539
-1.15565392
0.84276896
-1.96533983
-0.72789571
-1.99494106
-0.42448487
0.06655538
-0.83392491
0.35031383
-1.20975639
-1.41182467
-1.70640215
0.36427192
-1.51589073
-0.33579330
-0.66815671
-0.43093239
-0.81827310
-0.16600546
-0.84245171
-1.46513883
-1.09587718
-1.03995550
0.89437922
-0.56155276
-0.46873823
-1.07025656
-1.30150809
0.50274475
0.95758202
0.32783617
-0.89448375
-1.37243157
-1.24087969
-1.75754826
0.77837885
0.22925523
-1.18694809
-0.38774806
-1.53008216
-1.26298069
-1.04855078
0.06671017
-1.69228452
-0.05029542
-0.78779965
-0.52758709
-1.53509678
-1.98796734
-1.10919932
-1.97862991
-0.68550933
-1.71861927
-0.71655533
0.08518477
-0.08882226
-1.89637461
-0.85217747
-1.24769219
0.50246951
-0.25098132
-0.02913208
-1.41764173
-0.95200558
-0.95232297
-1.55389916
-1.14373834
-0.02207971
-0.58027202
-0.44636175
0.19010582
0.53938672
-0.82890573
-0.31613187
-0.42536819
-0.88202738
0.04196984
-1.14645239
-1.37396467
-0.26457885
-1.48096490
-0.46694601
-1.88573205
0.37067075
-0.37289886
-0.10159221
-1.00819845
-1.31695940
-1.28561214
-0.71588084
-0.99248484
-0.89222959
-1.47235045
-0.60030645
0.04603812
-1.82663801
0.11619177
-0.22041379
-1.90688379
-0.23852951
-2.34945194
-1.62255718
-0.59288958
-0.90921858
-0.56815747
0.17352190
0.34595557
-0.78703622
0.28100230
-0.91748643
-1.92515757
-0.13785532
-1.68264008
1.36846860
-1.97732522
-0.03814108
0.12087030
-0.81876313
-0.94332692
-1.35797115
1.10315375
-2.26700552
-1.31028620
-0.34668555
-1.72825884
0.12509962
-0.00202488
-1.17805156
-0.94809196
-1.09207705
0.10316763
-1.22334491
-0.34579847
-1.01383940
-1.54548944
-0.00129976
0.41116543
0.06352774
-1.06134309
-0.41259332
-1.49055682
-0.73607196
-0.39883366
-1.20675857
-0.88422105
-1.59981211
-0.82217174
-0.20540457
-1.87791540
-1.85867028
-1.51456116
-1.10416821
-0.86936827
-1.38940274
-0.14709645
-0.13160898
-0.22910918
0.50146279
-1.31486801
-0.14173657
0.51273571
-0.31890122
-1.63479634
-1.25287908
1.09645339
-0.81575391
-1.86050475
-0.58121577
-1.03878975
1.27228529
-0.91650722
-0.35306995
-0.36625833
-0.84187002
0.25229255
-1.42125874
-1.21337700
0.03036284
0.19183845
-0.22017647
-1.04516070
-0.07818769
-0.05557638
0.13596749
-1.03257911
0.10088293
-1.08891361
-0.42230092
0.09034927
-1.10699891
-0.56341989
0.06238882
0.53457107
-0.97666726
-0.05319161
-1.57011720
-0.47755199
0.00739849
-0.67111012
-0.02515365
0.02491334
-1.73186263
-0.40518607
-0.26535858
-1.64926693
0.02771492
0.01868996
-1.55293360
-2.21353696
-1.98715667
-0.02069654
-0.13407956
-1.89993831
-0.06504857
-0.08117149
-2.05434742
-1.71696218
-0.68363995
-0.75285252
-1.26012353
-0.99515922
-1.00597343
-1.46586034
-1.85559589
-0.21062426
-1.42767695
-1.02385968
-0.96858761
-0.57187026
-1.64348503
-1.52266498
0.03341462
-1.15784427
-2.47234197
-0.69622921
-2.69682056
-1.39976300
-1.62569613
-0.73585426
-1.34506179
-2.52720043
-2.03128067
-0.63043932
0.26906650
0.07535696
-0.27975089
-0.48171648
-0.45706486
-0.30428625
0.87605393
-1.15175523
-0.75640399
-0.96184619
-0.55472162
-0.25187770
-0.34061279
0.06511471
-0.80193709
-1.15889378
-1.73891068
-1.45845334
-0.10154782
-2.07975332
-1.07292493
-0.77447573
-1.62216819
0.23150918
-0.53317206
-0.12231625
-1.81312991
0.12706875
-0.94354158
-1.01127031
-0.02029647
-1.28711375
-1.78618345
0.49835139
-0.00088613
-0.91208968
0.04113793
-0.06845318
-1.44362015
-1.21615967
-1.75958539
-0.39173123
-0.82982310
-0.16420738
-0.35389068
-1.53196068
-1.29772686
-0.07232207
-0.21101712
-1.01771857
-1.10242248
-0.43246410
-0.38894864
-0.12003233
-1.04138314
-0.94562453
-1.11693801
-0.16923435
0.67740324
0.14209995
0.70033575
-1.48362982
-0.31785902
-1.80525985
0.67715630
-1.05770680
-1.57660565
-0.91096338
-0.99154219
-0.72643061
-0.29363197
0.12490622
-0.13346561
-0.04331222
-1.38619565
-1.19834635
-0.17320242
-0.10468596
0.10314903
-1.14901863
-0.26034605
-0.53061241
-0.49189064
0.38193675
1.01574214
-0.42865444
-1.61449018
-0.37508322
-1.09473903
0.45042036
0.41750893
-0.24537855
0.17243589
-1.91837069
-0.29584299
0.04926873
-1.65362199
-0.75921978
-0.11525296
-1.96662178
-1.54170393
-0.90272433
0.02645503
-0.94269932
-0.42976784
-0.31606452
-2.31528049
-1.41655095
-1.14261099
-0.34134254
0.17607834
-0.49351387
-1.10698935
-0.02248489
-0.54726877
-0.08847397
-0.84393675
-1.32469605
0.42991417
-0.74509016
0.09376529
-0.42215059
-0.88932859
-0.72640963
-0.45896793
0.19445491
-0.47375978
0.37656342
-1.09158964
-0.99399162
0.58703416
0.08617573
0.38224589
-2.11979952
-0.02147062
-0.91446673
-1.64656314
-0.14419190
-0.66232409
-1.29772547
-0.35958803
-1.88648807
-0.10237182
-0.03279138
1.68323618
0.71984482
-1.06375345
-0.35912099
-1.64543808
-0.19829852
0.02936071
-0.14251478
-0.87086097
-1.46045436
-0.99035669
-0.23240730
-0.44909155
2.13190576
-0.55661354
-0.59938456
-0.32456405
0.06835723
-1.63835834
-0.59628869
-1.05260124
-1.33425862
-1.02987185
0.55536921
-1.00211989
0.36242980
-1.29188845
-1.82525427
0.42036104
1.31838751
-0.39239425
-0.77634167
-0.91377131
-0.35932690
0.05753773
-1.88076029
0.01516292
-0.62132485
-0.76210510
-1.61690419
-0.22287177
-0.17751491
-1.10929825
-0.78546254
-0.20996454
-0.58020507
-1.09755580
0.03796625
-0.68868319
-1.36366462
-1.62748496
-0.96550674
0.53776727
-2.11396653
-0.87060888
-0.97362937
-0.08900788
-1.41936767
-1.03886565
-0.90158766
-0.98072687
-0.63380421
-0.67207993
-1.56867645
-0.64322098
-0.09222543
-0.15116694
-0.73412574
-0.09056293
-1.04930155
0.05683503
-1.58109687
-0.51772832
-1.57496084
-1.68631156
-1.09575810
-0.16521185
-0.90850016
-0.72040470
1.04274564
0.37717198
-1.13277031
-1.01859467
-1.68448246
-0.23117470
-0.26547309
-0.60271902
-0.74320788
-0.56041775
-0.02454323
0.22997670
-0.31542567
-0.64100319
-1.02038961
0.44601778
-1.09442216
-0.65762814
-0.48420818
-0.14852299
-1.58764450
-0.23160566
-1.25027848
0.33615871
-0.89955800
-1.47743433
-0.35628133
-0.79858418
-1.37286162
0.04518653
-0.35176147
-1.47354057
0.11986450
-1.12968557
-1.46895075
-0.94103873
-1.52980033
-1.46326230
-0.54902830
-1.18716277
-1.58767354
-1.49800945
-0.76794355
-1.15933441
-1.01310178
-2.67339029
-0.38285936
-0.01264391
0.81887085
0.04182514
0.59624863
-0.12128146
0.07240356
-1.18521674
1.69821334
-1.13223304
-0.27162593
-1.25617111
-1.36106586
-1.44762085
-2.09385083
-0.37515835
-1.13344253
-0.20337944
-1.40877019
-0.57964711
0.13712284
1.03644530
-0.04166537
-1.07358919
0.07520399
-0.59950176
-1.07551892
-0.65881228
-0.00747461
-1.39495819
-1.70745573
-0.20280047
-1.00194412
-0.91999140
0.17499644
-1.15443005
-0.12318176
-1.34516340
-0.82144065
-1.32343630
1.22659787
-0.15264818
-1.96782063
-0.09519080
-1.47427123
-0.35041454
-0.58235175
-1.36294043
-0.10747224
-0.01323615
-0.90926352
-1.08643459
-1.06294606
-1.12973930
-1.08266887
-1.15401124
-0.60639963
1.18679576
-0.99939083
-0.06965811
-0.52849429
0.10872134
-0.79362581
0.09435557
-1.59391587
-0.31423793
0.09868272
-1.44101392
0.36002100
-1.56994082
0.97321429
-1.29848021
-0.85614099
-0.14293605
-0.37882429
-0.37941487
0.10615300
-0.86938841
-1.49270379
-0.39601183
-1.37054209
-0.65623337
0.16228457
-0.69996955
1.47637165
-0.58873324
-0.12272967
-1.37175890
-0.55554379
-1.64659930
-1.43432702
-0.91610156
-0.96132236
-0.86906792
-0.50853318
-1.10678295
-0.28244112
-0.17960121
-1.29298145
-0.55628722
-1.18161682
-1.03411694
-0.03620013
0.07405807
-1.35817997
-0.99048542
-0.90649211
-0.37485048
0.02364499
-1.18803338
-0.33923756
0.31511067
0.57414923
-0.43209674
-0.49901797
0.71629025
-1.26492948
-1.14753282
-0.78427375
-0.60989631
-1.73961034
-0.72453026
-0.54641452
-1.66644852
-0.63783638
-0.57928736
-0.87553652
-0.72505425
-1.04102534
0.04136639
-1.16075656
-0.30439745
-0.19743705
-0.11829464
-1.09501994
-1.01968303
-1.16246092
-1.60684115
-0.16620589
0.01807732
0.29434866
-0.57695362
-1.08482186
-0.92601953
-2.01855121
-0.06665983
-1.18581989
0.02859245
-0.23178147
-0.59420810
-1.63845723
-0.20182665
-0.62176161
-0.55666283
-0.01620903
-2.01827796
-0.74199235
-1.96091790
-0.51659346
-1.74113798
-1.12366301
-0.19276110
-1.02469043
-1.08563626
-1.14476151
-1.20505651
-0.04748966
-1.95860425
-0.56361250
-1.01533501
-1.10866570
0.04268111
0.07628537
-0.05336878
-0.06412809
-0.11568710
-0.47079253
-1.33469123
-1.31955126
-2.00448292
-0.28068132
-0.02582347
-1.12020000
-0.26364882
-0.25798371
-0.91717268
-1.41455178
0.00275837
-1.02532577
-0.64589333
-1.51675036
0.02177565
-0.89697851
-1.82908771
0.01464623
-0.13851117
-1.60318516
-2.05644009
-1.09227314
-0.81675071
-0.89487682
-0.20845699
-0.90623491
-1.75488660
-1.65992317
-0.26384686
-1.40065390
-0.31470576
-0.92801107
-0.10865045
-0.62875765
-1.41830095
-0.53666164
-0.19989868
-0.10144852
-1.98955312
0.01948493
-1.88511006
-0.02751801
-0.99571930
0.79895840
-0.75914926
-0.99210494
0.54325469
-0.25886466
-1.43165515
0.21899938
-0.41261380
0.40971142
-0.89437823
-0.43522923
0.05497812
-0.95548856
-0.59005345
-0.28984802
-0.35403430
0.28934052
-0.03057082
-1.34539005
-0.03071833
-0.74616047
-0.12741061
-0.59789192
-1.23920367
-1.52313283
-0.72159360
-0.73932479
-1.76850826
0.15125374
0.42602435
0.31175492
-0.98287968
-0.09739121
-2.03547495
-0.04531336
0.07714178
0.00885100
-2.36578628
0.16456494
-1.56549409
0.20564882
-0.91585752
-0.93558905
-0.99449133
-1.24891513
1.65709273
-0.28604166
-0.68780044
-0.04239318
-0.20852460
-0.98479077
-1.14606763
0.01618704
-1.19164314
-1.11118882
0.16795909
-0.26922314
0.02321756
0.02432298
-0.00659854
-0.29733536
-1.56262369
-0.00365477
-1.70256316
-0.78189865
-0.19548589
-0.43605759
-0.02085539
-0.61749211
-0.19002696
-1.19142558
-0.61471334
-0.17800689
-0.12344396
0.17476746
-0.55457613
-1.19237730
-1.53164793
0.97087365
-2.06276866
0.76962728
-1.60048323
-1.42017777
0.01575845
-1.64380657
-0.69653058
-2.13994310
-1.34628861
0.98013299
-1.20105691
-0.63950257
-0.17262736
-1.80267489
-1.31256990
-0.41826049
-0.33797355
-0.32795142
-1.21732488
-0.54407647
-0.66414908
-1.32461879
-0.12292555
-0.51370802
-0.65564313
-2.04197714
0.25355855
0.08775174
-1.64116071
-0.56058339
-1.69547315
-1.93869314
-1.81673374
1.46632899
-1.66612416
-1.50231444
-0.35715576
-0.07499724
-0.17442709
-0.94938539
-0.14487952
-0.88175846
-1.03525424
-1.43493452
-0.10459881
0.03666114
0.03402411
-0.25386254
-1.03312344
-0.36029244
0.04153233
-1.31240062
0.18711781
-0.94259136
-1.28687062
0.81505487
-0.07689407
-1.03061315
-1.83871908
0.01414352
-0.50418588
0.10305305
0.64053079
-0.71023589
-0.39449413
-1.44290335
0.11627848
-1.60651962
-0.75833087
0.73926282
-0.22069721
0.69486354
-0.70150308
-0.07445942
-0.71806758
-0.62305279
-1.12177928
-0.06215315
0.80181040
-0.00289288
-1.29436816
-0.11296076
-0.99735115
-0.34890251
-1.97673612
-0.43072724
-1.44660453
-1.02156279
0.00938241
-1.53900466
-0.43887114
-1.65930744
0.83933821
-1.87291070
-0.20479087
-1.55822311
-0.20044229
-1.51276465
-0.91277949
-0.72552654
-1.04231124
-1.72158062
-0.15494786
-1.76093462
-0.00437634
-1.56325024
-1.14228677
-1.60307628
0.05908420
-1.05561180
-0.65952535
-0.53081410
-0.38351647
-1.71550571
-0.96381056
-0.38032786
-1.05507846
-1.24013810
-1.06782857
0.66163394
-1.61120493
-0.38492408
-0.33749433
-1.55134044
-0.03541330
-0.21953653
-0.68870289
0.08011059
-1.07146958
-0.79728845
-1.35320055
-1.78703768
-0.08572173
-0.58629698
0.01750176
-0.25787465
-0.43398685
-0.56512827
-1.33237340
-1.20627634
0.95242256
-1.08675156
-0.97924136
-2.34118767
-1.35105533
-0.52458272
-1.23490728
-1.04752208
-1.91878162
-2.03515737
-0.92778719
0.86083844
-1.38341462
-0.66022210
-0.37880440
-0.83938507
0.12040439
-2.11591642
-0.78966509
-0.34805524
-1.47122668
-0.26961174
0.97814011
-1.23255020
-1.55267884
-0.56355491
-1.43856083
-0.99255243
-0.44375446
-0.45221106
-1.67073179
0.39470537
-0.75888067
-0.13481956
-0.28248586
-0.36443960
-0.12968918
-1.61742336
-1.89885934
-0.49618302
0.28834789
-0.15260033
0.02272443
-0.91142760
0.37239899
0.07272791
-1.79226977
-1.72643367
0.75285166
0.46684401
-0.50298182
-1.05548635
0.06948315
-0.27597896
-0.57931746
1.76555864
-1.23173140
-1.93482626
-0.75511995
0.73539194
0.24580119
0.29990959
-1.09753547
0.38948251
-0.59681503
-2.05282653
-1.59983741
-0.02075786
-0.29027377
-1.30888786
-2.00069071
-1.38253238
-0.48367783
-0.24704852
0.50553179
-0.54943782
-1.68786658
-1.77188246
-1.32177095
-0.42849356
-2.42361699
-1.76609278
