0.09385725
0.43721956
0.45001072
0.00525866
-0.65716594
0.01788907
0.00486882
0.12995598
2.42727375
-0.24122483
-0.02613170
-0.02061657
1.07265317
-0.03069085
0.29209608
-0.17957470
0.66866505
-0.20960194
-0.22697157
-0.58629411
-0.03604724
-0.21595551
3.64867806
-0.05980825
0.01514939
-0.19518007
-0.07261920
-0.06381249
-0.01482006
-1.62628388
0.00437688
0.27380461
-1.27864635
-0.35880923
-0.29519069
-0.01658810
-0.88826585
-0.04761551
-0.29371727
0.04912005
-0.23474582
-0.04831723
0.06789733
0.04268661
0.16644666
0.05243466
0.55421501
0.90052670
-0.00644645
-0.13807364
0.28183499
5.62138844
0.15572095
0.17374693
-1.78763080
0.07063121
-0.34168997
0.04714701
-1.45266342
1.99100518
0.13771801
0.18844855
0.03662401
0.73574078
-0.02019504
0.03895328
1.29921556
-2.61564469
0.01811666
0.46121961
0.24677983
-0.15975989
-3.13437963
-0.17981535
0.06533176
0.23001261
-0.17307453
-0.02133147
-5.11228609
-0.22874069
-0.43351719
1.60330009
0.90132242
-0.02896230
-0.03824152
0.06955031
0.44376367
0.00347356
-0.01698665
-0.00162786
-0.50251633
0.28402719
0.10220776
-0.00293023
0.00474411
-5.51921701
1.18372869
0.44050896
-0.73717612
0.15513110
0.12438973
-0.12518191
-0.02235259
-0.06147758
0.67093164
-0.21759942
0.38145182
2.60834050
-0.12098668
0.12521806
-0.02411173
0.34511825
1.14680958
0.31762531
0.78228593
0.00408195
-0.02017423
0.17986378
-2.84008503
0.07533789
-0.15353537
2.60791516
-0.08178239
-0.87753630
-0.14705016
0.02156733
-0.13156009
0.07003888
0.01413524
-3.06322646
-0.02576259
2.59057093
0.01840368
0.00549353
0.13120109
-0.10956492
-0.03736177
0.06318112
-0.06378349
3.40805650
0.37584913
-1.68488085
0.15930405
0.05071388
0.05340188
-0.05342696
-0.02249333
0.00636372
-0.17736559
0.03146535
-0.02180486
0.56915146
-0.33018014
-1.27186775
-0.29512328
-0.27126005
-0.10481992
0.07656362
0.20732780
0.03242378
0.41653720
0.41699502
-0.19275628
-0.16103600
0.22146170
-0.04299703
-0.04908335
0.56257164
0.01882161
-0.02057393
0.05760149
0.94823837
-0.16223186
0.04467685
0.09003922
-0.06489535
-0.17804697
0.03584982
-0.06003840
0.14762777
0.35337859
0.03362755
-0.50678611
-0.17328006
-0.28739962
-0.03132363
2.06992269
0.06168973
-0.10783394
0.07642997
0.50018525
0.29778591
-0.60047626
-1.46181333
-0.45568553
-0.08563875
-0.92672747
1.17847395
0.44926578
-0.05453233
-0.53881282
0.01417470
-0.55457366
-2.80612373
-3.29745340
-0.81918019
0.07572462
-0.45094961
0.00014479
-0.48876587
-1.18211448
2.44502139
-0.08812464
0.13489635
0.04457191
0.47387910
-0.66284394
0.39939162
0.13042569
0.34624401
-0.04618689
-0.04780243
-0.10159822
0.31442139
2.07366323
1.00716639
-0.33141658
-2.81860709
-0.18040299
-0.04580290
0.60726082
0.11081881
1.99139333
-0.08442316
0.22565004
-0.88880515
10.94157410
-0.36761630
-0.79739130
-0.69599408
0.11638171
1.02854836
-0.03363433
0.01278609
-0.07387792
-0.02532619
0.04835318
-0.27126819
0.15041034
-1.15753591
-0.48767152
0.00192637
0.10122854
-0.27499461
-0.04692920
-2.96151710
0.16392896
0.13353276
0.16616544
-0.29220673
-0.02547614
-3.76922393
0.22841352
0.06061671
-0.04597401
-0.98181558
-0.00550086
-0.59744126
0.35013652
2.18941879
0.02460315
-0.20523843
0.04860579
0.15492061
1.56872439
0.00893229
-0.00939048
-0.19447438
0.04741131
-0.06267601
-0.53876376
0.17222375
-0.98677856
-0.48363617
0.01165003
2.93019676
0.24623677
-0.66377544
-1.65788329
0.31157830
0.06960060
1.10063565
-0.02417293
0.10510556
0.52054644
-1.82461560
-0.03485211
0.94043487
-1.19138551
0.34384143
-0.02749384
-0.01475084
-0.05797432
0.61604798
0.03965134
-0.07291247
1.21256185
-0.82852679
-0.01191908
0.38779861
-0.08452883
0.23004489
0.33476174
0.04711494
0.12641749
-0.22096577
0.00256646
-1.20112407
0.11705161
0.04628557
0.14033568
0.04401129
0.17774469
0.35633349
0.18423891
-0.01244748
0.15257634
0.78028077
-0.17795588
0.06567414
0.03877814
-0.07645612
0.17186394
0.07032620
0.11283884
-0.09199742
0.05660879
0.07619038
0.08052935
0.17959417
-0.01802336
0.15453728
0.01720654
-0.64187562
0.05820266
0.11258659
-0.34227109
0.19051795
0.03576385
0.61413956
-1.42993832
-0.04170037
-0.10687682
-1.55024552
-0.02850777
-0.44755155
0.03079799
-0.39011323
-0.05690998
0.07415859
-0.06595652
-0.22888084
0.14480065
0.06259779
0.92861950
0.77051753
-1.42616081
0.94401556
-2.81748557
-0.15002868
0.09861939
-0.21680592
-0.05655700
0.04046682
0.07210160
0.05534304
0.04011548
3.47067404
0.05769244
-1.05950785
0.17833716
-6.03963137
-0.81625944
-0.05466880
-1.01778018
-0.76916784
0.65050882
-0.11778705
-6.56805134
-0.02043281
0.11390953
0.57702726
-8.69654655
0.67911589
0.04340753
-0.08804883
5.73137808
-0.12164051
0.80862492
-0.34819219
-2.12255120
-0.44645718
0.41360909
-1.55566359
-0.38063407
-0.11679586
1.72701955
-0.01629411
0.05037189
-0.33376667
-0.14781150
0.39342153
0.04269573
2.28949046
0.01222830
0.37897578
6.53277159
-1.39957464
0.20941707
0.12440947
-0.26585156
0.29555845
-0.76682323
0.65917009
-1.21982324
-0.12690303
-0.39701840
5.11540794
-0.57965231
0.78757000
2.92126751
2.79401183
-0.09144178
-0.15940294
-0.30113512
5.78370333
-1.83599281
0.25293338
-1.89219677
0.01325958
-0.17051034
0.34071353
-1.66783404
9.53253460
1.95933664
0.40009645
0.11340515
1.33059323
-0.17917962
-0.55375570
3.33090949
-1.82257688
-0.03901843
-4.74704266
2.25931358
0.01576747
-2.56340933
-0.34988248
-0.02388318
0.67379749
1.72948325
-0.04713104
-6.42387629
-1.24559641
-0.08105219
0.29948500
-2.94584727
-0.26035953
-0.19955435
1.33655441
2.57073116
-0.28021359
0.20508364
-3.28620386
0.59161121
1.89952528
0.13199244
-0.06490228
0.06762383
-3.44689488
-0.48727244
-0.61524981
1.15014672
0.89184052
0.60749000
-0.40444168
-0.57866341
-0.02299857
1.33916855
0.94405448
2.58594489
1.13913155
0.38687003
0.20112984
-0.00557533
-0.69769347
3.57770848
0.74037468
0.08697920
-0.02266741
0.09165290
0.06847733
2.46347713
-0.43035585
0.04668464
1.70708179
0.16845885
-1.83365881
0.28440371
1.39699054
-0.38776127
-0.34624439
0.20838118
-3.74625778
1.02845740
7.57219315
0.22565429
-0.06163821
0.48497224
-0.21051210
0.90734118
2.00770307
0.12909701
4.30921745
0.60724145
2.79716182
0.79019195
0.16760290
-0.52140260
0.25574046
-0.03733783
1.19940305
-0.15739924
-0.00435675
-0.01246108
-0.18752812
-0.85006213
2.17295623
-0.47095546
-1.30579364
-0.11061921
0.22734794
0.01627731
0.08748644
0.82131344
1.49155045
0.05623729
-0.22433899
2.75948811
-0.13036290
0.95951736
1.10348785
0.29190603
0.09748553
0.43929002
-2.85296345
0.25722092
0.16469023
-0.18753937
-0.16855717
-0.44215733
0.11576924
0.82107753
-0.55462575
0.78837353
0.23822078
0.59208542
-0.31078663
0.65462440
-0.04515451
3.52900457
0.45296684
-0.49196178
0.14128260
1.71095788
-6.19204903
-0.31158346
-0.52010834
0.71549773
-0.08024497
2.94500422
7.99994183
0.59233832
-0.19529404
-0.89262974
-0.03445207
-0.73073149
2.64871454
6.53156328
1.03486812
0.48776260
-0.41780722
0.39306742
-1.93257129
-1.38424957
-2.93050098
-0.55839390
1.02722919
0.00461558
0.73316741
-3.59730411
0.58873761
1.35299802
-0.15639025
0.07934173
0.03611625
8.64201069
-0.68310821
6.74014425
-0.53310651
0.61169142
-1.40577781
0.37668332
0.42463490
1.03591204
-0.34384051
-5.36745501
-0.35877967
1.33473527
-3.03330898
12.99744987
-0.32466805
1.75000095
3.38336897
0.82046777
2.30341387
-0.01152061
0.13738750
-0.20978728
-0.24460733
0.06867681
-0.28559262
0.65792125
-2.88426161
-0.92813683
-0.82669234
-0.08300634
0.47477943
0.99740905
-4.87214661
1.68516910
-1.45994425
-0.26978710
1.73614717
-0.06276818
2.82295012
0.41847569
-0.08161025
-0.09125794
-0.59688324
0.01905260
1.68186736
0.15422967
1.61459255
0.50943446
-0.22950974
1.18820715
0.08623847
2.51747012
0.01422362
0.76262838
0.20563821
0.24029770
-0.04927848
0.37405768
0.31182754
2.15499902
-0.15095341
0.04568791
-6.61444712
0.23285332
3.83618784
-0.55884206
-0.02299877
0.11656763
-0.76404208
0.11313878
0.91919988
1.24669385
-0.12170377
0.03963415
5.41280127
-0.96147794
0.79571486
-0.58616787
-0.09952921
0.58489150
0.26065883
0.03732970
0.45037901
1.97930515
0.04888914
0.01576930
0.81192940
0.23439091
0.16645385
1.04567492
0.07383247
0.20529582
5.89229202
0.06937151
1.01784766
0.33051810
-0.85822701
0.42466888
0.11152717
0.58283353
1.56193447
4.96277332
-0.07648365
0.23849426
1.64224184
0.31769243
-0.14434181
0.06162832
-0.49236032
0.87238264
-0.09886336
0.08553164
-0.78391552
0.26910922
0.43304518
0.90091419
-2.04408264
0.02579753
0.70744956
-0.00527295
1.86519623
-0.02913860
0.60567808
-0.43624187
-2.22497201
-1.52532601
1.06637383
-0.58099639
-0.28388810
-0.20250608
-1.46056330
-0.06483113
1.82672310
-0.24188833
0.01526197
-0.35551602
-0.17515951
0.19725995
-0.59574252
-0.18485354
0.22313376
1.36870492
-4.52713156
-0.87956208
1.13989532
-1.66989434
-0.46834019
1.30723453
-0.39785114
-0.06096025
1.31341195
-0.04453542
-0.10855498
0.01950821
5.17802334
0.18643987
-8.55619431
4.04480886
4.84300661
-0.76433522
1.38193810
1.14737952
-1.16525114
0.63891518
-0.01684565
2.24265122
0.19801885
-0.01916933
0.03171750
-0.46758831
-0.53724635
-0.03472309
0.02070247
0.25736761
-0.03694258
0.13870884
-0.19088337
-1.54751623
-0.27660716
-0.07693496
-1.33018911
-0.06249122
-0.10261109
-4.06256342
-0.05054130
-0.02490341
-0.31229845
-0.15903491
0.52988815
-0.02958008
-1.59403062
0.00582949
0.10103910
0.80268061
-0.45865232
0.38897127
-0.02905484
0.35064387
0.06121805
-0.27149025
0.00193350
0.37630096
-0.08562843
0.01152529
0.23928866
0.80538297
0.03151773
0.60489643
-1.03296816
0.02392046
-0.15495451
0.21801420
-14.30406570
0.13322911
-0.05824801
-1.50034881
0.03625374
-0.15819798
0.08521812
-0.99610740
2.24030232
0.12717268
0.19264585
-0.02205976
0.62403631
0.00242452
0.07184725
1.35120595
-3.08911324
0.01636758
-0.12879440
-3.59035468
-0.17605531
-3.40285611
-0.06627090
0.05139533
0.14639981
0.33688805
-0.01698610
-3.87451291
-2.06762838
0.53780782
-0.51913577
-2.59788752
-0.01164458
-0.03829001
0.12479013
0.30939648
-0.06904119
-0.01206573
0.59498024
-0.06390417
0.21268237
-0.01842009
-0.00789422
0.02573213
-2.92333269
-0.48159033
0.06771630
-0.93512303
0.04226563
0.16132717
-0.09537037
-0.04244491
-0.06076657
0.98381227
-0.09867212
0.29897222
-1.20702553
0.04251396
0.14001007
-0.02942702
0.08773123
0.92885005
-0.26744944
0.59994215
-0.04346119
-0.01573649
0.17215335
1.58349466
-0.19961277
-0.56950432
-0.24795569
-0.07788816
-0.71385813
-0.16674815
0.32391661
-0.10238330
0.05157695
0.00549922
-3.05930543
0.66855788
-1.36089194
0.14138433
-0.01319335
-0.01498349
-0.34838703
0.02445919
0.12638839
-0.02154056
-7.72044516
0.45968679
0.55668932
0.10735687
0.10759039
-0.14219731
-0.02134025
0.00189023
-0.06430650
-0.12943904
0.03151013
-0.03274390
-0.47970170
-0.27904937
-1.19113803
-0.26418391
-0.20549534
-0.09476812
0.10544857
0.04527211
0.01360005
0.30781001
0.41089353
0.20608981
-0.10946883
0.68749636
-0.04267284
0.21188331
0.31537554
0.02801841
-0.03151984
0.03815630
-4.41781950
-0.04563528
0.00087420
0.09555414
-0.03841761
-0.20879534
0.02594130
-0.03452703
-0.06081851
0.22694592
0.01201895
0.04170861
-0.17325559
-0.40327018
0.02312422
-3.55924749
0.00080434
-0.08812235
0.06572968
0.42198032
-0.07304706
-0.61478353
-2.08639526
-0.42896926
-0.05216834
2.88885450
1.30385315
-0.28768647
-0.03068318
-0.68528545
0.01913135
-0.21574812
-1.86684930
0.80417389
-0.46366143
-0.00317102
-0.47658730
-0.07212809
-0.45061150
-0.31201851
0.28705779
-0.09389617
0.31262705
-0.01752110
0.39546868
-0.32550123
0.36069247
0.32308003
-0.00843881
-0.05179377
0.01236790
-2.31376743
0.22645535
1.77289927
-0.27106428
-0.72338933
-1.55451906
-0.14125830
0.00612913
0.16125676
-0.05793048
0.01832758
-0.44772178
-0.28581077
-1.30464613
4.65682793
-0.35150596
0.12881121
-0.32698178
1.17268956
0.90727967
-0.00936755
0.02720523
-0.09895181
-0.07245086
0.02292154
0.73085582
0.03848332
-2.84238124
-0.33959672
-0.08956086
-0.13089406
-0.18570408
-0.63505691
1.25922191
0.10506339
-0.27223554
-0.03534040
0.25456893
-0.07182963
-2.20383692
0.22479972
0.05534988
-0.02211773
-0.64314044
0.00863705
2.08151674
-0.07523731
-1.43035662
0.13612127
-0.18693377
0.22645770
0.08130544
1.81974459
0.01202667
-0.02266280
1.30031145
0.04214085
-0.00955724
0.38031158
-0.45628741
0.97893369
1.24555707
-0.03431876
-0.73193109
0.25972682
-0.51297319
-3.18672681
0.31276986
0.10828736
-0.36332080
-0.01412067
0.26920378
0.49140447
-2.17914844
-0.03190827
-0.32985428
-1.52950406
0.43766248
-0.00687913
0.01334937
-0.00441806
-1.20322657
0.05338127
0.08538897
1.34828949
-0.48289436
-0.01905165
0.35690182
-0.12986557
0.39252424
0.97335380
-0.05658932
0.13401368
2.44610643
0.02124974
-0.81067151
0.06889547
-0.05249442
0.13801636
0.00974298
0.26291317
0.06103192
0.08697584
-0.00986014
-0.18186218
0.87613267
-0.27939838
0.01353419
0.03588618
-0.05781711
0.20389523
0.05450363
0.04790604
0.02717528
0.03299583
0.38436550
0.32732648
-0.46572846
-0.02417699
0.13077803
0.00381245
-0.42869887
0.03702576
0.04337490
0.67596751
-2.01487184
0.83815116
-0.01743018
-1.40377176
-0.31547984
-0.02306109
-1.94514120
-0.00461009
-0.22113988
0.02206060
-0.00959194
-0.01391409
0.00777660
-0.02422170
-0.67582142
0.28850287
0.07859034
0.78936183
1.93380439
0.18809940
0.10396015
-2.12373352
-0.04451552
0.08158850
-0.22612415
-0.03877713
0.14557712
0.08659305
-0.11401988
0.02961165
-4.59809208
0.11296166
-1.49505866
0.08412986
3.68341947
-0.16068327
0.69920284
2.05031085
4.55103683
1.43227530
-0.09884762
7.51767445
-0.24204022
0.09446225
0.27788085
0.20466232
-6.02215910
0.04583335
-0.09741235
6.42395258
-0.20534545
0.80212104
-0.39990687
-3.63333559
-0.67829299
0.17423806
-1.71163309
-0.38722396
-0.32138732
3.85499573
-0.01557542
0.02857365
-0.29791281
-0.20520030
0.54100651
0.01815488
-6.91769695
0.01518136
0.27410212
6.39879847
-1.62666488
0.63720918
0.14037089
-9.94374561
0.39873520
-0.55817568
-0.08239325
-0.36569130
-0.13025078
0.54853064
-0.13355201
0.08973361
0.97639978
0.38928831
-0.20289189
-0.02317621
-0.17053998
-0.16876516
7.52496672
4.53223848
0.49781454
-2.73416519
-0.00562120
-0.37062481
0.44895265
-2.08713078
-0.96085536
-0.25156978
0.97537744
0.27619722
0.71561563
-0.18485224
-0.61913794
3.26503992
-0.95272923
-0.02774984
-4.64555836
2.35534930
-0.59897459
2.98525572
-0.55169928
0.61276114
0.59374702
1.61754346
-0.05263023
2.40529418
0.73430437
-0.78287518
5.74585295
2.82166004
-0.30863661
-0.23226467
1.48304749
-0.54144919
-0.26359236
0.17648835
-3.57378793
0.55556500
-0.16703905
0.22061503
-0.05672884
0.01986397
5.27717400
-0.05475029
1.75971317
1.20004034
0.94994301
0.51114869
-0.54275656
-0.53927827
-0.05977363
2.42610955
0.82838315
-0.17641461
1.31428540
0.07190450
0.26928943
-0.00360487
-0.78616852
3.77688026
0.44434938
0.40580785
0.12325376
0.09061468
0.53509265
2.39872575
-0.44453695
1.23633671
0.10921204
0.16152747
-1.50077164
0.13908787
1.17600548
-0.37202141
-0.39556101
0.25472638
-2.77388048
-0.53749257
7.53746605
0.22412698
-0.02652962
0.43595704
-0.21201280
-0.30318660
2.18437219
-0.11292477
4.20591450
0.99299067
-1.41164505
1.26956999
0.12632839
0.85334367
0.21533760
-0.02043275
1.03249645
-0.17821409
-0.01649436
-0.02606737
-1.79624403
-1.06951225
-0.20818913
-0.38996738
-1.27175367
-0.12931375
0.20820303
8.48730469
0.05648156
0.64133066
1.60841322
0.76248902
-0.23435158
-3.82344151
-0.21068166
0.67134941
0.87847590
0.26735634
0.08185703
0.57027549
1.05611455
0.37405765
0.16834159
-0.31226760
-0.31392768
-0.45899230
0.12404405
1.21587813
1.05050755
0.63641918
0.25685903
0.58132243
-0.33519205
1.13396907
-0.07715625
3.02889228
0.49052623
-0.59081024
0.21348381
1.48831666
5.28005314
0.08260046
-1.57567537
0.51609892
-0.20918261
-3.39689112
-0.32513893
1.81331778
-0.22486402
-0.84187281
0.00972442
-0.78518134
1.85255539
7.63317108
0.80275244
0.31463280
-0.26327917
0.54841512
-2.04637122
-0.66013050
-3.36228514
-0.46000844
0.07460043
0.06199048
0.80287921
0.38331214
0.45217359
-0.21537787
1.93175673
0.05243169
0.11781280
8.71146679
1.24152386
-0.96912777
4.45495367
1.13246500
-4.02279949
0.79541671
0.61994117
1.34076464
-0.22610280
-3.27899265
-1.19262421
1.44137073
-3.36775875
-13.20581818
-0.60706776
1.72406328
3.30087018
-0.72462094
1.93076742
-0.08754069
0.13688286
-0.25558561
-0.27704617
0.13766916
-0.72996640
0.67483902
-1.41350770
-1.54715407
-0.68321455
1.75570357
0.24464059
1.15914869
-3.65607047
1.34509683
-1.78491342
-0.25715312
1.51347125
-0.04625622
2.82643938
0.13402931
-0.07093623
-0.11440872
-0.53896445
0.00423163
1.75108325
-0.89644140
-1.62513399
0.62659514
-0.25875768
0.99716961
0.04571228
3.06409764
0.01134602
0.75487107
-10.75434971
0.34580705
0.04470709
0.63100410
1.97413015
-0.25053009
-0.89095998
0.12787604
-7.60366821
0.55197883
2.44116235
0.79114825
-0.06975007
-0.25560969
4.39151669
0.14958459
0.55725890
0.97220093
1.48084962
-0.03344562
6.31738710
-0.35723406
0.54094011
-0.38726878
-0.16692711
0.46895340
-0.69696558
0.16500635
0.44659001
1.11664224
1.35753679
0.02759745
1.07763433
0.20045024
1.59463394
0.93064666
0.07368900
0.19965376
-6.14780378
-0.22893052
1.29018688
0.36922675
0.34579724
0.47446370
0.13756466
0.70406026
1.18708670
-0.03891594
-0.07051418
4.37274837
1.26409078
0.34181905
-0.05488406
0.04521732
-0.35569763
0.75637406
-0.07265702
0.14132471
-1.15245163
0.22399051
-0.16783451
1.12259185
1.54808843
0.05344382
0.78503919
-0.04715148
-3.69763231
-0.00594057
0.61283690
-0.13869189
-0.34898970
-0.08876284
1.92756271
-0.64226884
0.47266185
-0.18287838
-1.13371098
-0.02622316
-2.01167965
-0.33868986
-0.90416080
-0.42250353
-0.25799525
-1.54920197
5.51785803
0.05837641
0.18883683
1.19717908
0.44238719
-0.90223795
0.28313977
0.31605360
-0.52485609
1.01845372
-0.40877947
0.00478067
1.28358984
-0.07904259
0.85438782
0.04939561
3.92408848
0.24717675
1.82547462
-0.71449816
4.55971146
-1.14362037
0.72020268
-7.26472902
-2.84774685
3.17703676
1.12537551
-9.36637974
-0.87587637
0.69816762
1.34470141
6.51986837
6.30018520
0.92415822
-0.65921474
4.35163260
1.84925115
6.53056622
-0.14287029
-3.99712443
-1.05192375
5.14244223
3.32786369
1.10972071
-0.13785981
14.35760498
1.66509044
0.87407416
2.73287416
-0.14963034
2.27366567
0.90424317
20.55390739
-0.59488904
-13.14105511
12.68667793
11.23094654
-0.65821272
-1.65210497
5.47939825
-4.56324100
-4.87743950
-0.46144688
0.17415591
1.29452205
0.36995134
-4.61530828
-0.44514763
7.39271116
4.50242996
8.38408566
1.48983061
-0.64561611
-5.53927851
16.26718903
-9.01412201
0.51141351
9.98346519
1.31866884
-0.05325376
1.18522251
9.25482750
-10.28165245
-0.88631272
4.32772398
0.95627213
-1.16258049
-0.67666626
-0.44738728
-19.49326134
16.26185417
-0.76444679
-6.31771564
3.32227516
-17.19575500
9.63936615
-0.72477680
-0.21514753
2.10252905
-7.35049438
1.18610609
14.76238918
1.48415828
-5.00418901
5.70460129
6.30966520
-0.18671051
3.10246539
-6.43798208
-2.33148098
-1.67698324
1.23958957
-4.67897701
-0.48758313
-1.88246810
3.04229283
-1.28892648
0.54640335
7.51308680
1.64329541
-1.63449121
5.06779528
5.66493511
2.18330312
-0.45015454
3.50448298
-1.10549140
5.01895332
2.44386935
-2.67967558
9.51297283
1.95101082
1.47371006
1.03930080
-5.13851500
-22.49077225
5.47620964
8.29701710
2.66664100
0.99585223
3.84016013
2.62847614
-11.75030518
0.37043345
-2.31371617
1.64123821
12.30092812
1.73969483
-20.84564590
0.01528951
-2.42816472
1.27104592
14.54350853
0.25535959
-0.39670107
1.39888334
1.04031062
1.42283285
6.77786303
-11.97157001
-8.87799740
-3.54201818
8.67644978
4.25099134
12.91894245
-8.17545128
-2.57447052
-0.14840832
1.81917846
1.33219433
3.78506827
0.40589020
-1.62345314
1.05254388
10.71813869
1.35047495
1.00610411
0.89857876
0.58770353
1.54877925
0.67504078
-5.67228460
-1.24255562
2.73384094
-5.86665869
0.23798880
-0.17290318
-2.08315992
0.14801979
-19.01295471
6.92560101
3.46313787
0.79749441
-1.93022454
7.38343763
4.93456936
1.57840288
0.24626085
-0.87602079
-1.10882258
1.37807298
8.63096523
-0.27694657
1.18947554
1.27811289
4.62387323
-0.01998823
6.66641521
4.00275230
8.29162502
4.35112381
1.31577146
0.89991051
-10.07464218
1.21301258
-2.16722322
6.63398647
4.57606888
-0.64366508
-6.59935904
-6.61817265
4.63903093
-0.68005443
-0.41407090
0.92497891
-2.99483919
4.77986240
13.84302235
7.65673542
3.50119138
2.56153893
6.16086054
-6.68498182
-6.62312651
9.86076260
-1.72823656
1.21548665
2.13691640
-4.56714010
3.37255716
4.64314270
-1.35697997
-1.99499381
1.52443755
-2.78504205
-13.59011650
-1.31432784
-5.54143620
-3.96396899
5.51976490
8.49910259
-0.04882980
6.13618565
4.11354160
-3.36743188
-4.02690220
4.22520828
5.76819181
9.22245502
-21.81567192
3.23427653
9.69290161
7.77769041
-4.03329563
7.37432289
1.86867106
1.64951551
-0.23141474
0.07069860
1.65760326
-2.32901239
-4.89082479
20.74346161
9.98449898
8.39141273
-1.43131769
6.95281506
3.29691958
9.62071514
-3.31011701
0.28536832
-10.05268478
-1.87098205
-1.19638336
10.24943447
-1.16622341
-0.95142657
1.32797897
10.46983337
-1.75373507
7.66445112
1.11858666
12.47915363
2.27999306
-0.27764076
6.63550138
-1.73622692
-15.16123390
1.48513389
3.80009818
8.37225437
1.43127024
3.99807787
2.96350956
3.21955347
4.63089323
4.22828293
1.12613559
-13.62519073
2.89182901
5.45381641
24.62957954
-15.50701046
-2.94245219
-3.92491364
1.77033281
3.52026367
5.97944880
4.47319078
-2.06607246
3.15228128
11.10083103
1.10821509
0.49890429
-0.65762091
6.09767008
3.90242791
1.72708273
3.19774413
-11.00176811
-5.17387199
0.48801655
2.51077557
-3.16033173
-4.91129732
4.04138136
1.64958870
0.53191900
-7.04793835
0.11506625
7.37391520
1.22097242
-1.08892357
-2.88053989
1.29346335
2.51978493
3.48562956
-1.17024302
1.16991019
-4.00796509
6.78199291
2.23681831
1.52362931
-1.23421562
0.21930113
2.54101229
1.59848893
2.96974802
0.37877446
3.36638045
-1.79104412
3.79646111
-1.09420395
3.01500940
-3.12367940
-0.89141262
5.98655796
-0.84881842
2.24260783
-2.59886742
-2.53222013
-1.83934820
5.35250521
7.87443495
5.28560638
-0.37674293
5.61489487
0.99628949
1.54647684
-1.26727581
0.52969736
2.56841254
-1.38779593
-5.53214216
-2.93174171
2.56460476
0.58457929
6.57864761
-6.86561060
-2.41593909
-5.62129688
19.62517738
-0.49190864
-6.08530092
0.69541860
0.71023786
-5.23538971
-0.84700769
-0.25124174
-1.52449095
8.27331448
0.94173789
5.70367002
-1.42484701
-0.63598108
0.49400476
4.93070173
0.23551586
-0.60594749
1.76802444
-0.09458586
-8.53949261
1.50391471
0.09560098
0.19785373
-1.15253365
-0.40534943
0.04327001
-0.06961905
-8.62492180
-0.15802167
0.90707213
-0.34891942
4.61279297
-0.81585145
0.26697692
1.33125401
-0.35084710
-0.21615621
-5.36786222
0.00280665
0.03793898
-0.56564832
-0.18642747
0.38460121
0.05171279
-4.27708006
0.00437022
0.12774242
-10.03665447
-2.60307145
0.00988894
0.12242361
0.66035318
0.34984517
-0.26124948
-0.06552008
1.47857249
-0.14269485
0.39405873
0.14484410
-0.27776080
1.23999310
-0.04608297
0.55819553
-0.05584264
-0.20194992
-0.18066806
9.53409863
-2.14346290
-0.21864583
-3.93316936
-0.04307514
-0.01676813
0.49341059
-1.69889903
-0.69526845
-0.12209913
0.69863456
0.39628926
0.73440665
-0.18264858
-0.69625783
2.27272415
0.15642214
-0.02967167
7.00662565
1.92041492
-0.54212749
-2.07187724
-0.28986606
-0.18225007
0.60992169
1.59610498
-0.06416147
-5.57498789
-0.64632744
5.66920853
6.01140499
-4.40394926
-0.32521492
0.00322021
1.04854012
-0.31531927
-0.23554415
0.24576934
4.77748108
0.08830778
-0.03471601
0.02172659
-0.08585166
-0.02562521
-5.43215942
-0.67204928
-0.34905073
1.28441215
0.54292977
0.60220820
-0.50939995
-0.43985796
-0.02046187
2.70570254
0.72824448
-0.04402073
0.74994045
0.13286765
0.19417402
0.01767718
-0.91060120
3.47999835
-0.47141373
0.31005073
0.01910467
0.07165553
0.61276472
2.10350227
-0.34282702
-1.37061489
-0.64764225
0.21086872
-1.39449859
0.20487182
0.85099179
-0.45193559
-0.35004160
0.14824884
0.46877909
0.02463810
-7.03961372
0.34017879
0.03827404
0.43470702
0.47507432
11.37074947
1.65337873
-0.02410362
-2.67393708
0.71430337
-14.88454437
0.94134319
0.04704802
-0.42130131
0.21737482
0.02116456
0.73479342
-0.11552954
-0.01654324
0.02755205
-1.90408468
-1.20558476
-0.07144345
-0.42902184
-1.19505692
-0.11586420
0.17982018
-1.54165041
0.06209737
0.56006593
1.56560242
-0.29570326
-0.19340234
4.27263546
-0.17128961
-0.27379516
0.41639888
0.40169585
0.07664633
0.53680772
1.35583115
0.38234845
0.16394760
-0.37898016
-0.32880434
-0.35119441
0.19025367
1.01343119
-0.22221522
0.63840371
0.24178034
1.02051413
-0.18336202
0.56619740
-0.10622372
-3.11668658
0.14349158
-0.61504257
0.21716502
1.74212003
-4.99712276
-1.01668358
2.40443349
0.35004866
-0.69120872
5.88401794
0.11514550
-4.67978907
-0.22750930
-0.83777970
0.02073638
-0.93241155
2.07403207
-12.58280849
0.16770394
0.23307280
-0.11442536
0.53133798
-1.88811314
-1.09247446
3.29534554
-0.42351362
0.22012551
0.04009594
0.60978007
0.33785000
0.25372356
-0.20059040
-0.91360092
0.04087655
0.08249261
-2.22270417
0.13719502
-0.84648424
-1.22542584
0.24218622
3.65207720
0.74771708
0.33838904
1.09013498
-0.39783469
6.07830954
-0.80227405
1.02591968
-2.01117563
14.16289234
-0.60075486
2.24847174
1.29564548
3.50665951
1.43311286
-0.08196416
0.09832205
-0.30585489
-0.26436815
0.07070829
3.02475977
0.59956366
-4.46253443
-1.23214841
-0.45587200
-0.15843052
1.00587201
0.97221410
2.59553194
1.63402843
4.17704868
-0.35370609
1.77055430
-0.09170517
-0.53253371
0.14033644
-0.08562280
-0.14968619
-1.25748706
0.03992169
-0.02223459
0.26614517
-11.31989384
0.49499321
-0.22222637
1.27472377
0.04743215
3.41379356
0.04775356
0.61373609
-0.85647643
0.35307813
0.17884359
0.27718917
-6.13069630
-1.18069375
-1.26877308
0.23005748
10.51135540
0.47769415
1.94866240
-5.18982458
-1.13626504
2.79049301
-0.79611373
0.09718952
0.59700835
0.38229570
0.08707968
-0.05147895
-3.62952876
-0.54562777
0.44973102
-0.14138161
-0.13834392
0.18894899
-0.66401720
0.12045503
0.45068091
1.29894900
-0.27193034
0.08714037
0.67407489
0.31531912
1.34558296
0.71936250
0.12738621
0.13131897
9.27111626
-0.20369166
1.37036002
0.20183702
1.88529313
0.49980289
0.07633869
0.44927755
1.17819846
1.84364438
-0.05061968
-0.65164316
0.86095196
0.22743811
0.00990411
0.01769664
0.27640635
0.69989812
-0.04438465
-0.07087103
-1.27749145
0.12230297
-0.14459084
1.11277115
-1.45556235
0.16119462
0.83500051
-0.06266242
-1.16747117
-0.01644349
0.51893592
2.87388611
-0.10899467
1.38161373
1.74253321
1.18467200
0.76983619
-0.25434735
1.32518780
-0.07900669
-1.14141130
-0.12597403
0.59033746
-0.36100930
-0.22114910
0.15766424
-0.95035225
0.00934606
0.28724921
0.94569427
4.42827320
4.48410511
0.56540859
-2.87865710
-0.47342008
1.22298837
-0.45397100
-0.02888433
1.23311591
-0.10402401
-0.17124821
0.05201981
-4.46252012
0.26944810
0.61991215
0.01242424
-1.27232933
0.21917115
0.86396974
1.86062074
1.35875928
0.15859546
0.00012867
3.36653781
0.15638329
0.02063996
0.10304012
-0.30679202
-0.64918709
-0.01351659
0.00825649
-1.16760230
0.02820117
0.24775763
-0.20206915
0.06130860
-0.47538081
0.23085760
-1.56729960
-0.06627767
-0.05834846
-4.16679668
-0.06146884
0.01438881
-0.20744331
-0.17329636
0.23772532
-0.00957049
2.47044659
0.00000263
-0.01580826
-0.70607048
-0.35265875
-0.02377169
-0.03676687
-1.41351914
0.03702954
-0.15811868
0.00742675
-0.27623299
-0.02322004
0.02720454
-0.31303895
-0.17209174
0.23815337
-0.33240980
-0.42521015
0.04785238
-0.20855279
0.25780305
-14.66175270
1.98473895
0.09932714
-2.20096803
0.05678441
-0.43181464
0.09914782
-0.99777228
-0.61842561
-0.07930379
0.37559915
0.14003135
-0.01626952
0.03782320
0.07296689
0.86851865
-4.24484777
-0.00447041
-0.79401827
0.74594784
0.12219804
0.98502672
-0.01095970
-0.18956150
0.15087005
0.27920872
-0.00080029
1.75936604
2.75518560
-0.27641237
2.26971531
-1.08694065
-0.05523408
-0.10455076
0.16916879
-0.00797307
-0.13599718
0.03932245
0.60519439
0.44599739
-0.14256993
0.27381837
-0.05375864
0.02900863
2.16684628
-0.40204442
0.35628363
-1.11003983
-0.06786878
-0.05384061
0.00825224
-0.06492936
-0.03802326
0.04789411
0.01402296
-0.24505195
-0.50677925
-0.05570344
-0.01559578
-0.05049804
-0.05933180
1.28792226
-0.42226183
0.54958475
-0.12746677
0.00168463
0.28931198
1.28142703
-0.11992426
-0.05301366
-0.25403741
-0.02402736
-0.62600529
-0.21104680
0.34943464
-0.09685689
0.04289038
0.00478653
-2.31033921
-0.67410427
-0.04041227
0.12149146
-0.03116563
0.00227386
-0.03486443
1.15517211
0.08522429
0.00039319
-7.34262753
0.33815813
2.64702201
0.09507918
0.07045706
-0.00833228
-0.01764246
0.00570445
-0.03741016
-0.16989356
-0.00199964
0.00061589
-0.26409182
-0.36818835
1.00482893
-0.23963057
-0.13282822
-0.10825440
0.09208440
-0.49438414
0.01817269
0.24369688
0.16608307
-0.01583323
-0.09297500
-1.28893042
-0.06231891
-0.28233811
0.26477465
0.03262957
-0.00945315
0.04550025
-0.42619187
-0.04256497
0.01469896
0.08107076
-0.08977291
-0.24512546
0.02862122
-0.09588493
0.35346118
0.30158395
0.04295555
0.12235373
-0.17086567
-0.33128217
-0.00967255
-3.55355716
-0.04328947
-0.11541637
0.03815500
0.65303797
-0.30480409
1.43216264
-1.53504169
-0.53545511
-0.26520440
0.73156554
-0.56911618
0.64914238
-0.04876077
-0.78985667
0.03715173
-0.53195578
-0.94266981
1.17791796
-0.52478182
-0.03951716
-0.36044583
-0.08454220
-0.41129699
1.33102202
-0.58984196
-0.05191753
-0.42916733
-0.01066516
0.36933297
0.13849793
0.46931520
0.05996178
0.32946309
-0.06500495
0.02438561
-3.13962770
0.39404181
0.15723547
0.21985413
-0.48187554
-1.85342693
-0.16903247
-0.12699433
0.11391172
-0.00250760
-0.19326235
-0.34828672
-0.23059471
-1.55352223
-11.14925194
-0.17010733
-0.52340400
-0.98465818
0.72937739
0.94759125
-0.01095958
0.05061901
-0.11018349
-0.06320215
0.01255075
-0.41082177
-0.02347815
0.20737670
-0.10497952
-0.01459805
0.14035816
0.03758422
-0.41094461
1.27561438
0.12430040
0.83838320
0.08352759
0.04559103
-0.08324108
-3.36264539
0.27271286
0.06332105
-0.02923866
-0.67449176
0.00573222
1.94217467
0.28206325
0.52239537
-0.08247905
-0.19048719
0.09795725
0.11665539
1.78300619
0.05137406
0.20968316
0.72830462
0.08236675
-0.10548344
0.39067581
0.03826409
1.28373277
1.79299068
-0.02643378
0.31084576
0.16629237
-1.11712945
-1.86411417
0.26832798
0.33014303
0.81992847
-0.10505069
0.18924895
0.48758128
0.62175179
0.02860728
0.38057670
-1.20752656
0.22370209
-0.08949336
-0.03502968
-0.09334360
-1.46266758
0.08330695
-0.03112813
1.33080292
-0.49951354
-0.00495181
0.38567942
-0.12931937
0.33033696
0.31900227
0.04013202
0.11659610
2.32870603
0.01405148
-0.87774187
-0.04975666
0.32502973
0.20300514
0.00806227
0.18661338
0.25520927
-1.14503336
0.01507639
0.32365736
0.83391410
-0.37148628
0.04573449
0.01460814
0.05918056
0.22216643
0.04506525
0.01984300
-0.06056762
0.00102547
0.42825845
0.10570377
0.58032769
-0.01111607
0.11924053
0.00756454
-0.51372313
0.00862492
-0.00404743
-0.28591540
1.03264678
-0.01031926
0.49661693
-1.10178578
-0.35843980
-0.06920552
-1.70733809
-0.02636227
-0.56831437
0.04268210
0.01648427
-0.07127723
0.07228781
0.09438820
-0.18322860
0.12866427
0.10862961
1.12910295
1.51384985
-0.49448559
0.19546133
-2.38398814
-0.19440104
0.28704414
-0.18057327
-0.04259198
0.19790722
0.07836965
0.03308542
0.01059190
-4.71760559
0.09199148
0.21535958
-0.58585662
3.41404796
-0.12171186
0.88514835
6.15838432
-0.67021418
0.98903549
-0.08063706
10.67652035
-0.58880383
0.11969724
0.49020010
1.70401883
-0.59459746
0.02584072
-0.12150871
-6.83739328
-0.24269927
1.23972118
-0.33632186
4.15334177
-0.76310140
0.07354913
1.52866673
-0.38275689
-0.29730114
-4.11082840
0.04493544
0.07177339
-0.28557390
-0.20776837
0.33968982
0.07324358
2.51016283
0.01923512
0.42983809
-7.97994566
-2.68067765
0.04108753
0.12615155
2.10368872
0.66857678
-0.55560482
-0.02737731
-0.89227027
-0.14370658
-0.59947151
-0.35692039
1.06118834
1.20723617
-3.94722986
1.46994591
-0.08313888
-0.17810991
-0.34694672
13.04900265
5.84876299
0.09246290
-4.20491695
-0.03806315
-0.81383657
0.43890458
-2.51712394
-4.00362539
-0.53867120
0.73794025
0.66606271
-1.35122073
-0.14527716
-0.69450760
2.10506296
3.07971668
-0.05609561
4.92122269
2.25092721
-0.86839074
3.70117855
-0.30625784
-0.21423844
0.64540321
1.55425572
-0.05478150
7.13254070
0.90976107
0.08475754
0.20859882
2.79072070
-0.35517183
-0.09200094
0.95136279
-0.82776612
-0.22557737
0.20996597
2.99866962
-0.21782617
-0.45105878
-0.02326081
-0.08957680
0.01780311
6.86446047
0.16404210
-0.33333892
0.77139366
0.74379343
0.74583364
-0.41863456
-0.53195721
-0.04970897
0.28807595
0.80315590
-0.44566572
0.75668263
0.22905520
0.38841316
-0.00019959
-0.56634492
4.25198984
-0.71926391
0.38847819
-0.00478952
0.09901948
-0.06460307
1.87183058
-0.69118619
0.30688611
-0.80313706
0.22088288
-1.51866996
0.14280212
0.54226160
-0.37954944
-0.34275857
0.16992839
2.33030272
-0.22916690
-6.72137547
0.22634962
0.02117021
0.20252100
-0.51734740
-1.24358523
2.07297730
0.16912811
-3.33392000
0.92086273
1.56856596
1.03745782
0.07820427
0.41941971
0.27455607
0.05516595
1.10540366
-0.10571799
0.01602788
0.01707899
-1.22534251
-1.09540939
-1.25752378
-0.38463306
-1.35429990
-0.07189153
0.20187764
-0.47711849
0.09992261
0.47548813
0.99844527
-0.14925811
-0.15644261
-0.84218204
-0.19898863
-0.43212000
0.51622009
0.36650386
0.05748500
0.41531438
-1.53445685
0.33757314
0.18630062
-0.39489740
-0.28722104
-0.47811162
0.12748155
0.74302495
-0.50474221
0.59863842
0.22116762
0.89926964
-0.16027801
0.68381119
-0.24548909
-3.47404599
0.18533398
-0.70850730
0.22860742
2.21449828
4.77619028
3.16715717
1.80175674
-0.09707189
-0.68625605
-3.46376109
-1.34169674
0.05625746
-0.31370118
-0.89481008
0.00784076
-0.76779240
2.60538244
-12.67923927
0.38664392
0.32620537
-0.03327497
0.74370641
-1.76803696
7.24296427
-1.71684396
-0.58138043
-1.03274405
0.02929991
0.72938114
0.25945026
0.35842586
-0.12595055
-0.12894817
0.07061602
0.19517948
-1.87212825
-0.61817491
-1.04062247
-0.14616653
0.79551792
2.55400705
0.14374809
0.13464028
0.53905666
-0.38830787
4.12611961
-0.64070213
0.89890081
-2.34806776
-13.15832710
-0.51052082
2.57907128
-13.13202572
-1.70751834
1.89535534
-0.04485130
0.06141888
-0.27660328
-0.25643709
0.06885678
-0.10924973
0.61669201
-3.90098810
-0.95523858
-0.57123202
-0.01190207
0.82473749
0.99428737
1.59130394
1.56417108
3.63294864
-0.47192422
2.04150796
-0.14431888
0.16283038
0.27178556
-0.17147972
-0.09561006
-1.27806246
-0.02342591
1.63101304
-1.36609304
2.45555949
0.68823856
-0.23113784
1.90171146
0.07250965
3.14222336
0.06040739
1.11674953
1.37398934
0.24338195
0.24192311
-0.02297101
0.65533698
2.77943420
-0.47383741
0.16737451
7.82795668
0.59967679
4.02323484
-5.09809637
-0.74089038
-0.50616819
-0.22331038
0.17164052
0.91020370
0.93663239
2.40671730
-0.09128427
-6.57738638
-0.66594672
-0.00809785
-0.09449810
-0.14585067
0.15332228
0.55544305
0.11396119
0.63128972
2.30111098
5.54215860
0.09079058
0.81500721
0.31743848
0.77323145
1.27674067
0.07802084
0.30931675
-7.64752388
0.02396577
1.64594674
0.36735490
-0.63264608
0.64973426
0.23354991
0.39215297
0.94638890
-3.66040206
-0.05020952
-0.42831713
1.12534451
0.30061018
-0.02161366
0.00252644
0.31432232
0.75746423
-0.00156328
0.13797922
-1.03465664
0.32455605
0.66454190
1.14962745
2.39691925
0.19126944
0.78522253
-0.05101515
2.15750504
-0.02057371
0.63735294
-0.35225579
5.35656261
-0.74367881
0.87526494
0.26418465
0.98950857
-0.20591557
1.32594657
-0.03704322
1.80421233
-0.13072255
0.16807212
-0.34012669
-0.12137168
0.35968798
0.59915918
-0.20948614
0.27987000
1.06573009
-3.94405651
0.10180677
1.24703264
-2.67302060
-0.75892740
1.10133708
-0.36849344
-0.01466734
1.32566261
-0.02193984
-0.07308289
0.06068316
-4.12441063
0.14474653
1.82717538
-0.46104828
-2.08291984
0.53366762
0.44657585
1.42103028
-0.35790554
0.10455287
0.00423641
-0.55296910
0.05529770
0.03314377
0.07840407
0.19379075
0.72652400
-0.01710402
0.02115820
-2.82098484
-0.07821354
0.25325355
-0.15263510
0.91964465
-0.31875715
-0.11023663
0.93934268
-0.12625864
-0.11608941
-3.19554019
-0.04032056
-0.00616285
-0.09685092
-0.08421534
-0.18256174
0.00361099
-4.20997667
0.00303069
0.41104582
-5.43779612
-0.45891201
0.06918894
-0.02621047
-0.41814405
0.10031747
-0.02196913
0.04044601
0.59668827
-0.06749647
-0.05242839
-0.29957110
-0.21105444
-0.04382010
-0.00707111
1.32192326
0.02002987
-0.18216243
0.32917202
-10.15787411
0.18622042
-0.05431271
-2.30269217
-0.00029851
-0.21339375
0.04693694
-1.53811908
0.37676722
-0.16262202
0.21331659
0.25855416
-0.16911289
-0.03764006
0.10821558
0.97932380
-3.06135750
-0.00584885
3.24509025
-2.19913387
0.36437923
-2.79316592
-0.03244119
0.23342225
0.14577593
0.45070362
-0.00338154
-4.14408636
-0.02558524
0.07385714
1.00098324
0.00378268
-0.03711026
0.02935879
-0.18407118
-0.09292684
-0.06646969
0.10230765
2.06466007
-0.06491065
-0.22009878
0.12170247
0.00096792
0.01046078
-4.29440928
1.03529942
-0.08778512
-0.56300694
0.16848551
0.24350403
-0.00503184
-0.09226976
-0.03232390
0.14618114
-0.14689253
-0.27983171
1.38070965
-0.09739597
0.09781530
0.00941266
-0.23450601
1.38557267
-0.75630325
0.38469541
-0.09644628
-0.01005598
-0.00403497
-6.31791878
-0.09424701
0.02491106
-0.32160124
-0.07493342
-0.25132307
-0.06767807
0.25021976
-0.07777992
-0.06983189
-0.07623720
-0.03232654
-0.06651021
-1.65754783
0.09615116
0.01145633
0.02986888
-0.21060120
-0.25193280
0.09458945
0.04022753
5.78538418
0.34039941
-2.72224426
0.02048421
-0.01732410
0.00057670
0.00523225
0.01151668
-0.17187291
-0.12755027
0.02499981
0.02318015
0.89850920
-0.14702985
0.35508284
-0.22636078
-0.40194559
0.01478701
0.07701939
-1.60545814
0.03150102
0.41770166
0.32360604
-0.21430284
-0.11206915
-0.87352079
-0.04418440
-0.37228563
0.37698475
0.09689335
-0.02789867
0.09856590
0.77732199
-0.17947929
0.05283991
0.09641535
-0.10458143
-0.19288687
0.02006569
0.04563174
-0.14963585
0.31120232
0.07484937
0.27946913
-0.09453722
-0.23828451
-0.12548716
-2.00582933
0.04341709
-0.07450899
0.07978512
0.47544950
0.86826354
0.03245028
-0.18998359
-0.23957729
-0.59549671
-0.06141865
-0.68861812
-0.84813797
-0.08911112
-0.73335427
0.02483046
-0.44136328
-2.26070285
-4.17060900
-0.00784442
-0.09540165
-0.24717802
-0.22492546
-0.31601495
1.47697568
-2.30969238
0.01832678
-0.26325095
-0.04693297
0.42201617
0.04045403
0.35437089
0.02608204
-0.08256511
-0.07194863
0.04467056
0.31481761
0.01882444
-0.63612962
-0.39441934
-0.30587089
-0.16723761
-0.02897515
-0.32413405
0.57399207
0.02830083
2.55120158
-0.26612121
-0.10384194
-1.54614520
6.00354958
-0.43050727
-1.49488699
-1.18110037
0.02420307
0.76629734
0.03936583
0.01463317
-0.16767788
-0.07332697
0.04456381
0.40778327
-0.12520473
-2.09519148
0.13801761
-0.25364569
-0.21316268
0.02106535
-0.92659938
-2.18284702
0.21811609
-0.82827610
-0.21297647
0.13177869
-0.08772954
2.49404550
0.25405642
0.05064756
0.06383101
-1.03342569
0.00581470
-1.12735450
-0.36015168
-1.33219159
0.23790391
-0.17563705
0.40095511
0.11366382
1.88931561
0.03170792
0.41508880
-0.20918287
0.14994201
0.01166819
-0.03384806
-0.75765246
-0.60653067
-0.47428751
0.00330570
5.12778234
0.25128236
-0.03030193
-2.50311661
0.64829952
0.35678926
-0.63209778
-0.06950022
0.16407880
0.51472342
-1.23411989
-0.01667252
-5.89855051
-0.93168354
0.42351764
-0.05326343
-0.04555022
-0.12053161
0.48003405
0.05814224
-0.01378428
1.36441648
-0.04491297
0.00725087
0.34195954
-0.04675237
0.23131303
0.21284835
-0.04367747
0.11173157
0.20642063
0.01481616
-1.18359578
0.29410556
-0.52663469
0.21275420
0.02716116
0.16910107
0.31067422
-1.14686430
0.01179587
-0.19141117
1.00317311
-0.27121323
-0.01252586
0.03052555
-0.04087023
0.26813415
0.07429425
0.07690182
-0.03031137
-0.02810437
0.15142329
0.43132737
-0.10160470
0.01223402
0.12297552
0.04929780
-0.52190453
0.05245777
0.01188260
0.36806533
-0.34732318
0.72221082
0.54594177
1.32982063
-0.14155117
-0.03394368
0.98814148
-0.02941838
-0.66901690
-0.01125687
0.04360301
-0.10740273
0.13366348
0.15599395
-0.11441460
0.06104655
0.06747854
1.03421509
1.47678912
0.62424600
0.64091313
-2.35145736
-0.28291544
0.34307343
-0.17597963
-0.06803162
-0.03561352
0.03567115
-0.08794811
0.05393100
-3.06894469
0.09495504
0.20309409
-0.71700680
-4.33480358
0.17155445
0.70800322
