0.52056718
0.18011266
0.17205410
0.00626292
0.16104625
0.15762261
2.52604175
0.10483772
1.13528275
-2.55023193
0.90153140
0.26748937
0.25689071
-1.16327000
0.06511992
-0.90683329
-0.40330264
0.03839570
-0.66560161
-0.17923911
-0.11092264
0.04064245
0.61233968
-0.43713170
0.42382729
-0.19154392
0.52272063
0.26700145
0.62442231
-0.63278943
0.05407348
0.17610201
-0.69594413
-0.34999129
-0.23694728
0.28674847
0.34635732
1.07702684
0.28974408
-0.23474036
-0.17273301
0.95920837
1.56024015
0.70789063
0.63603449
0.34373462
-0.18823780
-0.50612664
-0.49413294
-4.59239435
-0.27325910
-0.03096211
0.05567298
0.47941515
1.73296797
-0.00273866
-0.13791014
2.48999667
-0.00535336
-0.40495944
0.27004695
0.68701380
0.19699326
0.83748382
-0.54795539
-1.01841509
0.58827114
0.45631841
2.09852171
0.14412154
0.35380489
0.01128635
0.22802143
1.44506180
1.39746678
0.35354125
0.01463306
-0.62314653
0.47627401
0.07720646
0.42795154
0.41714275
-0.82860905
0.40507209
0.00963904
0.54461795
1.15351176
-0.11889043
0.73196495
-0.16697374
-0.08288515
-0.14214809
-0.36524573
0.19588116
0.39274022
0.35855791
-0.13142756
-0.52762467
-0.08356449
0.04146213
0.12945251
0.19098915
0.03889067
-0.08019245
-0.05731369
0.43411738
-0.13148850
-0.06752375
0.12005638
-2.34396243
0.06060932
-0.26187542
-0.25221187
-0.02522797
-0.61403573
0.31945351
-0.33608413
-0.15209989
0.46920410
0.73787630
0.47044736
0.27270952
2.04951668
0.17404714
-0.00313537
-0.11931179
0.75508517
1.03341579
0.48739555
0.09819910
0.44237971
-0.44280171
-0.18593177
0.24796516
-0.26433787
-0.01085873
-0.95267737
-4.23008585
-0.27588055
0.78272492
0.23861812
-0.97649223
0.84448415
0.40071303
-4.29959154
-0.50563824
0.68988973
-0.08481581
1.03889501
0.06087483
0.01238913
-0.14386582
-0.49256381
-1.93981433
0.97216016
-3.03059530
-0.17684484
0.08771647
0.15717126
0.79815948
0.39069140
0.09260771
-0.17161621
-0.51938671
0.45525163
-0.89814311
0.33988225
0.64819354
0.12526473
0.03392018
0.22507039
-1.04411733
1.96396911
0.24292769
-0.02247204
-1.48127818
-0.05851212
0.66008246
0.62229693
0.54162270
0.50162774
-0.12444310
0.47917134
0.46792355
1.73308671
0.07927072
0.23305337
0.28715545
0.57206267
-0.52556527
0.06739216
-0.02488605
0.12349024
-0.14202936
-0.17737067
1.06072056
-0.19865201
0.25177446
2.31565213
0.51240510
1.29581583
-0.33763433
0.07936855
-0.38627598
-0.34876299
0.33391303
0.05708914
1.34656394
-0.08388236
0.15898515
-1.06744623
0.42331415
-0.38879472
2.19196606
-0.05361866
0.87520790
0.02119080
0.02653020
-0.06835196
0.00038132
0.05524651
-0.31258664
-0.59896380
0.09242413
-0.44413462
0.77253604
0.01750275
-0.25722000
0.41005829
0.26882863
-0.00420898
0.55926615
-1.64161170
0.77721256
0.26544058
-0.33361626
-0.22310916
0.01805271
0.55127060
0.39713496
0.51758474
0.24453981
-12.38230991
0.08288762
0.69439095
0.72984552
0.03386847
0.32715896
0.52807504
-0.29589376
-2.11425829
0.69086754
-2.73665237
0.27450722
-5.09944296
3.20853925
-0.40959153
0.50692236
0.68637294
1.24650717
0.37197706
1.61364877
0.05684939
0.06944685
0.04067161
0.03315916
-0.60070574
-2.92353821
-0.84120148
-0.04817816
-0.49394596
-0.05374260
0.16680495
0.16553055
0.14133553
-0.38677773
0.53986686
-0.17728141
-0.10952582
0.74936914
0.32391924
-0.33487892
0.26521763
-0.14937633
0.16974860
-0.53471053
-0.89177346
-0.01758938
-5.19869900
0.40501374
2.43458152
-2.66968083
-1.04569471
-0.00485823
0.08332248
1.02825868
-0.22094187
0.47533187
-0.25441474
2.33005142
-2.52593970
0.36249238
-0.25158679
-0.38703421
-0.10538193
-0.25931168
-2.61013222
0.09961712
1.92461860
0.67955291
0.27667701
-0.07211832
0.93465036
-0.09059077
0.28874585
0.39376965
-0.57183725
0.85798073
-0.13208108
-0.02914069
0.37427527
-0.61374372
0.01936868
-6.46099043
-0.01671617
-0.10064751
0.01172205
-0.68262058
0.22478506
2.48413205
0.17049962
-1.81953776
-1.16730821
0.78079557
1.51235747
-0.02936637
0.12749663
2.00712490
0.28222710
-0.89580488
0.32637197
-0.04264144
1.68842220
-0.12866165
0.27928784
-3.78767872
0.62604797
0.66109836
0.21540332
-0.44156250
-0.35736462
-0.43139517
-7.08668327
0.03447654
-0.01417602
0.07316691
-0.15545413
-0.09459201
-0.07326642
-0.49244967
0.33224097
0.39132237
0.36790174
0.43118837
0.50691354
0.97371447
-0.68269759
0.69000632
-0.26474676
-0.14179897
0.26402673
-0.17714536
-2.82963872
0.97088444
-0.06491793
0.58451408
0.83870339
-0.26191586
1.45574164
-0.81017268
-1.53725040
-0.60946411
0.52620041
2.93546247
0.50520182
0.06534013
0.09906796
0.45655921
0.01051760
4.12813902
-0.11777696
0.77740103
2.63285136
0.30108991
0.42754591
-4.29500008
0.39114121
0.65442288
-0.10932572
0.31811711
0.13949384
-0.51534879
-0.23826900
0.67190260
0.63525623
1.29340971
1.44525743
2.66670418
-0.92448902
0.49860445
0.43469402
0.10778398
-1.77651751
-0.05686060
0.24070527
0.24014558
-0.22790296
-0.14547129
-0.93105721
0.60965699
-1.62140203
-0.55006117
-0.04029923
-0.72650111
0.00434880
0.51805902
-0.17775784
-0.22779012
0.02448892
0.15028897
-0.23925538
0.48655385
0.43517524
-3.52680588
-0.20131756
-0.77042454
-1.63999808
-0.17362110
0.23947299
0.11605139
-0.21257906
0.08014590
0.41687086
-0.14543250
0.86803055
0.48699227
-0.28159556
-1.06906772
0.44185936
0.13034055
-1.31264448
-0.21107866
1.30832195
0.11016919
0.14394717
0.00036291
0.26569510
-0.20157553
-0.06644450
0.16574602
-0.28919518
1.53935850
0.04040835
0.03248114
0.35211962
1.27065957
-0.37355921
0.95867258
0.58648938
-0.14212957
0.04560170
-0.11800262
0.18380646
0.38803276
7.34813356
0.17084980
-0.38148114
6.21299934
-0.04324349
-0.39832446
0.07615191
0.49543959
1.89913273
0.32871109
-1.62661457
0.60190290
-1.08192122
0.44401705
1.29607332
0.26668546
-1.06199324
0.36149475
-8.22667503
0.13128571
0.18117829
0.44234702
1.23330414
1.52215838
-0.21177642
0.33371142
0.31055981
0.01898498
-1.76340616
-0.50743186
0.04167370
-0.01712709
0.11474848
0.05609208
-0.02016938
-0.08961486
0.06763530
0.19254088
-0.47254887
-0.57078540
0.03980572
0.10432141
-0.78607595
0.26170775
0.02629923
0.02321917
-0.52902275
-0.46144101
0.37212226
0.29146850
-3.40693021
-0.87723583
-0.17971578
-1.03774440
0.43045199
0.08739594
0.48492986
-0.33784464
3.30562997
0.33675894
-0.28445601
1.54294169
0.52598935
0.21484132
0.07207850
-0.45663416
-5.22595882
-0.15999380
0.07019071
0.49689963
0.44632030
-0.20230974
-0.10692786
-0.10771646
-0.64718616
-0.23628411
-4.61753798
-1.87143040
0.34016621
-7.26805735
-0.01646243
0.90652943
0.05057326
-1.18895531
2.53111196
3.08835435
0.49674746
1.18113422
-0.65417165
1.31863225
4.29991293
0.38130081
-3.90231729
-0.11108787
0.80686802
-0.10559216
1.87501037
0.28140593
-0.65548176
0.13051924
-1.52782094
0.64532506
0.57391912
0.55788326
-0.46788734
-0.20257312
1.41083169
-1.00617099
0.68762743
0.12488601
0.37902254
1.40528572
-0.03295996
-1.84260881
0.06977921
-0.72374088
-0.49461213
0.62775624
0.49199182
-0.10142641
1.01508868
0.35786894
0.83002979
0.13032688
0.31311885
-0.35654259
1.48509908
3.46936011
1.72230542
0.03096167
-0.74911112
0.19783291
0.34642994
2.07128787
0.11764533
0.07754520
0.12201118
-0.39744860
0.26778758
-0.92462748
-0.05176159
1.05811191
0.12160869
-0.61086679
-0.14704320
-0.18364432
-0.96274102
-1.75951576
0.00081360
-0.25417638
0.05558731
-0.04694416
-0.32705322
-0.34644821
2.26596999
1.00227964
0.22912875
-0.02055223
0.17215540
-0.34926125
0.88756555
-1.81420708
0.75450438
0.79501492
-0.14566827
1.98415661
-1.12881243
-0.04743962
0.27277029
-0.54501075
-0.18981464
0.02927801
0.18755920
0.55186325
0.05369689
0.72799695
-1.23425364
0.44053799
0.95970154
-0.71486139
0.31400451
0.31217647
-0.66891617
0.28394496
-3.74861646
-0.05149435
0.00883220
-0.44257283
-2.04327989
-0.20523420
0.80095303
-0.28242496
2.48708177
1.04677725
1.11440361
0.09100690
0.22348556
0.94343579
1.02954996
0.42042986
0.02229328
0.41133064
1.93741274
-0.51851439
2.75571060
2.15935969
1.15681219
-7.87136364
-1.20075417
-0.11762282
0.76489562
0.17533177
0.73828101
-4.35662174
0.46266168
1.20441222
0.18591541
-0.06785356
0.48564357
0.17045747
3.33949780
-0.42669496
0.37450790
-0.10403814
-0.90607274
-0.14062369
1.33371115
3.52457213
-0.34768754
-0.02930103
-0.90688819
-0.34361055
-0.00927404
-8.25953579
0.88863301
-0.12514040
0.61309588
-0.40837732
1.66741383
-3.20338273
-1.37881458
3.78806448
2.23933673
0.58869803
-0.06927102
0.30174017
-0.33414483
-7.37499666
-0.30747309
0.50049150
-0.19455381
-0.87246609
1.39960241
-0.02933835
0.15637824
5.92511797
0.93045020
-0.42628106
0.72405785
1.16019881
-1.12967503
-5.68043709
0.43889320
2.61114073
0.40410605
1.51155901
5.66484118
0.16496533
0.93476874
1.78618753
0.90572417
-0.82633102
4.69304752
-0.50655061
0.14293076
-1.19808018
-0.54121214
0.15968779
0.44474122
-0.10195004
-1.49468672
0.42181677
0.63838375
4.12084389
3.20960808
-0.24452280
0.04267171
-0.23585778
-0.11007795
-0.44723821
-0.52258909
0.45336682
1.47688866
0.43483111
-0.20954622
-1.34436226
-0.08998837
0.13441752
1.99429119
0.48975503
2.32100844
1.44696128
-0.24238227
1.08883691
1.42688251
0.47387779
0.64660347
-3.19886446
5.63670826
-0.47224703
-0.58396727
0.41469726
-0.63453680
0.92189163
0.12018935
-0.37979788
0.84734809
1.31776643
1.54720438
0.24416526
2.45186973
0.44833839
-0.19420998
-0.33589274
0.57870966
-0.05457370
0.60318065
-0.32738185
0.28149745
-0.94526374
-0.59468353
0.78203869
-0.01052698
-0.61898893
-0.90203238
-6.96482325
-0.08405141
-0.31227240
1.61511302
-2.75208616
2.03807092
0.78271347
-5.46375513
-0.54429471
0.75308514
0.98355442
1.79385829
0.00152638
0.47677881
1.23474550
1.64533913
-4.01161098
4.07040501
-6.66402769
-0.25076571
-0.07442629
0.33158764
0.95425218
0.07171926
0.12695152
-0.66173631
8.61412525
-0.48885036
0.19227354
-0.16525817
0.63797456
1.11224926
-0.66022629
0.34671733
-9.03072643
-0.77264667
0.42865533
0.24958415
1.08528256
0.20858151
1.41382921
1.95201743
1.49912894
2.48451567
-0.43141246
0.07669498
0.21086925
-1.43488204
0.31725588
0.50043309
1.20910621
1.29039550
-2.42172289
0.15679519
-0.92850071
0.02038752
-0.42523092
-0.53541893
3.10017943
-1.33121014
3.14413762
-1.15830314
3.56254554
2.06934094
2.47330570
0.25425768
-4.25759649
0.53712809
1.25025630
4.09920549
1.38552833
-1.52281451
-0.22588658
-1.19122612
2.03069520
-0.84102648
5.56176329
-0.13774081
0.20513263
0.15475014
0.16988850
0.09295166
-0.44612679
0.08177717
-0.87830567
-0.52270651
1.69387436
-0.87313479
0.69155127
-0.27936372
-0.41699514
1.44800544
-5.22602987
-0.13169491
0.05497063
-3.65643811
3.45157385
-0.17024851
-0.15332456
-2.97025609
0.67370176
3.18162608
1.45529127
0.73747724
-0.72582519
-1.04961419
7.50941038
-1.26216090
0.81617033
-0.42144418
0.72346044
-0.78018737
2.30196071
-0.70611149
1.77591395
-5.50157404
0.18930706
-4.57289410
4.24332905
-1.01607621
0.82658273
-1.44102371
2.39141488
0.50137210
-2.82675529
0.34701949
0.41215533
0.22043630
0.08487722
1.37324846
1.62286508
-0.45088559
-0.37745681
-0.23413797
-1.03445446
0.33273414
0.28706706
-0.02307887
-0.52544296
-0.45453152
0.31657839
0.08668089
1.25671470
-0.70223308
-0.36663324
0.41612294
0.52594733
1.00265157
-4.17768288
-1.16357720
0.37422729
-0.87399423
1.05380690
-1.64225256
3.64263153
-1.39194608
-0.40140146
1.25416327
6.21677208
-0.40178588
1.41776764
1.65746629
3.57875133
-1.23942268
-0.17668374
1.13473821
0.67072886
0.19977021
-0.46954122
-10.39709663
0.21264568
0.29990828
1.86116290
0.82658148
0.14511490
1.14014816
-0.28876418
3.02669787
0.66709185
-0.58832234
1.31119859
-0.59978062
0.34107536
-0.51317233
-1.65742862
0.13376868
-4.80055523
0.19826825
1.24530244
0.64860582
-6.96819782
1.25328314
-2.51409626
0.98629808
-7.28221989
-2.62969422
2.97169209
2.59814668
0.65687710
-0.14234708
6.24670315
0.49183509
1.59544718
1.26057184
0.88852847
-4.12271214
-0.55206460
1.87380970
-3.28244829
-0.07665599
1.80250216
0.42188829
-0.94351560
-0.53006905
-1.06318033
-7.38472414
0.28975615
0.09290303
0.65744209
1.10149682
0.28735530
-0.41801333
-1.83593082
0.62662959
1.01030838
0.45770928
0.66933036
-0.27977124
-2.02572227
-0.94873673
1.75939929
-0.15587604
-0.17699896
0.84510851
0.37937772
5.96770716
-0.83734334
-1.46142292
0.12699237
-0.09810038
-0.53401190
-20.99164963
0.76531374
-1.72961473
-0.68698114
0.22081082
1.55396521
0.14915632
0.20079742
-0.30958071
0.58226329
0.07574014
7.69909525
0.14374134
1.58035564
6.37301397
1.67271042
1.10546374
4.37545538
0.04130429
1.92294574
0.12862189
1.09254348
1.11001253
-1.66907096
-1.36732888
-1.02828693
0.31295317
-0.21008559
1.54236484
-0.20792986
-2.84565663
1.42327905
1.84855366
1.52241719
2.31874585
2.15968275
0.51946354
0.79468393
-0.96754485
0.04345594
-2.24215293
1.94888866
-2.70651960
-1.63340127
0.56849307
-1.38784838
0.63028860
1.58470631
0.32563388
-0.35763222
0.04365788
0.31166944
-0.33449855
0.63262558
-1.32657611
-3.62669897
0.48971418
-0.69406450
-0.01729805
-0.61045849
0.50746614
0.39435172
6.31219625
-0.16875009
0.88608813
-0.44435620
1.31006145
0.52674794
-0.58307433
-2.14075708
1.64003623
0.14373316
2.52502298
-0.01269986
3.76976562
1.40851057
0.12719825
0.02323426
0.41754681
-1.65894198
-0.37616411
0.26093909
1.25950158
-0.55497915
0.41133729
0.46033555
0.71788573
3.22033000
-0.12182228
5.56164837
-5.20868635
-1.67501557
-1.65374708
-0.15394126
0.47489303
0.70269102
5.34087944
0.76221871
-1.04760897
9.65362930
-1.44668496
-0.52799487
0.06320653
1.29557526
2.73633575
1.47564149
-7.16420794
0.70378196
1.76260638
0.55024695
1.27623034
0.33839980
-1.61110938
-0.88723409
-2.18837547
0.26520681
0.16060984
0.79097664
6.14696217
-1.34181845
-5.96877146
0.87454170
-0.51279718
0.21892287
0.63728738
-0.87834316
-0.04557477
0.27901116
0.09939986
0.21982591
0.14575458
-0.13679636
0.85614127
0.83550709
3.92415905
-0.11549719
-0.14470215
-0.98069525
-1.78474867
1.26262522
1.14897680
0.41023433
-3.38126731
-6.89235830
0.75966662
2.84925342
-0.08169234
-3.39723587
0.42428431
1.16742051
1.48161733
0.50990915
0.33186492
0.22052431
3.86367345
2.67026448
-0.20495903
4.08011818
2.05457234
0.11903527
0.46957552
-4.78892136
0.09422080
-3.76180410
1.56202650
0.81670350
1.13186228
-0.51476753
-0.45808086
-0.55364102
-0.87343705
-0.27490756
5.51727104
0.48903462
2.00341034
-5.64294195
0.72913653
2.21258712
0.04113384
-1.14982641
2.26104999
6.96022940
3.57859588
1.41148353
-0.47895548
3.25027370
4.70310354
-5.02054977
2.91885233
0.33098707
1.98081017
-0.36872548
-4.02751398
0.66631752
-0.81274450
0.35979581
-0.70958370
1.52433562
1.75408149
-0.19493413
-1.19076800
-0.30934727
3.56571507
2.12507963
3.01512980
0.23149800
1.21478629
0.99182081
0.10067608
-4.68679905
0.31478012
-8.88283443
0.06735823
0.81894064
-0.40390760
-0.02795154
1.94566369
0.69907027
1.30683577
1.51300454
1.34990227
-1.18806422
-0.55333281
7.60924149
1.50947952
0.40808061
-1.27638066
4.94985294
6.62178326
7.53527594
0.32953012
0.69740176
0.41802844
-0.17534000
0.84476233
-0.99490225
-0.12914123
3.34698868
0.20105036
1.73191524
-0.27306387
0.14685664
-3.59780598
-1.30581582
1.98760021
0.18716411
0.55879146
1.94138336
-0.69876420
-0.35257578
0.34181872
3.23178363
0.53604716
0.14488158
-1.41454971
0.08524327
1.35968173
-2.64599442
3.82258129
2.29330206
-0.43878368
0.54642051
-1.67080653
-0.57414395
0.17388994
-0.69560021
0.24527656
-0.26907381
-0.13702331
2.04352164
-0.80586773
1.46806109
-4.53884602
0.86841351
1.60409367
0.84974360
0.12560776
0.89184833
-1.43571103
1.58829057
0.07417732
0.69204694
-0.05033817
0.51187944
3.56062865
-0.73191756
-1.23991919
-0.09509554
0.61745781
-0.45143580
-0.40187564
-0.13914928
0.47011396
2.34040737
0.55056381
0.14702012
0.16568919
0.06409141
0.13842711
0.05791578
0.06082639
0.40746281
1.37304103
-1.98747182
1.44279087
-0.33008540
0.23906139
-1.40249360
0.07988387
-0.61430693
0.85896116
0.27557272
0.52589029
-0.24125880
0.23893841
0.06970697
0.55267781
-0.36873445
-0.14237431
-0.21214329
0.16631877
-0.28892073
0.50373852
1.94187725
0.11401675
0.22630566
-0.48257911
-0.28239313
-0.09229863
-4.95996857
0.34935731
-0.42976081
0.36398998
-0.28231442
-0.40363637
1.17689288
1.40466130
0.68248749
0.59804440
0.48675576
0.38822696
1.18266821
-0.42908394
-0.48395541
-0.27120668
0.03121684
0.07831234
0.48842674
2.09405065
-0.02107709
-0.09140775
1.92000186
0.00866980
-0.45384333
0.06029012
0.47626576
0.04786371
-4.80616522
-0.26186988
-0.93214035
0.52734613
0.30949849
1.99958432
0.21103138
0.28915894
0.01127654
0.19731180
1.49281013
1.11145937
0.52131695
0.02641148
-0.31823012
0.40416157
0.09199166
0.29620132
-0.23740228
-0.64158678
0.37128744
0.07731622
0.27419323
1.10663605
-0.09762239
0.76187956
-0.17415421
0.02573069
-0.14263040
-0.22751215
0.20442390
0.37802061
0.39844379
-0.33988541
-0.92674613
0.19446969
0.05150152
0.23932736
0.13306984
0.26700446
0.01790478
-0.03468471
0.22052513
0.19306931
-0.06013871
0.19897261
0.85975552
3.72022414
-0.24899130
0.55785048
-0.92180151
1.37599277
0.46711007
0.25537920
-0.15511394
-0.07365780
0.55083257
0.38067797
0.26220351
-3.17341375
0.10692278
-0.02047183
-0.18782341
0.75665087
1.06323934
0.49107945
0.11729833
0.47488898
-0.36224493
-0.19184665
0.26861146
-0.14735670
0.22930051
-0.91435897
-1.47120118
-0.03405611
-0.70284671
0.28223416
-0.97556514
1.02763820
0.44561386
-0.76435590
-0.41292629
0.39233971
-0.15142205
0.84391290
0.06157991
0.01401931
-0.35867095
-0.18977615
-1.76914477
1.27073753
-0.72328210
-0.17117108
0.05749487
0.21334492
0.72030556
-0.17130551
0.15662012
-0.06407123
0.08826516
0.30155745
-0.79230446
0.11185618
0.60699964
0.06449126
0.05964158
0.16657254
-1.40941286
2.28025770
0.29154694
-0.06298182
-1.03504729
-0.02606772
0.70275074
0.48054188
0.48194870
0.53041995
-0.04999337
0.57350707
0.53013182
-1.53783584
0.16955167
0.27500695
0.13625515
0.47768632
-0.51632833
0.03165808
-0.02748289
0.09774902
-0.09321441
0.35648721
0.99853492
0.43426275
0.32668260
-2.58691669
0.58399582
1.40697157
-0.38043594
0.08797276
-0.80168736
-0.37603483
0.37134835
0.18122043
1.19572902
-0.67238790
0.14126526
-1.93361807
0.42981610
-0.14566103
2.26327372
-0.11643378
-0.14411357
0.07129721
-0.02316823
-0.05831428
0.24749027
0.04529081
-0.35986000
-0.49900240
0.21841392
-0.53418046
0.61628962
-0.06734867
-0.27624986
0.61263192
0.15635161
-0.00739203
0.54951763
-0.99108082
1.00943053
0.30065909
0.49460930
-0.83447325
0.03485131
1.05111778
0.29558685
0.50925845
0.22214389
2.00998569
5.13814688
0.46426186
0.79600358
0.07689563
0.41034514
0.65710747
-0.02107102
3.07234025
0.63689774
-2.23835135
0.23743629
-0.62753367
3.74541545
-0.30806142
-0.22560114
0.81741524
-0.09432234
0.23543662
0.35866919
0.05875501
0.03403421
0.05095124
0.01761926
-0.20028853
2.12925315
0.74692017
-0.02983312
-0.12485925
-0.04990053
0.20206442
0.17710556
0.08613309
-0.24540336
0.66053623
0.29644281
-0.10702658
0.95043600
0.22263242
-0.30681321
0.14265828
-0.07327058
0.08915095
-1.32547653
-0.74130654
0.05001189
1.90057015
0.55557066
-0.57900262
0.65390795
-0.92364794
0.01792587
0.12677360
1.38513172
-0.16304463
0.48726538
-0.21824180
1.48225415
-0.04700868
0.43573630
-0.02399267
2.69192719
-0.06537899
-0.23941503
-1.36102331
0.08316243
1.31979394
0.42619044
0.34577903
-0.00607135
0.48422092
-0.12120773
-1.28336167
0.49934685
-0.55778599
0.70162225
0.11674622
-0.11835536
-0.05718326
-0.77161914
0.01907782
0.72380358
0.12452798
-0.02879331
0.03103473
0.42940062
0.18098916
-3.61710095
0.13436250
-1.97030926
-0.94127548
-0.28968447
0.93474722
0.05184779
0.09683012
0.58453935
0.28788826
-0.89591467
0.42506617
-0.08011718
0.56196511
-0.10242165
0.27786779
3.19780254
0.42387617
0.53197056
0.23919673
-0.48150218
-0.26241693
-0.44586182
-7.63576460
0.02140747
-0.01088197
0.01927893
-0.14836568
0.06051792
0.03621069
-0.80395156
0.16918853
0.45248416
0.28041440
0.45911506
0.32867897
-0.08606612
-0.64328402
0.68174613
-0.25229150
0.31370834
0.27530637
0.08843996
-3.62862754
-0.76979500
-0.16727215
-0.01630074
0.52087945
-0.26986989
0.94192535
4.08931065
-1.04575193
-0.48229834
-0.22829348
-3.56522608
-1.79292023
0.06375914
0.03553843
0.32902190
-0.03076858
-7.14142561
0.15256077
0.83135784
2.56656718
0.11590347
0.48809895
-0.53986669
0.42087585
0.69120008
-0.06938504
0.46787664
0.03315711
-0.48778117
1.04396999
0.86511999
-0.14541413
-0.05584629
0.83605498
-3.58151054
-1.05637860
0.38206169
0.54175138
-0.01238606
6.91669416
-0.46169493
0.29236749
0.30257145
-0.26998764
-0.19518240
-0.90139896
-0.02734576
-1.59482551
-0.20658208
-0.14276221
-0.36479542
0.05602432
0.69121939
-0.51226801
-0.18185778
0.06486426
0.04639151
-0.17544957
0.43208715
0.30445692
2.08937049
1.16322601
-0.94391638
1.97402585
-0.08395623
0.36039951
0.10790805
-0.14013375
-0.42657572
0.43829724
0.38114393
0.75303870
-0.06522035
-0.39817375
-1.33934975
0.59177828
0.09330370
-1.40167761
-0.01490412
1.41699493
0.14012492
0.11577802
-0.01510588
0.26092350
-0.25038749
0.11839366
0.15387285
-0.13423930
-0.97156686
0.12074172
0.22839497
0.05708005
1.27731621
-0.54335088
0.96320665
-6.03323174
-0.21513349
0.28775984
-0.02857018
0.17248134
0.21140978
-0.31291777
0.32792264
-0.42457885
2.79677463
-0.10696305
-0.60102749
0.05329136
0.37284914
1.81001687
0.37995902
-4.06752062
-1.14201248
1.14518654
0.54200912
1.09628201
0.25689891
-1.01704609
0.35375139
1.38782573
0.14623451
0.17225675
0.11433578
1.17501545
-1.41830325
-2.77852154
0.21845819
0.23978113
0.02871415
-1.69539917
-0.51428086
-0.08157573
-0.01116322
0.16378662
0.00938604
0.00512466
0.04696941
0.03483813
0.16210800
-0.47464994
-0.64181077
0.03026590
0.01374593
-0.49137661
0.16717489
-0.19605814
0.04193975
-0.62263596
-0.42541078
0.37169394
0.32053369
2.16221809
-0.78870738
-0.16378643
-0.24404284
0.25537792
0.13004473
0.50889575
1.24375951
3.23238802
0.63213730
-0.17396732
0.99322116
0.57915360
0.24119002
-0.04306682
3.43625236
5.00048399
0.13452239
0.03955133
0.78243566
0.52847755
-0.23223157
0.04653329
-0.48007005
-0.62959862
-0.27164051
4.52232838
1.36774099
0.45708418
0.06486319
0.14111203
0.52959752
-0.23752275
-1.11261141
-0.30623081
1.77089703
-3.33492875
0.98380208
-0.70268804
1.61133552
-0.30191925
-7.61577463
1.03659523
-0.16310558
0.62711996
-0.16476727
0.77297097
0.28027791
-0.69248587
0.23864318
2.70670462
0.25052580
0.64787221
-0.50924027
-0.32347205
-0.12627849
-0.93986946
-0.68088037
0.38459823
-0.09648789
0.28753689
1.60246086
-0.01475041
-1.93141413
0.16027735
-2.53154731
-0.19995338
0.46445638
-0.04117474
-0.10379165
0.97378808
0.43134102
0.56610322
0.15599732
0.23645750
-0.44365647
0.09923492
3.52782035
-0.21657231
0.03580296
-0.45447224
1.67306876
2.47798085
1.88284743
0.13687946
-0.07592147
0.07557718
-0.29653895
0.28406927
-1.09380496
-0.06725521
0.98400718
0.09156449
-0.47277218
0.55722833
-0.20892391
-1.13871396
1.76838207
-0.10457003
-0.13925938
0.00222455
-0.04211833
-0.44141546
-0.33404109
-2.83592510
0.98152184
0.24823083
0.04916194
0.39025462
-0.23431632
0.76781446
-1.38406241
0.13303801
0.65910655
-0.31189606
-1.76652098
-0.92904329
-0.02383235
0.24275263
-0.63946313
-0.43285665
0.01995139
0.28519192
0.26905945
-0.58408809
0.85541958
-0.76766849
0.55653739
0.85877419
-0.30588847
0.46322784
0.36430067
-0.60516030
0.16561183
2.91268444
-0.14541566
0.01654341
1.44549310
-0.04654670
-0.27783298
0.99311745
0.57029891
-2.12978840
0.94194776
0.02190795
0.06666385
0.18747921
0.56880093
0.94647437
0.30676469
0.22645642
0.27654582
-0.38430569
1.20999634
2.02841878
2.06002450
1.16315269
3.01686215
1.62524879
1.43989778
0.79671699
-0.00649875
0.07385486
-3.85413432
-0.40421829
1.15661371
0.16489021
0.22263788
0.24647892
0.11809660
-1.64036620
-0.51543427
1.07005525
-0.11080305
-0.79560864
1.33602774
-1.03651690
-5.65676308
0.97712946
1.00753009
-0.85674345
0.51406837
0.10431802
7.48314476
-0.21792926
-0.27977574
0.56192923
-0.58185029
5.10352468
-5.53395557
-0.61118311
0.68442345
-1.77233851
0.71382183
-0.38043126
-0.43048483
-0.42162433
-7.27594995
-0.32097971
2.30450892
0.61937976
0.39801285
2.28351426
-0.08520748
2.35721970
1.72795582
0.81359589
-0.48743245
0.65321481
0.10930222
-0.03549503
6.53805542
-2.05727935
-10.50590992
3.61117959
-0.86835825
1.98265779
0.14472638
0.01236304
-0.33556482
0.75656998
0.38957310
-0.93127114
0.76676029
0.20402923
-1.23890853
2.18858314
0.17318100
1.46744549
1.38126194
0.21278404
1.01821983
0.51827371
0.13881391
1.68435621
0.23249388
-0.41481194
-0.26674178
0.83378613
-0.69476730
-0.59999919
0.54967952
0.87462473
0.89064091
0.40204293
-0.83818388
0.25726670
1.06082678
-0.33751807
0.61124909
-3.40484953
1.28966177
-0.36196551
-0.25515068
0.90336055
-0.05260047
-0.34140742
0.74817127
-9.05306053
0.43186456
-0.88084239
0.61065841
-1.45178270
0.25108472
2.10845065
-0.27955064
3.66335320
0.85410434
2.45235777
0.44241476
-5.00056744
0.30500802
0.02674306
-0.45679346
0.86277229
0.21016228
0.83186746
0.49976966
0.35690901
-0.35957015
-0.57731205
-0.44910750
-0.43235260
-2.29543662
-0.75032789
-3.87432027
0.96733308
0.97135645
-1.15368867
-3.13146448
3.95581079
1.04369080
-5.65548706
-0.56806707
0.83817226
-0.62234229
1.58245492
0.38607210
-0.92783159
-1.16451347
1.12950432
-2.78572464
0.33163944
-6.55287886
-0.65561354
0.11240133
0.19457783
1.04059315
-0.94722039
0.08191928
0.03341193
2.14291286
1.70770574
-1.00478125
-0.52281058
1.10311377
0.93556583
1.42102718
0.36679947
-1.05077720
2.64626026
0.64481866
0.35680237
-1.10348094
0.85432452
1.60268772
-0.29838476
-2.00468922
-0.69252968
0.18577006
-0.42236722
0.44875002
6.07059097
0.16587797
0.49657670
-0.32209423
1.48344731
-2.04873991
0.10767924
-0.99395847
0.07595509
-0.15942739
-0.26385811
-0.39998174
-0.50659877
2.87446523
6.53303432
-0.33911541
2.44011855
0.48490161
0.22668235
-5.88490629
-0.35042608
-0.35568616
0.66014773
5.03956938
1.12846625
0.53524369
-2.16317534
1.11120021
1.29861057
0.22965337
-0.13227457
-5.93509054
0.10529279
0.16137670
-0.35032120
-0.76026666
0.03750756
-0.66846520
-0.47504252
0.04705463
-0.82110018
0.45217937
0.46792451
-2.55056810
0.82961470
0.38085315
-0.02050821
1.24096143
-0.80201995
-0.04856192
0.48559159
-1.47393894
1.43949485
0.87848777
1.61184752
-0.13985486
0.69710618
-2.93820930
-1.36901724
-8.63466835
2.04380631
0.12816876
-0.13364391
0.70990592
0.33363447
1.38974679
-6.42691708
-0.43591574
0.90849215
0.25197923
-4.97097397
3.95197439
0.40489683
-1.28825366
1.71275604
3.27851415
0.75067425
-3.93375492
0.45560262
0.51027048
0.17174387
-0.13565806
1.06991136
-5.62608862
-1.45901465
-0.27085149
-0.82301587
0.50254583
0.56962425
0.31465068
0.00834003
0.64691836
2.64495087
-0.10331398
-0.05749756
0.58664328
1.55856478
-0.59363288
0.73510039
-0.26180115
0.62466133
4.18396282
-2.88301945
0.60611826
-8.98096371
0.72731322
4.90418720
3.66381192
-0.46404320
-0.51802969
0.58741391
1.14031935
-0.45577419
1.81941164
1.29232824
2.24728107
-7.56014776
0.27036962
1.44047976
0.05555787
0.41670752
-0.29349062
4.44533587
0.20441128
4.17696857
0.70078683
0.83314359
0.12813677
1.51774192
-0.19452317
3.15880156
0.81254005
-0.28662336
1.54154515
-0.65701598
0.26566035
1.44803548
0.14333788
-0.00875072
-7.28981829
0.25614673
1.08213997
0.56217861
-0.65888393
-0.18643799
9.58032894
0.51319140
-1.36827493
-2.85549402
2.29050469
-0.77636707
-0.11650801
-0.30372480
7.33617640
0.51572758
1.05475569
-0.29274213
0.02323579
-4.75801229
-0.28217182
2.84545302
-12.78597546
0.44568247
0.76216543
0.13146478
-0.30547613
-0.15989290
-0.13428381
2.31711841
0.61336023
-0.02488890
0.54726595
0.07842601
0.26360133
-0.12766235
0.52647340
0.74135590
0.55318117
0.54025942
0.47480282
1.52550673
11.57273674
-0.64814228
-0.30595338
-0.08271967
-0.28482553
0.46734354
-0.34562445
-8.41025639
3.48595715
-0.57228643
0.78862637
2.05531645
-0.48235762
1.75907958
-1.60731578
0.85550100
-0.24402440
0.62343472
7.09489727
4.09655952
0.30963716
1.45945334
2.01696491
0.03257020
-3.77513766
0.61625522
1.60247636
0.56726533
1.74045110
-0.34722331
-10.21480083
0.74547881
1.88803864
0.51788229
-0.37737736
-0.20048504
-1.65799344
5.32127714
0.72791308
0.87725031
1.33962619
1.93405139
7.10153723
-0.27335212
1.49388492
-0.30679905
1.11233592
-6.50393772
2.14689350
0.43415299
0.87929654
-0.80554575
1.06669223
-2.10039353
0.42827970
-1.02515399
-2.05977511
-1.37054038
-1.23331380
0.46952665
1.41056597
0.75744259
-0.43021896
0.02357117
0.23164301
-0.28176436
0.41147754
0.89916021
-10.17775917
-0.36282727
3.06985378
-9.43934155
-0.05226050
0.34071952
0.30173749
4.48951530
-0.97803229
0.66351324
-0.44669133
1.22755349
1.78684890
-0.53838402
2.47600889
2.19141245
0.08519525
-4.67792130
-0.99389690
-1.01637542
-0.45105311
0.16534279
0.04142951
0.50002748
-0.01706889
1.35941052
1.25509059
0.99295294
-4.36260176
1.58893943
0.17805818
0.61198348
-0.71718246
-0.20080081
0.08523275
4.12525129
1.53510892
-2.13689971
-0.01738903
0.48735675
0.93270165
7.40916109
1.12979972
-0.28694499
1.74346352
-0.84225392
-0.68667811
0.28627589
-0.69145834
1.06181014
0.82666504
4.54812813
-5.29331112
-6.93494225
0.30693290
1.93241608
0.35514301
-1.26572323
2.57585239
-0.24883558
0.21429051
-0.07523073
1.68956816
0.23540562
4.18098688
7.03219748
0.94442725
0.71851283
0.15590556
-5.52538633
-0.75054270
0.15517814
-0.56216651
-0.08923454
0.41103184
0.06343237
4.75086069
0.82244873
-1.58890867
1.94302523
1.61530793
-0.07570799
0.34388819
-0.93390918
-0.60197848
0.08137078
0.30046836
-3.29202962
0.49122322
0.59093893
0.23839271
-12.20877552
-0.03675996
0.39069453
-4.82960176
1.17239082
1.23751867
1.66106665
-0.55032384
2.19648242
-0.16689274
-0.51655275
-0.98072118
1.96397185
0.04624993
-0.07590113
-3.69437504
7.18849611
1.17927408
-0.12184561
0.36927402
0.80264282
-0.74341822
-1.51098907
-0.21027072
-0.88444173
0.87147874
-14.00777912
-9.44383430
-0.41836333
-6.50944901
0.14277452
1.60613620
0.07430582
1.01995015
3.25020862
-1.51186633
4.15063190
1.01403415
-0.22239947
-0.60442644
4.57171774
3.75325012
-9.03587341
-0.00850809
1.78645086
-0.48666516
-5.59660769
0.69480157
-0.98868591
0.77211404
-3.30304933
1.77368534
-0.42185941
3.19988489
-1.63703930
-0.23703958
0.82322365
1.96213520
0.18482240
0.85833991
1.25067604
-0.13907076
0.16141151
-0.91470605
0.28285575
9.79608154
0.41365525
0.94292444
2.02965498
0.04653395
-0.02088396
0.78633320
0.79216641
-0.74327159
-0.01562482
-0.98884773
5.89632702
0.23990595
2.54063892
0.29125357
-2.01430225
-5.43542719
-8.16492558
2.45608401
0.46272415
0.72883350
1.36561167
0.47052389
1.08118451
-0.73896366
-0.07415117
2.80029321
-0.01305670
1.69128025
-0.37413627
-0.08359931
-1.22971404
-5.19531441
-0.20832251
-0.03594591
0.83787012
-0.80958539
-0.73314202
-0.43944475
6.15708876
-1.12693739
0.32738042
0.12360831
1.73777390
0.27944502
1.11808836
1.90699482
0.00955701
-0.46532419
-0.26301351
0.44635710
-1.18245482
0.26400244
0.89621335
-0.73111093
0.56844467
0.47160578
0.46448407
-0.23414366
0.86263484
0.46997634
-0.69218451
-0.59403586
1.79357207
1.36315107
0.25928220
0.54607928
-1.64667118
1.06358969
-5.71969748
0.79298919
0.10899300
0.60650074
2.79968905
-0.23082034
-2.84783363
-0.72195667
6.86507320
0.33622253
4.34298182
0.59004855
0.56642050
1.64731228
1.17066431
0.20304874
1.01992941
1.01815903
-1.43636072
-1.10800028
-3.02058268
4.38898420
4.46062040
15.28487206
7.86512089
-0.42104980
3.83029842
-1.68947887
0.81480300
-2.33756733
-0.42356050
3.58575940
0.95062685
-0.11883511
1.92305100
0.86163592
-1.71850061
-0.43535811
-0.44352221
0.95796633
-4.55466938
-0.81917751
-2.33177757
2.48499179
-1.83477044
1.14161325
-0.26416212
0.36292323
5.77421093
-3.80414009
-0.85961419
1.38833535
-0.03111813
-1.23972631
-4.49404716
-7.93832874
-0.83207810
-1.56407905
-4.28769493
2.02171826
-1.20879102
0.06950784
-0.28237599
-2.12000251
-0.29077780
-5.08888292
-1.81646490
-0.22520295
1.30505419
-0.13792318
-4.26262617
-0.94575322
2.44764137
-0.19368102
5.35735464
-0.08256095
4.71253967
-0.24764639
10.22209930
19.58303833
-9.39344025
-1.30200422
-10.85267353
2.25360107
3.08213854
-0.75118625
1.42974579
-2.22681785
-1.63837397
3.87799907
0.83973008
0.43810418
-4.09570551
0.76195234
4.66896105
0.24982426
0.30124095
3.76148582
7.13753986
-7.80455446
2.93187475
0.59374857
-10.64335346
-2.10865593
1.09358990
-0.60439086
-0.27586949
1.73460746
6.70041466
6.38881540
1.57072937
-0.64405787
-0.45942205
-0.66307026
-0.96611398
1.04023969
3.12692380
5.99529219
-1.52946711
3.78871489
6.60558033
-0.52033967
2.18779635
-7.01032782
5.05324268
0.10878995
-1.11269248
0.52048707
-1.69436812
4.06073952
-1.82396269
-0.10381057
12.26110077
1.81035864
3.31298542
1.37251449
-5.92919207
1.59581745
0.60152203
-1.09394896
2.61539125
-4.69232845
-1.16502297
-0.56698656
1.15072846
-1.23044097
-0.88724083
-1.24758768
-0.02843573
-2.73941040
-1.77348137
3.82883120
6.37162638
-0.69294631
-2.38071108
-9.96600056
4.84073544
5.64453983
-1.23468471
-0.34527421
6.32129717
1.36266625
2.85561681
2.31468153
-1.31730163
10.84881783
-3.22010350
0.96155632
-1.11073887
-3.51832581
-2.14473915
0.22553654
2.29618835
1.20323157
0.79368252
1.45446193
1.79999053
-4.34319305
-3.12337494
1.55513787
-0.30851769
3.75538349
0.72702974
-0.79260123
1.68328333
-7.02776003
4.96154928
1.39171827
1.10636890
11.83168507
1.92083263
3.00232768
-0.87327701
-3.50163341
-1.37829936
1.09400761
-14.29837608
2.93057799
-1.80712593
1.62678242
1.40003383
3.02207494
5.42568016
-5.98597956
0.76880062
-3.55219913
2.11613321
-0.66118878
-1.10109735
-2.89905167
4.51159668
4.24813175
-1.13767350
-1.83517504
-1.47073305
-0.03008169
1.03012109
11.57495785
1.17377090
-0.39216167
2.35568452
5.78811598
-0.43985412
1.75198030
-4.36304235
5.83935308
-3.91546178
5.96007395
1.27865374
10.24732971
1.98197258
1.11799622
0.21250580
-1.07300055
0.93923497
-2.04707336
-0.18598360
-0.59041339
-0.39483234
1.09014440
-0.71151221
-2.54629064
4.46644306
5.09286880
1.49917126
2.53238416
-12.47793102
-5.08659172
-1.49764752
-1.06325936
11.47218800
3.45538449
2.23650479
0.27677000
1.47565961
-3.12989092
10.96828842
0.40456718
-4.07642078
6.40926647
-0.34931162
5.85251808
3.11531496
2.94069338
-2.53851795
-1.57922745
4.19182062
1.48032427
3.67342758
5.83005524
1.08648813
0.83530265
-2.95685482
2.80225563
3.49439812
6.30522680
2.78823757
1.45753288
0.75011528
0.56810075
6.73044205
-1.08356678
-0.33468306
-0.60929292
0.34327456
6.34818935
0.18103664
1.01742017
2.01624465
-1.30807281
-1.24506104
-0.19385083
2.87521338
5.17994738
-3.01436400
-2.20827603
1.81673336
-3.53701162
4.76448727
-2.54746175
-4.33147240
3.74360585
3.00702047
1.12946343
-1.39198041
-5.27000809
-4.58648062
-0.67509747
3.42529273
3.31516767
-0.42657936
2.13211632
3.65223193
3.80849481
6.28283930
1.84901118
7.93675089
-2.01738477
2.23729873
0.25216213
3.70565295
0.61213696
-2.86011076
2.85182619
4.58738804
1.34926510
4.69779825
-1.52768743
3.54888439
3.11049581
-1.05545604
7.25165939
-6.04541540
2.68919873
-1.85785639
-0.22552827
1.52015555
5.43132973
2.07270026
8.25475788
1.70363009
11.60890007
-0.16834889
-6.14540625
0.63889378
-1.41427362
-7.19339275
7.81885624
0.88128644
0.57211709
-0.20696482
3.24877119
1.02985358
3.20461774
-1.28236747
1.19923258
13.10909176
-0.57614064
0.19196473
-0.72842348
3.44827390
6.24175930
-1.60050189
-4.15214348
-0.40551502
-0.64426392
12.90698814
0.75413716
1.02627683
2.21033144
-2.31391740
2.22908306
1.39158940
2.43620849
2.51941514
1.51268840
0.77163333
1.22102642
0.27797973
-8.14543056
-0.63822907
-0.12226699
0.37157699
-0.03477550
2.19581008
-1.23234093
12.83658504
-0.78057665
-1.28158045
-0.23021826
5.01349497
-0.46051028
3.88879848
1.48378968
3.58008766
-0.89410102
-0.16356897
0.93734413
2.25588512
1.26317883
-1.91244161
1.47369218
2.23560047
-6.72620630
7.61250162
4.45339251
6.09444237
5.87093830
-1.17967701
11.18864346
0.63652211
4.47512627
3.49876595
-1.09479952
-0.51703602
-2.89562869
8.64361286
1.16550708
-0.62461662
0.10666173
2.13916254
-0.04179272
-6.66871929
4.66880941
-1.65389061
3.25184107
-14.55503273
3.30547929
0.95997268
-3.39539409
1.43111026
-0.00807103
-2.62022638
6.67979193
-2.07699871
-4.81558990
2.89294052
-3.75247288
1.84385967
3.90404010
0.14743027
-0.70702261
1.04236138
-4.04619169
-0.10509643
1.95904648
-1.83729315
-6.95497179
-0.08922306
8.87300491
1.17960119
0.66856456
2.17940998
0.92649633
-18.77424240
0.33332378
1.23694134
-0.33130407
-0.16906597
-1.52784467
-0.03841854
9.43068790
4.54682207
2.13344216
10.04052258
0.56707925
-2.07078171
-1.72317696
0.97931767
1.32055068
0.90642107
3.18288589
-1.62631965
0.71842265
3.65069532
1.95973134
5.44094753
4.59258986
2.91110539
-2.29078341
3.13256025
-0.90952295
6.62766886
-6.36895514
1.14046109
-0.49611405
1.20257306
2.07405090
-8.70078087
1.32672215
-0.15358277
-8.94579792
7.97043705
8.00038147
2.08970332
-0.98371279
-1.82769692
4.30261135
-1.53944671
-4.58893776
4.48595953
1.31954122
2.19137692
0.76951015
-1.11312759
-4.88206482
9.39053631
1.66969609
1.37883055
4.38390112
-1.72114599
-2.88248682
-5.77852583
3.80626869
-1.55795276
1.55166996
-1.93606305
-0.50980759
-0.50070167
0.58158940
3.77019954
0.66017431
0.97016364
-3.63586950
2.30617571
6.33939314
8.69589996
3.09481072
-0.80689490
0.80841506
12.83640003
-2.03827906
2.73645568
0.86363721
2.00379539
6.87005043
2.65093803
4.55139685
4.26778793
-1.23026359
4.01433563
6.63225317
5.91245079
8.02993584
2.85574460
-0.14780676
-14.96892166
1.13262141
-2.20257330
0.91734844
5.21567154
0.21254374
1.41583180
-3.60909247
-0.26554123
-2.29280114
0.00313382
3.68795037
2.14390779
-0.44042248
-2.85516191
-0.53084385
-0.98839188
1.63007545
1.43327677
-0.44647714
-2.15647626
5.08331156
-1.80872762
2.43238831
0.34668216
4.84180927
3.54031253
-11.03274727
11.77017689
2.24757075
-1.98152375
-3.45716739
-1.09021831
8.49866676
7.97907591
1.40963459
2.08403468
-0.17088059
8.51501560
2.29144120
-0.63792694
2.09090424
-10.10790920
2.98092270
-1.41304862
-1.21154976
-0.59748930
-1.23131537
-6.21697617
4.78987789
5.29133749
-4.69486618
4.26645565
-14.73561001
0.98321426
5.53083372
0.87950534
1.31027722
7.48513317
0.59403151
-2.27438855
1.74505723
4.51462698
4.72731352
7.10319567
-1.86614764
-0.34342462
-0.90278286
-2.87677193
4.05178499
-0.38391247
1.70992672
-3.23280168
4.85864830
0.17531839
-11.47436428
6.04562998
2.39129829
7.72658587
1.31740308
4.75535011
-0.06555480
-0.38425258
4.71189833
-11.05064201
4.34166908
0.75625187
1.37504005
10.39962196
-1.31847084
6.15535069
1.63259876
4.11726475
-2.00762391
-0.62380350
-0.62016869
1.31223464
-2.08285093
1.93237877
1.23092055
1.19791424
3.52318835
5.64710569
8.71440315
-6.53685284
-3.05494261
-0.26627490
-4.33060598
-1.47330785
-0.86590290
4.35531521
-0.52059329
3.42520547
-0.89137638
5.10383749
4.75830317
-0.67346710
1.36757386
-3.82308960
2.10742402
1.31869662
2.10327387
4.17180920
0.17644051
-0.73218375
2.49309850
0.39507303
3.20606947
0.34755152
-4.52011061
6.32193470
-1.54945171
6.99000216
-0.62816912
1.37786782
-10.19919682
0.85546160
0.79612708
2.26163721
2.70525217
0.87601131
0.34440878
0.16177532
0.30777428
-0.33105773
-0.13147756
0.00660186
1.81849730
1.34668028
3.65701342
1.50018561
-1.15416145
0.58712178
0.23575862
0.01758968
-3.94746590
1.32142603
1.16430032
0.16242899
0.19142331
-0.06202737
0.11461864
-1.79806948
-0.44892964
-0.12871751
-0.09759851
-0.70299965
-0.81815046
-0.88986045
3.19051003
0.97261643
0.98282391
-0.99628049
0.58387315
0.07793453
-8.42724514
-0.21515213
-0.17981689
0.43134803
-0.45560858
-2.48468065
-5.18953896
-0.81199551
0.89636379
-1.64520335
0.70883280
1.30882800
1.01094699
-0.38911518
7.17681122
-0.34151947
1.81345940
0.57433796
0.51853245
2.29616284
-0.08202294
2.43525457
1.41798496
0.81901449
-0.52600116
0.76484644
0.19751905
0.05434355
-7.02002716
-0.90576982
-6.93288279
4.10634995
-0.71171945
1.38176060
0.14799510
-0.14895093
-0.27690068
0.80639970
0.20218588
-0.45203102
0.74030697
0.20782189
0.66107827
1.88555467
0.16307886
1.23066282
-0.65695941
-0.28229517
1.20277309
0.59039587
0.73540348
1.90061080
0.29041156
0.10648201
-0.35369393
0.85339671
-0.65624642
-0.62189543
0.42990622
0.76699412
1.05733526
0.34849489
-0.78543216
0.24946626
1.04800928
-0.33633325
0.56452149
-3.06799960
1.44683003
-0.35323706
0.07282546
1.26314509
-0.02617528
0.32165846
3.54606080
5.05664968
0.44824526
1.96420515
-0.89192039
3.75171733
-0.00150780
-0.68945849
-0.28340551
3.33963418
0.95091021
2.23890710
0.50271171
6.40273619
0.32316756
0.00014986
-0.40049621
0.92584306
0.42069215
0.62479359
0.52974713
0.35252634
-0.18208075
-0.51970279
-0.46508119
-0.30671096
3.89671206
-0.71123248
1.82644451
1.01097643
-0.55699813
-1.23106980
-1.75238287
4.12905645
0.94444782
4.58072424
-0.57992101
0.84617776
-0.70557046
1.61371958
0.28583127
-0.72085333
-0.69848919
0.72212899
-2.93402290
0.71641827
5.88828993
-0.48597583
0.14873350
0.33367503
0.99492794
2.99625278
0.16979468
0.02430820
1.55631924
1.27962601
-1.01700723
1.16394138
1.16141570
-1.36119759
1.35248935
0.37777025
-0.91523933
3.06466460
0.64240438
0.29380625
-0.87516332
0.76667571
1.71882832
-0.06857962
-1.89299071
-0.38597664
0.24360850
-0.24875675
0.25766146
-2.43097091
0.23955895
0.32308376
-0.24956812
1.13897955
-2.30900335
0.06212446
-0.93608838
0.13432127
-0.07807700
1.42832780
-0.09379312
-1.81587505
2.85545230
-6.32213068
-0.38046747
2.57869768
0.53868210
0.21196938
-4.08065176
-0.47245672
-0.28529993
0.60085893
5.26768732
-1.35389555
0.44548240
-1.18773580
1.18654907
1.09291029
1.45225322
-0.17125924
-1.05860782
0.09383857
0.15333734
-0.27966678
-0.71572512
0.05522826
-0.47084001
-0.53306276
-0.04676136
-0.80149662
0.37189168
0.53155369
-2.45159411
0.60564077
0.63891441
0.02156726
1.07762635
-1.50973368
-0.02139408
0.53728038
1.88788688
1.25303972
0.79659849
1.66584539
0.02827251
0.58990496
-2.50012445
2.50163913
8.81134510
2.06140828
0.01608724
-0.16246425
0.63259739
0.20825666
1.10090137
7.20688152
-0.41908008
0.20257512
0.23442446
3.34432340
3.96452880
0.28473803
0.75906169
1.55555058
-5.42066240
0.67100704
-0.51252508
0.24779704
0.51078987
0.19480321
-0.08835441
0.50230694
5.38902187
1.69631135
-0.27046838
0.28010902
0.94368285
0.66986442
0.26807493
0.01730327
0.54811782
2.37288451
0.38705388
-0.16351794
0.32926199
1.58243644
-0.41440994
0.79593086
-0.15195818
0.46308580
-4.36554766
-2.68493485
0.57919562
6.32874107
0.83926421
-2.76012683
-0.20548157
-0.45044187
-0.55444115
0.73056662
1.42828012
-0.43992561
1.66021204
1.03182399
2.35246992
2.36095142
0.18550088
1.81512225
3.66469264
0.26146007
-0.27356946
3.85375547
0.19753881
4.38467026
0.53263474
0.90644920
0.05666807
1.30859613
-0.20273624
2.76005864
0.71833867
-0.19524574
1.10104275
-0.61366665
0.18737373
0.53184503
0.14376839
0.11471237
5.07695770
0.23291782
1.23984766
0.50903893
-0.37037498
-0.18499590
-7.22637033
0.31887484
-3.47498322
-2.73936963
2.08984900
-0.85525531
-0.27328241
-0.30415747
-11.79700375
0.48897183
1.25912237
-0.03542446
0.01938953
-0.99845511
-0.30692595
2.62935138
11.53845501
0.55562598
0.98382497
0.00139661
-0.14249769
-0.16212063
-0.20185289
2.37036657
0.66797447
-0.02718777
0.58966655
0.11045390
0.16989709
-0.04718819
0.35119438
0.61604792
0.42800462
0.47961354
0.33832911
1.35412979
-3.28526855
-0.75411898
-0.12089406
-0.05740977
1.55282378
0.37564284
1.38250983
-8.52739429
-2.69906020
-0.56600219
-0.09270114
2.01700473
-0.41104758
0.86700726
2.78473735
0.51558584
-0.12990308
-0.30455801
-8.91862392
-4.70450163
0.34904793
1.63296020
1.98915958
0.10315742
7.27547169
0.98128045
1.98605001
1.23712134
1.66221678
-0.13511141
-2.17865419
0.81787634
1.72115123
0.42179331
-0.11980672
-0.17821583
-1.77522802
-9.66816711
0.67997187
-0.68759698
-0.87258786
2.02488565
-7.78981256
-0.42310932
1.55754673
-0.08775402
0.96511972
-0.66430473
2.46151090
0.33781904
0.89989775
-0.41650972
-0.47787637
-2.08304477
0.43161801
-0.61015767
-1.96506798
-1.25641775
-1.09328818
0.42486626
1.17189980
-1.30839896
-0.47116211
0.09284709
0.13861586
-0.24484259
0.78821051
0.96180391
9.38474274
-0.00186080
3.25765705
7.34219027
-0.04790101
0.36622429
0.34983468
4.40052128
1.25124681
0.69467366
1.24984205
1.06429362
-0.08869940
-0.58514351
2.87129426
2.35119891
0.10746134
-4.42512655
0.42273995
-0.98653239
-0.51062930
0.19610192
0.02271302
0.55455750
0.31183216
1.39751613
1.54640532
0.82662582
2.10647964
1.51644099
-0.04205652
0.80406344
-0.67437136
-0.21144511
-0.22880338
-4.53163004
1.50108290
0.66603822
0.04424616
0.46127325
0.94480109
-7.08424616
0.91549069
-0.34374961
-4.31409121
-0.25974396
-0.25522199
0.37871489
-0.58166480
0.99092674
0.57630348
-5.73934889
8.64168453
2.37152052
0.36815181
1.76394498
0.27200368
-1.23271286
2.25831532
3.89896154
0.19294479
-0.14679043
1.38181853
0.54003620
-2.53640771
-5.46455956
0.82776856
0.78969109
0.21227323
-5.73932934
-0.73035598
1.19161558
-0.53803933
-0.22336614
0.43272361
0.07030781
-2.47703958
0.86548990
-1.52009630
2.19318986
1.54150522
-0.05944696
-1.21923411
-1.07716978
-0.39368489
0.29708013
0.25512883
-3.17422986
0.66887420
0.74097300
0.46452391
6.93012953
-0.18747562
-0.00960217
-2.09501410
1.54622149
0.45072320
1.07103670
0.62537777
2.50938463
-0.10816870
-0.42236161
-1.00054598
1.91789889
0.03459316
0.21631564
10.57535648
-6.38430691
1.20760417
-0.13216799
-0.05647661
0.79027444
-0.66067296
-1.12443340
-0.27840191
-0.89884955
0.69882810
6.01335144
8.54416370
-0.30169487
5.32868767
-0.03955298
1.77792859
-0.69344676
1.16806448
-2.12631822
-1.45114350
-18.00240898
1.11289310
0.16962756
-0.06220516
-5.52247095
-3.69318175
1.38891542
-0.05536552
1.89784193
-0.46187738
-1.35009587
0.55640405
-1.10699558
0.77473855
10.33880329
1.19512773
-0.61693829
-2.57225394
-1.61660874
-0.12555231
-1.78279388
2.07221627
0.16270407
1.08533370
1.05808449
0.01526918
0.22090624
-0.63061851
0.18855919
-9.34376335
0.24707365
1.11572933
-0.02409258
0.01960842
-0.33248234
0.56735909
1.11522365
-0.74068999
-0.03304328
-0.94121808
-1.27250767
1.00268269
-0.97064471
0.35672176
-1.98047554
3.96252823
8.58345699
1.83198965
0.39708725
0.72929984
1.06323493
0.38799414
1.13404906
-0.63351595
-0.02900320
3.08983469
-0.24326879
1.73367083
1.95344400
0.02359180
-0.45312303
5.82424831
-0.55888027
-0.04527273
0.71872950
-0.97347111
-0.79619348
-0.33306617
-6.21619606
-1.12180030
0.31676248
0.04400603
1.70148277
0.25335875
0.92236435
2.09609532
0.66519475
-0.59365469
1.60702407
0.69136864
-1.41956377
0.28996232
0.49611679
-0.85632271
0.50282604
0.42630038
0.48743096
-0.27587155
-0.73047876
0.44051641
-0.82565719
-0.73847568
1.80291331
1.55316067
0.16949035
0.54326391
-1.20232141
1.32099533
5.50290155
0.88760966
0.12110761
0.09939012
3.60506701
-0.26288667
-3.04158783
1.00412941
-9.05228329
0.32447609
-0.45108524
0.44159284
0.46557420
1.43281579
0.47964674
0.07506615
0.12983643
0.03559989
0.04165602
0.37633464
2.50109053
0.67389947
1.00194657
-0.69537014
0.74424136
0.22983456
-0.01400828
2.14506340
-0.35530487
-1.12673211
-0.32866591
0.13358739
0.47916186
0.33029592
-0.13186936
0.04828505
-1.21824944
-0.49372432
0.13349649
-0.19473027
0.33059421
0.16185702
0.43807551
-3.56365967
0.04131585
-0.11791882
-0.48267159
0.76742607
0.22025353
6.32881165
-0.17134003
-0.72455251
0.40022486
-0.38329652
1.15559900
0.23118657
-0.65582436
0.36486873
0.25492388
0.17271198
-0.26488957
-0.21809915
-0.28409702
-0.73874110
-0.24152870
0.13513745
0.26699951
0.62305516
1.56452203
-0.03287159
-0.04142554
-2.08724809
0.19890073
-0.56778425
0.29227734
-0.00663615
0.06830051
4.74333000
-0.50692314
-1.78379810
0.76430368
-0.03786635
-1.15740609
0.15637395
0.17990224
-0.08922896
0.21097507
0.79915959
0.07839634
0.24541125
0.09389062
-0.22587539
0.20771058
0.08558749
0.01839509
0.40431994
0.73305953
0.33542871
0.26849636
1.98221731
1.25764573
0.51665723
0.26661572
0.55417836
0.76359183
-0.25551933
-0.49955899
0.19699365
1.28792536
0.05530003
-0.00436882
-0.20699300
1.22335839
0.34009531
-0.35316864
0.06132188
-5.79719019
0.45043507
-0.08818902
0.46257851
-1.41220045
0.05712052
-1.00692546
1.86743987
-6.28299761
-0.14264697
-0.30824149
0.01259780
-0.88046432
-0.02404458
-0.11326415
-0.06730977
-4.19028950
0.45278576
0.75066489
0.27729511
2.28357553
0.38092020
0.37177008
-0.22964907
0.34636831
1.10562098
0.41741592
0.23355097
-0.24184553
0.49925077
-0.18453957
0.17512207
0.54452926
0.88744032
-0.88444555
1.46271348
-0.50252372
0.58799648
0.04473978
-3.30907536
1.09217203
0.48670778
-0.69749606
-0.38465962
0.52478194
0.20576896
1.20516527
0.11837488
0.35039723
-3.34047055
-0.21408719
1.39441586
-0.07904368
-0.19491206
0.57886368
0.07509791
0.21444122
0.57994562
-0.39050645
0.07650252
0.33201697
-0.14366987
0.28899848
-0.56928641
0.19996282
0.22934331
-0.12052450
-0.65794212
0.20433749
-0.46393412
2.58727407
0.24700834
0.03298892
-1.05814683
0.30417266
0.26351711
-0.46642211
0.62725663
-0.41204566
0.66399890
0.90345937
0.36012059
2.03654313
0.13959691
0.18649141
-1.27653861
0.98411405
0.61606348
0.03769860
0.04228074
-0.28741029
0.23331012
-0.00880196
-1.27566659
-0.38889512
0.84269911
2.28409982
-0.65616667
1.57967782
0.49853352
0.02689140
0.14835913
-0.28459963
-0.05642964
0.48816603
1.14423621
0.89889443
-0.92106140
-1.29012501
0.73087233
1.85116351
-4.99395514
-0.11216842
5.16948032
0.05582206
0.00028828
-0.06503315
0.65302640
0.02454225
-0.10187682
-0.53790307
-0.15870547
-0.46625119
0.64385009
0.45604271
-0.60060328
0.49389526
-0.05687285
0.02052034
0.76437050
-2.37301588
-0.26372221
0.15624195
-0.34603646
-2.66732097
0.35182083
-0.26482958
-0.34112599
-0.06092871
-0.01247945
1.53953147
-6.79595423
0.39738822
0.25273177
0.11124271
0.28143430
-0.02512314
-0.46573505
-1.32704794
-0.36024547
1.49190819
0.02223158
1.01041806
3.33021617
-0.09660166
-0.61758870
0.82953930
0.16392003
0.37324595
1.09454763
0.12973693
0.01144584
0.01225560
0.05190492
0.47198206
-2.49902987
-0.79422265
-0.05988915
-0.32389584
-0.19984318
0.38806212
0.13470431
0.07539440
0.91460067
0.77775401
0.00912999
-0.10930728
0.67179036
0.35393289
0.66102350
0.11907599
-0.00004039
0.30810103
3.16314268
-0.77691901
-0.20712478
-2.23152399
0.40354061
2.57391024
-0.32622349
0.68814600
-0.03056848
0.28963062
1.35158825
-0.16358213
0.19629589
1.81935394
0.98713934
-1.43119287
-1.08406317
0.39608797
-0.15144478
-0.00700716
-0.11474679
3.59832525
0.07106577
1.54686749
-0.12251222
0.40409517
-0.05564113
0.29903886
0.57848895
-1.97218120
0.23212300
0.73887080
1.02770615
-0.55985594
-0.23819670
0.25588891
-0.33635223
0.02359770
0.77045834
0.03472803
-0.40832707
0.07739647
0.29915041
0.08294740
2.28915143
0.05607786
2.29557371
-1.30076945
-2.10223770
-0.81817758
0.22280572
-0.02210572
0.15826844
0.19220077
0.35138878
-0.07395089
0.15233192
2.42949677
-0.07674801
0.33594120
-3.96171260
0.33270609
0.28837287
0.14662054
0.80439645
0.30094585
0.44615060
0.90433395
0.07960231
0.02342473
0.17263852
-0.15818301
-0.13616405
0.21326028
0.38877821
0.16650955
0.49145612
0.23370552
0.48091611
0.35310066
0.03028717
-0.71376264
-0.55968475
0.37567556
-0.16958147
-0.25541234
-0.21179113
-2.61945152
1.05988383
-0.04632451
0.68264306
0.53798264
-0.33040419
-0.46903899
-0.53464633
1.15797257
0.42103857
0.45488274
2.46068954
0.49771237
0.11361241
0.14632502
0.57779604
-0.03556825
-0.80502230
0.23710689
0.41697127
-5.02325487
-0.13544656
-0.16680592
-3.69931722
0.41781217
0.49335849
0.04151978
-0.17010044
0.04440824
-0.49742174
-1.46344829
-0.81619328
0.02811712
-0.04226780
0.41215485
2.17816257
-0.53834563
0.08367537
-0.17380442
0.54117054
-5.52871084
0.57434976
0.18562247
0.29348272
-0.08631138
-0.14807206
-0.37511835
0.47423339
2.37412715
-0.25113162
0.10083519
-0.50189251
0.43857655
0.61002129
0.08851403
-0.18554854
-0.01194789
-0.04354740
0.04455049
0.65278953
0.28369644
-1.29819942
-0.02833805
3.01670098
-1.73771822
0.81786823
0.42880732
0.11710055
-0.76721358
-0.23173825
0.30285048
-0.19583704
0.78274840
0.77974319
-0.43264201
0.08978556
0.86968702
-0.09554288
-0.09279656
-0.19540407
-0.76694930
0.05708951
0.07135054
-0.07273377
0.23342568
0.35297227
0.03758926
0.21241629
-0.23789378
1.98926866
0.41990709
0.25227287
0.24150367
-0.21736850
-0.32202664
-0.80112529
1.16426897
1.56979370
0.42695430
0.25531647
0.19207291
0.33088011
-1.55948102
-0.34210971
0.53476471
-1.67845678
0.15961398
-0.53559810
-0.06664695
-0.06487162
-0.16898775
0.63767409
4.35536337
0.05428780
-3.12641287
0.52819771
1.32832003
0.17904699
-0.76887238
0.50781047
0.97190738
0.09254856
-0.32850417
-0.05815054
-0.57099652
1.41548729
5.07728624
0.04383459
0.22500341
-0.02888633
-2.17788219
-0.61581397
-0.00279469
-0.04719703
0.61310655
0.09025156
0.00067735
0.27649635
0.08900326
0.11703755
-0.18880293
0.78853941
0.00309557
0.16585706
-0.63359314
0.26985931
0.04804122
0.12130726
-0.24547760
0.48267075
0.10734037
0.26328313
-0.85566175
1.09581745
-0.15602115
-0.80738324
0.73919553
0.67327708
0.51087040
-0.52059680
-0.01164852
-0.14765862
-0.40566710
-1.34755671
0.44193467
0.26256254
0.01293136
-1.80383372
-1.18120062
0.02188382
-0.33411208
0.62342173
0.30053061
0.69885653
-0.13397190
0.69395846
-0.68279368
0.83091801
-1.85026085
-0.03934822
-0.06919675
0.42099673
0.07490278
0.24311693
-0.00628560
-0.49165985
2.26580143
-1.47091758
1.44627476
1.14138484
1.39383113
-0.73762155
-0.39073461
-0.03312029
-3.96525407
-0.10636537
0.36442444
-0.06096339
0.97023189
0.40333802
-0.46587250
-0.82566553
-0.87892967
-0.56785500
-0.33835924
0.71853572
-0.29330915
-0.16112018
-0.38744959
0.97969234
0.25876421
0.54658777
0.17495276
2.34513640
-0.00050822
0.87491632
0.12703621
2.38689208
-0.05695123
0.41719067
0.44815907
-0.01518240
0.78313667
0.17440493
0.96214038
0.22005273
-0.06793653
-0.27079687
1.96414828
-4.94893837
1.40400493
-0.12633491
-0.55426115
-4.94154692
-3.23636866
-0.59920180
0.30432332
0.09532993
-0.78991836
0.49333021
0.51490164
-0.92040157
0.16983935
0.64666069
0.08808753
-0.43229687
-0.19382679
-0.12419403
-0.04375276
-1.92943847
-0.24357314
-0.13468456
0.27685347
0.19290167
-0.52091843
0.46133646
1.66675007
-0.27428696
0.10311347
0.04627022
1.46434653
-0.41287667
0.40762126
1.12253225
0.08945201
-0.17421246
-0.02489909
-1.57860506
1.63977277
-0.17050377
0.44007027
-0.41872925
0.08496828
0.00040793
0.12608172
0.39698833
0.60560924
-1.41079938
1.73820102
0.03294414
1.25357246
0.45070282
0.24358889
0.23414610
-0.40967461
0.33239424
-3.38719273
-0.25271556
0.01973421
0.88038760
-0.50916451
0.75601190
1.78548813
-0.46041915
2.36255598
1.75099087
-0.21001147
0.02344101
0.27461743
0.39996192
0.93830997
0.37773529
0.02928112
0.12468808
-0.08902804
-0.48919851
1.53117120
2.70968223
1.21742404
-3.53912687
-5.43364477
-0.13568580
0.46231642
2.44511080
-0.23604843
-3.20960855
-0.43047410
0.62128532
0.04026676
1.30004442
0.06938378
0.06287245
-0.82278752
-0.31386942
0.09191547
-0.08074400
-1.21330392
-0.23537533
1.17841744
-4.63695765
-0.25112692
-0.01339153
-1.13324797
0.80998343
0.15297835
6.16111326
-0.15022244
0.07662372
0.44085908
-0.57654119
-0.47183904
-0.12615055
0.06281880
0.06988643
2.73103189
0.88539845
-0.33171272
-0.26450482
-0.31400973
5.78885126
-0.27262262
0.70705324
1.32458341
2.73279786
2.46804214
-0.04349465
0.25198439
-8.93274212
-0.09052105
-0.46450457
0.71924537
-0.04738678
1.66805625
4.74455833
0.90349704
2.70417213
0.34772727
-0.13769537
-1.65977550
0.12499338
0.89598888
-0.12357289
0.40281367
-0.13883679
0.54402798
0.80049181
0.13339603
0.76801962
-1.01156449
0.13752958
0.46770334
-0.02688599
2.27663779
0.82205015
0.64945042
3.68582916
2.79398179
0.96121228
-0.63890475
1.80048823
2.40377522
-0.56373078
-0.58697248
0.59941965
1.57587481
0.47759980
0.45700324
-0.56764352
1.43448281
-0.35107487
-0.70357329
0.50069112
3.72050977
1.07091784
1.67821324
0.68477952
1.37229347
0.56441897
-0.38852251
4.65263128
-7.87087393
0.19197519
-0.50657642
0.52273685
-1.05475760
1.27801287
0.11333214
-0.26590499
-13.03642273
1.02497995
2.43010330
0.52682447
3.76195931
0.35352868
1.55181444
-0.56007886
0.68376219
0.35287294
0.44446868
-0.85379010
-0.29927143
1.43737221
-0.55214465
0.52119309
1.10837698
0.53629792
-0.93834579
7.05201101
0.26697212
-0.20109761
0.56967193
-0.80978423
0.92537123
0.51929873
5.55087900
-0.60033363
0.80437744
1.15644491
1.67015672
-0.02023282
2.15911269
-4.51868296
0.79044920
6.80121946
-0.04020528
6.23028612
1.71948385
0.92148781
0.39209044
1.02651632
-0.00182432
0.18690649
1.23563099
-5.15888405
-0.48036799
0.21318509
-0.39118874
0.49504602
-1.31543839
2.15763712
0.31762788
12.61960888
0.50082034
0.37050995
0.16212530
0.42138341
-0.36414027
0.96330512
-0.45904651
1.29519582
-1.32371628
1.91546321
0.05389041
0.52901125
-1.39003515
0.27644056
0.36423498
-1.90551329
1.35653877
9.14720726
0.02445452
-1.01294470
0.13826914
1.54446328
-0.51686668
-2.25100160
-0.37638959
3.37488127
-0.14778101
-0.66362125
2.57116175
-1.51588440
0.20079201
-2.78361273
0.25712666
-0.30713964
-0.95015407
2.39188981
1.09868407
-0.89066577
-0.43915054
1.65267026
5.11044025
-10.07556248
-0.27797106
-9.62770367
0.15000264
0.16429269
0.07461233
1.86714327
0.03483593
-0.86709738
-0.51321608
-1.31297767
-0.75488979
0.29882786
1.34563828
-0.39613745
1.53332663
0.16547555
0.03188123
-0.32442597
-3.00623322
1.58354998
-0.18622647
-0.35923895
-6.23731232
1.00347781
1.98205721
-0.84603733
1.01974678
-0.54212224
1.16023111
-9.03059578
-0.80639917
-0.26896501
1.59804511
0.62962502
1.00651133
2.28325272
-0.46056834
-0.29723233
3.45304894
0.38404205
4.40642071
3.60110021
-0.49365214
-1.32783687
-1.43087602
-3.15993953
0.77312732
-2.11128974
0.35835946
0.44926721
0.22072665
0.14840242
0.56384712
-1.08170271
-0.37809637
-0.37428841
0.34614375
-1.24835432
2.00398469
0.21754417
-0.18020736
2.19854784
1.27038813
0.15791996
0.18763985
0.78590673
-0.51336879
2.21765590
0.07540276
2.72918677
0.72393823
3.58189654
-1.27673721
0.83261704
3.33461308
-0.76201969
-1.51399088
0.43576384
7.58357191
-0.36781341
0.63141376
4.95949554
-0.38498420
1.25819945
2.84062958
2.52402377
1.37460661
-0.93440443
2.72372103
0.75465530
0.27087340
0.88304090
5.54256105
0.17653765
2.03429890
0.06725106
0.44752192
0.08978008
0.79349124
1.01814842
3.17642808
0.32382923
1.54855525
1.25496233
-0.51900500
0.39959189
-0.43022525
-0.53105640
0.04062274
4.98392630
0.48743173
1.48940504
0.47170210
-7.28092766
-0.22184964
1.55427897
0.77267796
8.94302368
-3.45555091
1.27685523
-0.82484150
1.01378429
0.92875707
-5.10281086
0.45986012
0.91573989
-0.39324176
0.42987490
-7.45524549
-0.44811136
1.94067144
1.53497684
0.56562787
1.74561012
0.53874248
3.64564300
1.64692461
1.02678788
-0.42980179
0.38122052
0.11013563
0.58128726
1.19975221
0.05183559
2.10857511
0.42295781
-0.46717656
0.23081444
0.47457892
0.25897697
-0.37537107
-0.66853118
-1.31953812
-1.11319041
0.79110456
-0.39972374
-0.42421496
0.13870315
6.83724451
-0.17018466
-1.20050657
0.13807797
-0.52011031
-0.49965647
13.47041512
-0.85855114
1.75785041
1.19226921
0.05427620
-0.02224894
1.23415565
0.30716357
-0.42689690
1.62020504
0.04665494
-1.97179663
0.32911533
1.91861463
-10.52030659
0.78835535
-0.26478362
3.85071611
-0.11629437
1.11407328
0.07573675
-0.33181685
-0.37748376
-1.84388912
-1.62378180
3.36581659
-0.83211368
-0.45453057
2.43302965
0.46877867
-2.41258454
1.52893162
-0.59864938
0.48585686
-3.99825072
1.30513179
0.27661729
0.71997261
-0.24933939
-0.22620161
-1.84661794
1.65676641
3.63830543
-1.76144266
0.23963249
-1.40051281
1.05753469
0.71024889
-0.56522608
-0.24046141
0.01904695
-0.51603049
0.85885656
0.59339231
-0.99142879
3.73103833
0.33723903
-15.40141773
0.46986544
1.47424531
0.49990502
0.28620937
6.21823931
0.15676661
0.69422877
-0.36895931
0.88348031
0.18906924
-0.54751021
-2.06303930
1.94375002
-0.00617320
1.62069440
-0.13922691
-1.67665350
1.48679328
0.08038453
0.20749995
0.29914957
1.57085073
-0.41972694
0.96450555
1.17106938
-0.89488810
-0.52669477
0.58721870
0.66290718
-0.86608720
-0.17367060
-4.57523298
3.73488617
3.57063651
0.56512856
1.16391194
0.45556030
0.83493358
-6.97577047
0.01485760
1.45262945
-6.80111551
-1.47494674
-0.96684617
-0.08761115
-0.35497543
-0.26420119
0.96192944
6.95177269
0.20963438
0.14715321
0.69412601
0.46866783
0.34051946
-1.35470712
-0.45818439
2.87465501
0.33848718
-1.19641161
-0.61625552
-0.04525154
-0.56583947
5.02180862
-0.01906217
-0.47544101
0.07969996
0.40573162
-0.74315840
-0.02449667
0.34751752
0.73395658
0.31553614
0.08598613
-0.15366061
0.70442200
1.08029032
2.62398696
3.34576178
-0.09619260
0.40941063
-1.38231134
1.11352730
1.10483611
0.15118362
-3.20979667
-0.14148153
-0.57732737
1.78113270
2.54752374
3.57450175
0.32786617
0.88687390
1.32119739
0.17129125
-0.14667767
-0.67345828
-2.59402919
-0.84953964
-0.29438391
-1.22440100
1.80154109
0.13458961
0.30880016
-2.55529547
0.57316524
-3.96417475
0.20906062
0.46661639
0.43317723
1.37514853
-0.37814793
3.43994284
-0.92265987
1.45881712
-5.34470081
-0.31027725
-0.31656706
5.83824873
0.89009219
0.32062912
-0.07707506
-3.29917717
2.71414709
-1.51280320
1.90195215
1.64281297
2.57043147
-1.43570089
-5.22223282
4.11477327
2.51011825
0.32657194
2.70829582
-0.34698689
-1.50294650
0.38243714
-0.84454727
-2.58665490
0.36004099
-1.19520628
-0.61642784
0.06271739
-1.56987524
-0.15169801
0.46344429
1.52095962
-1.04766178
6.91033745
1.20189941
3.14740682
0.06419461
-0.01195110
0.20643732
5.01535130
0.13934620
1.01367402
-0.30946139
-0.16463119
2.14762759
0.53170013
1.19216633
1.25003290
-0.18604027
-1.00400138
-1.32834029
-11.64236927
1.63119221
0.04032699
-0.89372092
-5.10933018
-8.03590202
-3.22149491
0.84666616
-0.12626946
1.87856746
0.76241314
0.52718681
-0.64902145
0.66030639
2.69364858
0.36309195
1.83252895
-0.58134848
0.31154129
0.35175562
0.56094790
-0.86754471
0.08075705
0.76512748
0.91827536
-0.62822056
0.83715719
0.37481830
1.84006310
0.40190625
0.12075043
1.84045029
-0.56696099
1.29863858
1.16625249
2.63102651
0.71758533
-0.02043562
0.39890277
3.13834286
1.58151340
0.18579838
-0.83882511
0.49479231
1.10232985
0.11353379
0.65157676
0.43309242
-2.37258577
7.24759817
0.77429378
0.81570625
2.07461619
0.14476892
-0.21415313
-0.86714369
1.00938225
-0.07342646
0.51599365
-0.03520637
1.44578648
2.94278312
1.48060715
-4.07294559
-0.38639045
0.43198636
1.07840455
-0.50204593
-0.31729892
0.49342561
1.30207253
0.41909558
0.11630014
0.11258221
0.10388879
0.04941714
-0.02705519
0.18804230
0.96842700
1.40292299
-1.62168646
0.28591403
-0.23470253
0.06911816
2.14225817
-0.22650714
-1.13992584
0.23483233
0.08297102
-0.66622186
0.27697888
0.03054107
0.06271889
-1.01295757
-0.49039739
-0.11166903
-0.25204641
0.19053484
-0.29680306
0.51286083
-0.41793808
0.01929725
0.06156387
-0.51200253
0.86750561
0.23142883
-0.28247291
-0.12108811
0.96033734
0.29437453
-0.34891015
-1.67709231
0.24932098
-0.54407483
0.49873355
0.48177096
0.22743486
0.31309280
-0.32420829
-0.34053478
5.17848539
-0.27635285
-0.10760530
0.36588001
0.55828226
1.62588310
-0.03024092
-0.26256451
-1.77531540
0.11582544
-0.57299244
0.33749670
-0.03415777
0.08185484
-0.45121089
-0.17698739
-0.51013756
0.49400064
-0.03993247
-1.45614457
0.24682701
0.31509575
-0.11915363
0.13801846
0.80483967
-0.13929485
0.38572544
0.08255005
0.38224941
0.31824678
0.08474466
-0.05065079
-0.28095064
0.91847658
0.25614667
0.21533410
1.47305417
1.04435658
0.40281376
0.52898681
0.40689069
0.69468725
-0.24141946
-0.56290710
0.25572884
0.93596721
0.27377623
-0.13925792
-0.18786772
1.01781273
0.38100275
-0.30303070
0.03840103
-5.01432800
-0.18656465
-0.13180305
0.18848556
-0.84252566
0.02385580
-0.38797495
2.79166245
-0.37703091
-0.15369035
0.49387184
-0.88661325
1.03624237
0.11406983
0.17806756
-0.05078646
-2.49784446
0.53608352
1.02734995
0.28486544
-2.86969543
0.32238898
0.37812433
-0.20544487
0.40741834
0.99735659
0.46930525
0.24746276
-0.32481822
0.48709324
-0.25712883
0.17992987
0.46752506
-1.20927286
-1.25667107
2.52614093
-0.41982472
-0.44816518
0.00448397
8.73984718
0.11585567
0.42912492
4.23443937
-0.37456465
0.05763853
0.14644523
1.07575047
0.12796474
0.14560932
-3.54627299
-0.13845292
0.76704770
-0.24042071
5.50834894
0.52790594
0.13787265
0.15593566
0.53795439
0.49330094
0.02839231
0.28087807
-0.10173725
0.22410810
-0.71791756
0.31554508
0.17256221
-0.65656590
-0.43270624
0.29530892
-0.83525592
2.78868461
0.22706668
0.04469721
-1.43714404
0.35039568
0.20308192
-0.45738769
0.43109134
-0.47032261
0.69409299
1.19243908
0.49675566
-1.80841720
0.13697539
0.23467703
-1.23456502
1.14761853
0.64546716
0.00918298
-0.03244526
-0.41124770
0.25273380
0.15466468
-1.12880874
0.00527836
0.44591826
-1.74244559
-0.87826252
1.48475718
0.51200718
0.05093540
-0.43492317
-0.28747466
-0.08987779
0.83596700
1.25551856
-0.05583747
-1.05322325
-1.03109038
0.60313511
2.18327522
-2.74572682
-0.15652156
2.07086062
0.04401822
-0.03787506
-0.07228134
0.56463772
0.01019210
-0.15166469
-0.62146032
-0.02944169
-0.42356700
0.60975724
0.47139153
-0.48853010
0.55665088
0.01166340
0.02677031
0.69508201
-2.73155665
-0.30009148
0.10408626
0.49819222
-1.98931563
0.20450003
0.14510731
-0.37693560
-0.07452369
-0.01774401
1.68410242
0.27342418
0.11525492
0.13272521
-0.05980420
0.27608463
0.04916010
-0.16664168
1.98968565
-0.34313214
1.59128106
-0.03804606
2.56064868
2.79850459
-0.15321754
0.43604851
0.68496495
-2.87155652
0.39646125
0.45792779
0.02898033
0.04973008
0.01324422
0.06087815
1.10939920
1.95508170
0.90639377
-0.09909941
0.37074023
-0.31801617
0.27283281
0.13762209
0.07904515
0.84384924
0.75909537
0.02224115
0.07561041
1.20292950
0.18249087
0.56527549
0.12773216
-0.02084566
0.51588994
-0.40692672
-0.81754094
-0.08907304
2.56559062
0.28294048
-1.08282006
-0.17781650
0.94984400
-0.07428082
0.18647674
0.97711307
-0.15068704
0.46550462
1.40832675
0.67420721
1.18467093
-1.05556846
0.89583087
2.02520871
-0.02094933
-0.00701983
2.25663590
0.07835790
0.64559412
-0.02672913
0.38917214
-0.04742942
0.66278857
0.54031008
-0.90164393
0.37912261
0.73071355
0.69322163
-0.28199163
-0.38816196
0.00744198
-0.29640538
0.00691073
1.99503934
0.09798584
-0.40395692
0.10839416
-0.48375955
0.09017458
-2.12934828
0.06254647
2.27186227
-1.59553242
-1.35961699
-0.74811560
0.24545959
-0.02694749
-3.28845739
0.29592332
0.55616677
-0.15441276
0.03277354
0.23819669
-0.07817953
0.66840190
5.26221991
0.31164417
0.02035309
0.22605905
0.63939792
0.27590626
0.40567657
0.87865585
0.04251230
-0.00462138
0.07603025
-0.18820286
0.04710954
0.18020229
0.39021978
-0.01213387
0.40482429
0.25969413
0.49306297
0.26940021
0.22294749
-0.46797839
-0.50367117
0.35679907
0.42435655
-0.27653134
0.50215101
-3.20659375
-0.51848549
-0.14510712
-0.06019451
0.42966297
-0.26072636
-0.37564236
-1.11510420
1.18409455
0.41819030
-0.17550376
-3.31454229
-2.01108456
0.13484235
0.10397167
0.35925731
0.06260259
2.24383807
0.14977139
0.91341174
-4.97105312
-0.01296922
-0.22546113
0.07828868
0.40558469
0.21659386
0.03984539
-0.18105142
0.02882769
-0.43978953
1.44355452
-0.49773818
-0.47302455
0.30015537
0.63685775
-2.82395959
-1.20467842
-0.27223486
-0.13821132
0.59232813
-0.88839686
0.75071716
0.24286866
0.41973037
-0.09720232
0.02259883
-0.52241606
-0.07803752
2.27428842
-0.48787421
-0.14198688
-0.46827462
0.28000060
0.44522169
2.55496502
-0.14032157
-0.03206801
-0.04938340
0.02511268
0.37792477
0.30055824
4.25117683
1.16418231
2.10518241
2.25679851
0.73366034
0.24882001
0.05828758
-0.72565508
0.53104007
0.41543925
0.46023241
0.88252574
-0.13460064
-0.29098642
-0.20498112
1.12388122
-0.14371851
-0.13069841
0.00196902
-0.77552736
0.11292058
0.07162369
-0.06279299
0.22769621
0.37123278
0.10320728
0.15623195
-0.32902575
-1.26397502
0.24460700
0.30174887
0.25356013
0.08121795
-0.33756340
-0.73435950
1.24910438
1.25565350
0.15331486
0.12928110
0.18592872
0.17960282
-2.52073622
-0.27595019
0.59500623
-2.55507731
0.22855617
-0.26866525
-0.04629197
0.00230508
-0.16881627
0.34746698
1.19603348
0.63696766
0.65053499
0.42711344
1.26333344
0.22058603
-0.75990301
0.50590074
3.46399617
0.09551878
-0.31393564
-0.18213832
-0.34460497
-1.06553018
-0.72617966
-0.31764248
0.11941736
0.03353116
-1.65024781
-0.67787623
-0.05306442
-0.07467297
0.52417880
0.13164327
0.01637333
-0.24952216
0.10952695
0.17594160
-0.21609338
0.13339749
0.03597113
-0.00603260
-0.11638941
0.16264920
0.01261075
0.14312114
-0.73415387
0.02352283
0.06127910
0.36929122
0.64410496
1.07242048
-0.22708584
0.24776837
0.74931246
0.66773343
0.33381739
0.00725563
0.62838656
-0.06157719
-0.32494864
-0.88706666
0.26630121
0.32660013
-0.07136813
0.29451346
0.68919301
0.18538296
-0.29952928
0.57342982
0.28558689
0.73051286
-0.13012367
0.64008689
-0.63234866
0.68614697
-0.69692814
-0.08338273
-0.17740458
2.97194004
0.08039691
0.24798439
-0.17166300
-0.57098639
0.25098884
-2.22550964
-1.48185360
1.14482236
1.38613021
-0.86320931
-3.71618247
1.60038650
1.36121869
-0.11292218
0.17188080
-0.11440641
-0.41503829
0.24405654
-0.59681225
-0.78568733
1.12204421
-0.51311535
-0.25773492
-0.55921823
-0.22338186
-0.11772832
2.96275043
0.15898369
-0.03915439
0.68129057
0.31599104
2.03600883
-0.02386119
0.91077334
0.13194430
-0.03482445
0.22731778
0.48043051
-0.10195113
-0.02237731
0.80746233
0.13094707
1.64271271
0.20962480
-0.02721691
-0.20693634
0.17141536
-5.09449625
0.12099941
-0.16416059
-0.41012657
-0.73044634
0.14320357
-0.60705578
0.48025325
0.13510212
-0.75103682
0.52613991
0.61432427
-1.18658733
0.11572117
0.62341523
-0.07743703
-0.53480530
0.06452192
-0.12341329
-0.34379247
2.02885962
-0.09376144
-0.17497461
-0.17143592
0.05029151
-0.45786348
0.37690714
-3.33434367
-0.32948628
0.00868803
0.06472325
1.45563424
-0.45103213
0.22835115
1.00920081
-0.38655004
-0.00256194
-0.51222587
1.82452571
1.46359766
-0.10607310
0.43461797
-0.44238511
0.17585473
0.01711438
0.30819663
0.19241932
-0.06237867
-1.73501778
1.89245510
0.23711386
0.83660913
0.33406198
0.43990630
0.22186323
-0.58459175
0.22994918
3.02472401
-0.29220122
0.01853690
-0.66532725
-1.40972960
0.84943312
1.06878150
0.36410493
-2.97017241
1.62492895
-0.31721061
0.02939869
0.24874902
0.35973653
