-0.15604097
0.26011163
-0.13615224
-0.22168911
-0.13733985
-0.27687070
-0.15940711
-0.18984810
-0.10524854
-0.27684700
-0.88280576
-0.16878203
-0.00540513
0.01250076
-0.01185114
-0.00756466
-0.00916400
-0.00848012
-0.00897748
-0.00212735
-0.00277284
-0.00495970
0.13947129
-0.00868774
0.00959805
-0.46071628
0.03073299
0.02520680
0.01554710
0.01982892
0.02883711
0.02116267
0.01215293
0.02906419
-0.18845445
0.02103448
0.00904092
-0.15524495
0.00559466
0.01023549
0.00865364
0.00856039
0.00722095
0.01123768
0.00928287
0.01019174
0.06572717
0.01201057
-0.01335647
-0.54315889
-0.00531825
-0.00373650
-0.00936434
-0.00985304
0.00085902
-0.00928855
0.00158897
-0.00403817
-0.06814769
-0.02539223
0.00693531
-0.13173829
-0.00201707
0.00875920
0.00832571
0.00912634
0.00608204
0.01234080
0.00668365
0.01173204
0.04900062
0.00792455
-0.00615382
-0.42563877
-0.00814345
-0.01124442
-0.03608425
-0.02170166
-0.01335032
-0.01693913
-0.00454569
-0.01630545
0.06984586
-0.02629852
-0.00307439
0.01272178
0.00308746
-0.00297660
-0.00048393
-0.00484229
0.00061542
-0.00336799
-0.00113630
-0.00474939
-0.11437440
-0.00096738
0.01308700
-0.52543902
0.00402613
-0.01147053
0.02297443
-0.02108034
0.00727724
-0.00586534
0.03348194
-0.00826654
0.28885028
0.00277337
0.01072315
-0.04809922
0.01761585
0.00976955
0.01135799
0.01156565
0.01690775
0.01024368
0.01198679
0.01203765
-0.05229610
0.01290128
0.01584834
-0.40836337
0.02656448
0.03571683
-0.00391263
0.02413788
0.01581547
0.02785069
0.01209314
0.01655293
0.19046053
0.01882031
0.00240600
0.02187091
0.00821623
0.00130725
0.00362743
0.00264409
0.00912909
0.00012386
0.00391871
0.00612071
-0.12163062
0.00452527
0.00819933
-0.19739471
0.00541902
0.00891483
0.00903039
0.01295969
0.01151250
0.01098255
0.00421578
0.01443058
0.07382783
0.00965679
-0.01790804
-0.00119966
-0.01074857
-0.00371481
-0.01302922
-0.00361943
-0.01501571
-0.01102209
-0.02333981
-0.00419864
-0.02290258
-0.01714043
0.00354776
-0.08628765
0.01218691
0.00428458
-0.00001359
0.00627300
0.00825877
-0.00017816
0.00096613
0.00599253
-0.03197174
0.00040907
-0.03369880
-0.08630035
-0.01926437
-0.04183531
-0.03490719
-0.04044688
-0.02701078
-0.04910892
-0.02744492
-0.03250915
-0.13247657
-0.05163985
0.00338471
-0.06088707
0.00986967
0.00125289
0.00143659
0.00244278
0.00789803
0.00001734
0.00218705
0.00455910
0.02824003
0.00193501
0.01488036
-0.00470617
0.01455437
0.02209112
0.01683897
0.01552771
0.01347804
0.01665295
0.02244344
0.01892424
0.00725162
0.01172218
0.00062293
0.04144549
0.01105575
-0.01971793
-0.02328700
-0.03411430
0.00507116
-0.01768827
0.02290250
-0.02334350
0.04665899
-0.02041579
-0.05668369
-0.24423759
-0.04467041
-0.04911503
-0.05031611
-0.05768236
-0.05061276
-0.05815747
-0.05054885
-0.05374943
-0.06197301
-0.06006068
0.00368434
-0.11989848
0.00000137
0.00597751
0.00802851
0.00808364
0.00697169
0.00805938
0.00432363
0.00841856
-0.00153151
0.00539374
-0.01169673
-0.11308157
0.00534853
-0.05769847
-0.03614554
-0.04748340
-0.00499886
-0.05712515
-0.01096363
-0.03901449
-0.23572320
-0.03307927
-0.00087197
-0.15598321
-0.00968027
-0.00277257
0.00274989
0.00140339
-0.00114030
0.00138131
-0.00217921
0.00225699
0.05734170
0.00090051
-0.01966622
0.09866670
-0.02984934
-0.02897129
-0.03226328
-0.02977667
-0.02838363
-0.01801866
-0.01514390
-0.02349409
0.06425425
-0.03261340
0.00377870
-0.12843922
-0.00116687
0.00511985
0.00841275
0.00594422
0.00558347
0.00872290
0.00520134
0.00711464
0.02240278
0.00767952
0.00138143
-0.11101386
0.00514609
0.00924802
0.00233948
0.00465696
0.00490785
0.00616193
0.00212497
0.00443894
0.01171905
0.00283873
0.00643110
0.05475241
0.01135629
0.00518009
0.00434941
0.00806838
0.01447037
0.00437331
0.00551909
0.01125282
-0.08070846
0.00791651
0.04394202
0.41745684
0.02949846
0.00653577
0.03958300
0.01293394
0.04070839
0.02728338
0.05217612
0.03053272
-0.03433454
0.03455064
-0.03678940
0.13414645
-0.04683912
-0.03792833
-0.04448634
-0.03644946
-0.04534501
-0.03871004
-0.04807515
-0.03769738
0.10313395
-0.04786565
-0.03647995
-0.27271241
-0.00256733
-0.05115452
-0.03724413
-0.05494636
-0.00946331
-0.06735110
-0.02298966
-0.02802480
0.01173145
-0.04533815
-0.01462084
-0.16539392
-0.00210673
-0.00390518
-0.01822236
-0.00517333
-0.00518936
-0.00581500
-0.02030271
-0.00417936
-0.04630554
-0.00868085
-0.00694413
-0.07227525
-0.03549345
0.02728361
0.00076300
0.00595829
-0.02789456
0.02149428
-0.00036883
-0.00146648
0.05499747
-0.01357944
-0.01955765
-0.22955999
-0.02457676
-0.01148233
-0.00948447
-0.01607612
-0.02822423
-0.00481966
-0.01794076
-0.02014098
-0.01863685
-0.01594180
-0.04327416
0.16533314
-0.05403386
-0.03853315
-0.04174995
-0.03617692
-0.04723400
-0.03194578
-0.04622191
-0.03351191
-0.01773474
-0.03786400
0.00411867
0.00167793
0.00682142
0.00703639
0.00919098
0.00679692
0.00803149
0.00802195
0.00466093
0.01015466
0.00188583
0.00756088
0.02563346
-0.18151206
0.02487627
0.01440443
0.02858242
0.01387797
0.02495050
0.02858222
0.03353953
0.01920936
0.04605114
0.03355896
-0.05907799
-0.61292183
-0.06825083
-0.02654147
-0.03489161
-0.02847904
-0.05300730
-0.03317056
-0.05701542
-0.02520038
0.33919707
-0.04711443
0.03949785
-0.13107122
0.05860165
0.02230060
0.04173419
0.03171672
0.05391622
0.03281271
0.04440585
0.04398240
0.04885805
0.04615141
0.00048237
-0.05313998
0.00796115
0.00078610
0.00057578
0.00260220
0.00689105
0.00120813
0.00260279
0.00307059
-0.01737684
0.00198430
0.01936597
-0.17692687
0.03246856
0.02414775
0.01055923
0.02357029
0.02200854
0.01671275
0.01552466
0.02500011
-0.04907984
0.01791543
0.04216210
1.04426718
0.00771175
-0.00714192
0.01054533
-0.00919768
0.00550401
0.01453951
0.04745862
-0.01317900
-0.25292572
0.01758757
0.01606736
-0.01821381
0.00301306
0.02668825
0.01711866
0.02680442
0.01337519
0.04351521
0.01071516
0.03551689
0.07075325
0.03194228
-0.04556606
0.07203805
-0.04329515
-0.06078167
-0.05311713
-0.05773067
-0.05467135
-0.07618070
-0.04967743
-0.05797490
-0.00524864
-0.07295644
-0.01799354
0.10715848
-0.01991794
-0.00741374
-0.00987959
-0.00132111
-0.02161121
-0.01014207
-0.02806666
-0.00232615
0.04309693
-0.01767974
-0.06697035
-0.09571756
-0.07278740
-0.01813835
-0.08704360
-0.02877417
-0.08564802
-0.01990259
-0.09768742
-0.03795916
-0.09321773
-0.07379332
0.00949518
-0.05938193
0.00700277
0.01648723
0.01218918
0.01418124
0.01107823
0.01436958
0.01226193
0.01694340
0.03063906
0.01236546
-0.00236854
-0.04709020
-0.00268880
0.00019699
-0.00158325
-0.00042816
-0.00193197
-0.00120363
-0.00288338
-0.00029621
0.00213978
-0.00182192
0.01132591
0.00347507
0.01553637
0.00905067
0.01103011
0.01183388
0.01811072
0.01120329
0.01028335
0.01367557
0.02266210
0.01098314
-0.04811595
-0.07274936
-0.03426185
-0.03703559
-0.04580081
-0.04348120
-0.04311296
-0.04897366
-0.04708353
-0.04114923
0.03330089
-0.05141861
0.00034259
-0.10826226
0.00051431
-0.00085211
0.00010550
-0.00333741
0.00006434
-0.00155560
-0.00051336
0.00014269
0.02451321
0.00194358
0.00517196
-0.05258852
0.00944884
0.00224057
0.00421053
0.00542264
0.00872184
0.00173694
0.00292391
0.00618660
-0.02177564
0.00192064
-0.08457334
0.08976652
-0.08139455
-0.09651834
-0.08859706
-0.09638886
-0.09008437
-0.10541241
-0.07772382
-0.09869406
0.01863623
-0.10838675
0.07989013
-0.27356571
0.07621792
0.06969506
0.07628539
0.03924361
0.07966205
0.09033559
0.11041829
0.05016124
-0.14500019
0.08927563
0.00580311
0.02842617
0.01191440
0.00779998
0.00915557
0.00604278
0.00925064
0.00843203
0.00735909
0.00873867
-0.00189355
0.00871451
0.00686723
0.03602027
-0.00068998
-0.00364945
0.01501840
0.00266257
-0.00449722
0.00470418
0.00587627
-0.00157961
0.02704385
0.00099725
-0.04931790
0.16426215
-0.03573430
-0.01072797
-0.02449016
0.02715209
-0.03763118
-0.01571872
-0.10702127
0.02758613
0.10848835
-0.04697514
-0.00040624
-0.14967650
-0.00130171
0.00962070
0.00346154
0.00889146
0.00481391
0.00949092
-0.00542030
0.01071963
-0.08712262
0.00408539
-0.00768454
-0.01684940
-0.00897813
-0.00549109
-0.01000381
-0.00830913
-0.00878996
-0.00911587
-0.00818685
-0.00868864
-0.00224450
-0.00934344
0.00268988
-0.06064850
0.00338736
0.00559293
0.00212067
0.00400329
0.00612514
0.00278407
0.00305307
0.00625512
-0.03319228
0.00389712
-0.01590826
0.05593131
-0.01660389
-0.00463870
-0.01095603
-0.00101835
-0.01700668
-0.01045585
-0.02513245
-0.00435816
-0.04444314
-0.01409572
0.00506127
-0.05718145
0.01297605
0.00811425
0.00349063
0.00798669
0.00934181
0.00408220
0.00372679
0.00809419
0.00971822
0.00504121
0.00222341
0.00794870
0.01073754
-0.00019896
0.00033987
0.00307244
0.00861263
-0.00359488
0.00169121
0.00444692
-0.02443928
0.00128066
-0.01911497
0.23875356
-0.04220980
-0.02110279
-0.02723022
-0.02312243
-0.03341357
-0.02027839
-0.01974010
-0.02482146
0.07025403
-0.02930266
0.06920442
0.24173115
0.06806755
0.05166761
0.05573201
0.05687625
0.07153887
0.05352977
0.06766683
0.06731811
0.24502164
0.06146863
0.00524881
-0.00357123
0.01575340
0.01236638
0.00610289
0.00862329
0.01545092
0.01180662
0.00633305
0.01193851
0.03199679
0.00112188
0.00624096
-0.36870733
0.01172593
0.01346031
0.00776221
0.00665462
0.00189978
0.01517251
0.01287296
0.01035043
0.05046177
0.01096040
-0.00085887
-0.07913134
-0.00524610
-0.00012592
0.00080422
0.00002995
0.00028950
-0.00132489
-0.00093388
0.00036636
0.02232392
-0.00163174
0.01618679
-0.24497457
0.03054586
0.00717759
0.00741297
0.00937611
0.02852833
0.00816005
0.01629362
0.01660338
-0.04005826
0.00650708
-0.04220137
-0.75321400
-0.06150764
0.05448458
0.01776294
-0.02325964
-0.04506065
0.04009253
-0.00632579
-0.01648044
-0.08282531
0.00243998
0.00208347
-0.02642980
0.01028804
0.00173679
0.00208569
0.00336012
0.00798853
0.00069475
0.00296193
0.00594553
-0.00076296
0.00361764
-0.01170617
-0.07020085
-0.05605659
-0.00119427
-0.04111234
-0.01034856
-0.06256515
0.01021264
-0.02649331
-0.04121347
0.08205879
-0.01037639
-0.01619154
-0.05638474
-0.00565034
-0.01203044
-0.01711325
-0.01406075
-0.01036114
-0.01524678
-0.01752419
-0.01186973
-0.00617230
-0.01755661
0.00372879
0.00496911
0.00498939
0.00664967
0.00527844
0.00614025
0.00522313
0.00580366
0.00334939
0.00647404
0.01683136
0.00498956
0.00681467
-0.09348869
0.02160025
0.01452082
0.00036341
0.01631711
0.01937190
0.01541623
-0.00119853
0.02143419
-0.00266950
0.01168200
-0.00149563
-0.09423912
0.01535133
0.00812083
-0.01103705
0.00519200
0.00688386
0.00231543
0.00088984
0.00624800
0.03282814
0.00055262
-0.00224358
-0.58348107
0.01909474
0.02484595
-0.06062309
0.01308966
0.00752395
0.01005477
-0.01854169
0.00682965
0.01142053
-0.00803177
0.04183307
0.96331799
0.02531534
-0.01899226
0.02421406
0.01567161
0.03638119
-0.00386900
0.02888282
0.02119520
-0.00221723
0.01481277
0.00288779
0.08158061
-0.01921779
-0.00220425
0.00322783
0.00481817
-0.01378953
0.00358804
-0.00301513
-0.00099191
0.03659648
-0.00190908
-0.03693339
0.09877243
-0.06934559
-0.04057753
-0.04826328
-0.03902659
-0.05001825
-0.03160225
-0.03289258
-0.03595972
0.07662645
-0.04207183
-0.01231360
-0.05814456
-0.00351181
-0.01278311
-0.01612544
-0.01129207
-0.00597793
-0.01805392
-0.01366907
-0.00918740
0.00916332
-0.01695678
0.00778351
-0.05648491
0.01258159
0.00976765
0.01224673
0.00947514
0.01227528
0.00968638
0.00854111
0.01390660
0.03559861
0.01085708
0.03818846
-0.42985258
0.04418877
0.06359959
0.06502098
0.04421661
0.05451816
0.06716235
0.05937022
0.05286053
-1.11319613
0.05879922
0.00746515
0.02818444
0.01185768
0.00418141
0.00907123
0.00522240
0.01195319
0.00880220
0.00799423
0.00918650
-0.00002375
0.00911461
-0.04709785
-0.28227422
-0.07669586
-0.03661716
-0.02749507
-0.02962363
-0.05833299
-0.02669817
-0.05070537
-0.03873610
-0.31571972
-0.04704851
0.01877780
-0.10058296
0.04873085
0.01962064
0.04959589
0.02165592
0.05781257
0.01152828
0.04521587
0.04995832
0.15564352
0.02804516
-0.05082083
0.67897528
-0.02976996
-0.04199709
-0.07656793
-0.01708411
-0.03805117
-0.07280871
-0.08178699
-0.02468073
-0.23872134
-0.08571511
-0.01612569
-1.20812166
0.07359356
0.05740616
-0.01555364
0.07861617
0.06878574
0.02049112
-0.03945148
0.08481658
-0.13391007
0.00982785
-0.00738901
-0.05939770
-0.00300950
-0.00144345
-0.00744188
-0.00407577
-0.00542569
-0.00461743
-0.00694314
-0.00512379
-0.04272020
-0.00726116
-0.00412004
-0.00993267
0.00176781
-0.00379987
-0.00068328
-0.00457788
-0.00204825
-0.00411728
-0.00417916
-0.00160241
0.02828950
-0.00295949
0.01440817
-0.02548963
0.02753988
0.00759360
0.00907427
0.01165447
0.02503873
0.00432664
0.01276064
0.01501136
-0.10735764
0.00943100
-0.04428119
-0.29282621
-0.06957608
-0.04551885
-0.03707725
-0.03597116
-0.04902873
-0.03178315
-0.04740458
-0.03735502
-0.30089265
-0.03181279
-0.00467865
-0.01943415
0.00535822
-0.00130165
-0.00347155
-0.00185433
0.00270832
-0.00614446
-0.00671197
0.00225922
0.00910132
-0.00493615
-0.03776735
0.15975621
-0.06096905
-0.04352402
-0.04186727
-0.03982317
-0.05459315
-0.03754544
-0.03605787
-0.02997535
0.16724536
-0.04944092
-0.02247259
0.48248887
0.02903250
-0.03271702
-0.09099823
-0.04188627
-0.00615162
-0.06147204
-0.04098772
-0.03317371
-1.03872526
-0.05539113
-0.01646632
0.07587734
-0.01600350
-0.02125378
-0.01573890
-0.01764202
-0.01430807
-0.01665626
-0.01841457
-0.00843263
0.03532326
-0.01883827
-0.00071688
-0.10007823
0.00611396
0.00464554
-0.00031261
0.00307491
0.00568932
0.00091937
0.00107738
0.00453985
-0.00158976
0.00097112
-0.02557105
0.01597761
-0.02639636
-0.02137503
-0.02477190
-0.01988414
-0.02609268
-0.02532163
-0.02862251
-0.02392775
-0.05829811
-0.02826154
0.01981068
-0.44043577
0.02727610
0.03578949
0.02922729
0.03036809
0.02914984
0.03590691
0.01897919
0.03307104
-0.10320866
0.03020465
-0.00341393
-0.03773963
0.00301324
0.00114363
-0.00202137
-0.00042823
-0.00022414
0.00157309
-0.00343153
-0.00074500
0.06893226
-0.00199674
0.00144352
-0.05147880
0.00826517
0.00077480
0.00013342
0.00126803
0.00646866
-0.00163586
0.00112025
0.00351346
0.03532887
0.00048690
-0.00419009
-0.05534515
-0.00514197
-0.00074321
-0.00371873
-0.00153181
-0.00534230
-0.00030339
-0.00550347
-0.00302742
0.02446404
-0.00435928
-0.02781111
-0.03514351
-0.02501976
-0.01399118
-0.02570052
-0.01792070
-0.02857268
-0.01531726
-0.03571472
-0.01900923
-0.08701428
-0.02979162
-0.01235139
0.43356204
-0.04625347
-0.00333911
-0.02200288
0.03262874
-0.03609335
-0.00364599
-0.07773936
0.02326310
-0.01730096
-0.03945583
-0.01338702
-0.10063676
-0.01186424
-0.00747561
-0.01327378
-0.00817010
-0.01347023
-0.00803542
-0.01720691
-0.00951886
-0.01405214
-0.01225439
-0.00764230
0.02939081
-0.00875071
-0.00686046
-0.01009750
-0.00520185
-0.00831398
-0.00725928
-0.00922397
-0.00523263
0.03237671
-0.00930773
0.00278254
0.05922672
0.01705188
0.01450182
0.01165867
0.01444670
0.01202470
0.01399282
0.00304308
0.01856476
0.02771673
0.00821400
-0.00092860
-0.01211649
0.00038409
0.00127226
0.00285238
0.00055361
0.00094369
0.00211531
0.00017718
0.00303003
-0.00197638
0.00135404
0.03395128
0.03093304
0.03241116
0.01266012
0.02366101
0.02546199
0.04490209
0.02157202
0.02695534
0.03485775
-0.04308073
0.03259842
-0.01954350
-0.03353555
-0.01580805
-0.00941548
-0.01846182
-0.01215380
-0.02047366
-0.00828015
-0.02221981
-0.01379482
-0.09389530
-0.02015404
-0.01266980
-0.11974367
-0.04948255
-0.01469928
-0.02071017
-0.00847018
-0.02732470
0.00909492
-0.02228055
0.00093359
0.00621247
-0.01696248
-0.00485337
0.01292181
0.00343598
0.00109042
-0.00622632
-0.00173217
0.00102049
-0.00414509
-0.00465406
-0.00037259
0.00884189
-0.00440359
0.05336316
-0.48718715
0.03755853
0.02091193
-0.02428633
-0.00822443
0.02921230
0.02324498
0.06083590
-0.01536083
0.20692597
0.02360449
-0.00194448
-0.02997777
0.09709115
-0.02161720
-0.02446468
-0.01409554
0.06782671
-0.06713472
0.00618899
0.01414293
0.08155470
-0.01088409
-0.11023187
0.08875832
-0.08320996
-0.06008225
-0.10261191
-0.06170417
-0.07995880
-0.08085363
-0.11720037
-0.05183898
-0.26706487
-0.09563816
0.00971711
-0.14177421
0.02496749
0.00213158
0.00666648
0.00221215
0.01743790
-0.00003617
0.01477763
0.00530314
0.05502816
0.00631047
-0.01048601
-0.18016922
-0.00031710
-0.02475300
-0.01103800
-0.02280134
-0.00711173
-0.01592420
-0.00918017
-0.02072003
0.05323622
-0.01055127
0.03211391
-0.03423654
0.06405842
0.03604914
0.02516246
0.02732116
0.04990408
0.02788606
0.03951560
0.03084755
0.10680389
0.02332422
-0.03191538
-0.01187783
-0.04362516
-0.02536812
-0.02969724
-0.02545958
-0.03915794
-0.02895659
-0.03696975
-0.03165549
-0.08467990
-0.03496361
0.00588644
0.17131072
0.05122715
-0.00367332
-0.00317031
0.00301576
0.03143163
-0.02017361
-0.00044113
0.01222378
0.10604089
-0.00267160
-0.00853062
0.00585935
-0.01543874
-0.01046489
-0.01247630
-0.01180843
-0.01131976
-0.00687897
-0.00628363
-0.00645608
0.10827753
-0.01211399
-0.00485355
0.01884787
-0.00349467
-0.00276887
-0.00327690
-0.00287989
-0.00201078
-0.00133622
-0.00376850
-0.00207430
0.03248903
-0.00252654
-0.01835296
0.14919370
-0.03628626
-0.01043690
-0.02023485
-0.01608241
-0.03237545
-0.00832438
-0.02022237
-0.01806529
0.08332840
-0.01929860
0.00152609
-0.08388461
-0.00207519
0.00433189
0.00661737
0.00676739
0.00178805
0.00759161
0.00074965
0.00813878
0.04727244
0.00504392
-0.00669710
-0.03092423
0.00533974
0.00248085
-0.00935072
-0.00653660
-0.00655887
-0.00844109
-0.00584769
-0.00487900
0.04791900
-0.01593095
0.00816929
-0.20745713
0.00224358
0.00944024
0.00894326
0.01226228
0.00951488
0.01073706
0.00373411
0.01445422
0.01434255
0.01105052
-0.00326920
0.01717991
-0.00311584
-0.00259408
0.00091802
-0.00096394
-0.00109804
-0.00039907
-0.00271989
-0.00103331
-0.05209687
-0.00167263
-0.07307157
-0.51712453
-0.08038309
-0.09278294
-0.06944515
-0.08588055
-0.07656821
-0.07207280
-0.06758970
-0.08075345
-0.04037929
-0.06702673
0.00244242
-0.08121401
-0.00274223
0.00140721
0.00121482
0.00445705
0.00141058
0.00245261
-0.00029147
0.00395623
0.01265326
0.00177559
0.00188540
-0.14494307
-0.00419021
0.00401516
0.00558209
0.00644714
0.00114834
0.00701767
-0.00083432
0.00684714
0.06285803
0.00468101
0.02361564
0.04994294
0.02746558
0.00138694
0.01762161
0.00564644
0.02570351
0.00466469
0.02513444
0.00984554
-0.03041846
0.01295397
-0.01076347
0.03506387
-0.03881621
-0.02130854
-0.02183267
-0.01212110
-0.02794039
0.00468510
-0.01353112
-0.01235741
0.01966805
-0.01572450
0.12519328
0.97561753
0.09470785
0.13774554
0.12675315
0.16124390
0.12336145
0.14427483
0.10506767
0.16415954
0.44476676
0.13483804
0.01000059
-0.20522068
0.00676176
0.01463626
0.01296020
0.01117069
0.00894807
0.01579808
0.01033926
0.01042688
0.06456585
0.01067007
0.00900000
-0.11540824
0.00825495
0.02323559
0.01688379
0.01306739
0.00145537
0.02140233
0.00809377
0.01646739
0.13088892
0.00521312
-0.01386648
-0.01841497
-0.01245601
-0.01350512
-0.01157197
-0.01298469
-0.01220852
-0.01628899
-0.01405725
-0.01197061
-0.09293199
-0.01593894
-0.01473840
0.01509937
-0.02536029
-0.01627345
-0.02024332
-0.01932060
-0.02045298
-0.01357895
-0.01296675
-0.01548412
0.07790172
-0.02168739
0.00415161
0.21623041
-0.00979334
-0.01426488
-0.00348773
-0.01694515
-0.00537801
-0.01935728
0.01049325
-0.01519814
0.19380090
-0.01479208
-0.00075680
0.00990222
-0.02980947
0.00117779
-0.00216794
-0.00271946
-0.01800664
0.00283678
-0.00691462
-0.00355320
-0.00339934
-0.00638068
-0.01557410
0.02738860
-0.03167820
-0.01646376
-0.02055324
-0.01869996
-0.02513561
-0.01129958
-0.01440069
-0.01558617
0.11597103
-0.02344647
0.01500851
0.31595570
-0.00139982
-0.00690131
-0.00475842
0.00141169
-0.00052908
-0.01046249
0.00888066
0.00101911
0.03742784
-0.00589958
-0.00185715
-0.09168288
-0.00194053
0.00000440
-0.00041033
-0.00064184
0.00050422
0.00234473
-0.00196430
0.00017844
0.04851407
0.00007057
-0.00619605
-0.17767319
0.00293329
0.00045729
-0.00214459
-0.00027353
0.00001070
-0.00401926
-0.00704798
0.00067341
-0.14937206
-0.00270528
-0.00512925
-0.04871815
-0.00210333
0.00123057
0.00223625
0.00054955
-0.00238013
0.00062844
-0.00280270
0.00025096
-0.03725678
-0.00079212
-0.05378634
-0.12432821
-0.07810545
-0.05100137
-0.04837240
-0.04536630
-0.07015303
-0.04535764
-0.06198035
-0.04563609
-0.29144943
-0.06002000
-0.00753105
-0.08101529
-0.00996170
-0.00618440
-0.00546920
-0.00401202
-0.00901067
-0.00661734
-0.00982347
-0.00610484
-0.02797717
-0.00755343
0.05014575
-0.11100239
0.06655639
0.03136295
0.05684811
0.04982666
0.05482680
0.04448098
0.04433993
0.06723461
-0.06177109
0.05020893
-0.01024240
-0.03968181
-0.00163585
0.00121880
-0.01207015
-0.00293383
-0.00419205
-0.00392950
-0.01407446
-0.00214541
0.05878568
-0.00958085
-0.00439242
0.01575349
0.00127373
-0.00333112
-0.00566441
-0.00471121
0.00065172
-0.00669672
-0.00395408
-0.00385219
0.06445098
-0.00546278
0.00439700
0.17880684
0.00206187
0.02045029
0.03668764
0.01944694
0.01077937
0.01305827
0.02068198
0.01868117
-0.09414783
0.01523632
-0.08396640
-0.47379765
-0.07560718
-0.04034728
-0.04701471
-0.04073402
-0.06469989
-0.05114831
-0.07689095
-0.04311392
0.22841099
-0.07357717
0.00109008
-0.14766279
-0.00671631
0.00329076
0.00506991
0.00347242
0.00078020
0.00551474
0.00054488
0.00254050
0.10055550
0.00319123
-0.01469927
-0.01401633
-0.01596615
-0.00474645
-0.01377803
-0.01168379
-0.01863152
-0.01312696
-0.01548283
-0.01428977
-0.05045488
-0.01991758
0.01162443
-0.01415077
0.01533248
0.00899486
0.01156825
0.00911623
0.01648521
0.00937420
0.01240665
0.01159965
0.00681663
0.01301780
-0.00935942
0.00459611
-0.02029213
-0.00842464
-0.01271059
-0.01171917
-0.01701075
-0.00462949
-0.00663766
-0.00885162
0.09767847
-0.01297868
0.04957467
0.23835608
0.06766769
-0.00212917
0.01195155
0.02376057
0.06286243
0.00897281
0.04603589
0.03562263
0.04925641
0.01704708
0.00921375
-0.12338715
0.00413707
0.01270422
0.01423039
0.01569832
0.01074365
0.01836915
0.00752154
0.01645891
0.02503973
0.01408815
-0.03478633
-0.26511994
-0.05955815
-0.02835628
-0.02159029
-0.03008419
-0.04228890
-0.02299325
-0.03410825
-0.03685397
-0.27350304
-0.03898937
-0.00189140
0.07442127
0.00469369
0.00080703
-0.00060296
0.00039542
0.00263751
-0.00144297
-0.00087247
0.00054172
-0.00080040
-0.00104304
-0.00713988
-0.02690090
-0.00144479
-0.00789738
-0.00730267
-0.00881044
-0.00370690
-0.01014610
-0.00511047
-0.00643019
-0.06222752
-0.00854039
-0.01583881
-0.33314046
0.00184404
-0.02027839
-0.04693840
-0.02544710
-0.00347252
-0.03606701
-0.01891756
-0.02043110
-0.01567882
-0.02507442
0.00982779
-0.01987796
0.01818189
0.00877884
0.01098317
0.01002198
0.01751661
0.01004875
0.01025292
0.01413628
0.01440249
0.01470307
0.00108635
-0.06893197
0.00049829
0.00401206
0.00093037
0.00322390
0.00098648
0.00298917
0.00138919
0.00412785
0.02439666
0.00151718
-0.03293258
-0.37548167
-0.04328431
-0.02313868
-0.01807669
-0.03491741
-0.03893310
-0.02096009
-0.01519249
-0.04311442
-0.35034457
-0.03441262
-0.00695324
-0.16093817
-0.00851288
-0.00297344
0.00137442
-0.00258563
-0.00728956
0.00100978
-0.00461341
-0.00390828
-0.04440081
-0.00323132
-0.00972596
-0.02465422
-0.01049804
-0.00565082
-0.01041389
-0.00048020
-0.01138729
-0.00810400
-0.01497364
-0.00456604
-0.03053830
-0.01092742
0.01181066
0.10229751
0.02063638
0.00335735
-0.00164065
0.02028336
0.02497661
-0.00122644
-0.00191557
0.02074235
0.04135444
0.00713140
0.00711198
-0.05906765
0.00849351
0.00689852
0.00416271
0.00727797
0.00536421
0.00817007
0.00439616
0.00708580
0.00732970
0.00658874
0.03595852
0.12305221
0.04987967
0.02087356
0.04323862
0.01431015
0.04368612
0.02490325
0.05468053
0.02800545
0.04761189
0.03703459
0.02438810
0.25099465
0.01673472
0.03013999
-0.14641333
0.00939187
-0.02429499
0.02325229
-0.03089818
-0.02532232
-0.02561164
0.00319888
0.05841289
0.02467981
0.03338455
0.08209150
0.06651666
0.04365496
0.04996276
0.09900135
0.08038772
0.05591464
-0.38926393
0.08820157
0.00582756
-0.07034630
0.00468001
0.00505728
0.00490701
0.00595018
0.00879425
0.00418767
0.00549067
0.00618047
0.00942886
0.00573310
-0.00312475
-0.03969112
-0.01761401
-0.01108176
-0.02238154
-0.01714833
-0.02019342
-0.00703517
0.00022048
-0.02545404
0.15790839
-0.01173821
-0.02917293
0.01163983
-0.03109089
-0.01805326
-0.02664089
-0.03005096
-0.03593904
-0.02611739
-0.02307910
-0.03122904
-0.02383167
-0.03306706
0.02308842
-0.21748793
0.01599562
0.01697624
0.03538358
0.01176597
0.02152222
0.03490075
0.02687187
0.01688848
0.05441162
0.02942997
-0.00377437
0.07016420
-0.01459807
-0.00949261
0.00933418
-0.01041952
-0.00563262
0.00964275
0.00704557
0.00212049
-0.04811597
0.01727560
0.00325197
-0.09942818
-0.00298902
0.00252628
0.00893742
0.00653801
0.00588903
0.00525519
0.00406867
0.00745964
0.03425204
0.00426319
-0.02366000
0.05753094
-0.03291094
-0.01736897
-0.03239697
-0.01560925
-0.02989513
-0.01872604
-0.02932621
-0.01713713
0.12754220
-0.02675267
-0.03097111
-0.23683228
-0.02342117
-0.03448933
-0.02901471
-0.01997863
-0.02755687
-0.03873734
-0.04580166
-0.00815105
0.16405392
-0.04287955
-0.02062409
-0.02886889
-0.01452613
-0.01392670
-0.01962823
-0.01299024
-0.01479954
-0.01415503
-0.02324170
-0.01280054
-0.11016566
-0.02048755
-0.07885754
-0.16025698
-0.07156308
-0.06293207
-0.07335351
-0.07138884
-0.07884394
-0.07359494
-0.07915913
-0.07312769
-0.04783989
-0.08563725
-0.03686577
0.00883079
-0.01987851
-0.02564529
-0.03577249
-0.02603791
-0.02665976
-0.02980646
-0.03655429
-0.02556971
-0.05443701
-0.03631903
-0.00493386
-0.18518847
-0.01819652
-0.00244096
-0.00660187
0.00281946
-0.01042689
0.00619934
-0.01158663
0.00341598
0.03529751
-0.00345096
-0.01161736
-0.00752485
-0.01919714
-0.01540256
-0.01580262
-0.01631260
-0.01418406
-0.01040933
-0.00853984
-0.01174772
0.10701968
-0.01697525
0.05189441
-0.68826133
0.07056749
0.03290402
0.03893968
0.02378036
0.05877934
0.03723124
0.07676957
0.03563998
0.13934353
0.04989283
0.00240412
-0.12505761
-0.01352727
0.00668263
0.01248667
0.00906517
0.00058779
0.01439956
0.00021821
0.00865860
0.10726464
0.00635082
-0.02134264
-0.00841472
-0.00753979
-0.01547354
-0.02271998
-0.01506633
-0.01254791
-0.01865550
-0.02621717
-0.01127359
-0.02497858
-0.02360398
0.00289136
-0.00397438
0.00509572
0.00320977
0.00359661
0.00320765
0.00500149
0.00448138
-0.00035053
0.00612023
0.02659929
0.00422660
-0.04551516
-0.35541803
-0.06248409
-0.01403135
-0.01965189
-0.00507490
-0.04177225
-0.01717323
-0.05084148
-0.00694448
0.38002685
-0.03818548
-0.01323467
0.15023853
-0.02227217
-0.02093914
-0.01729931
-0.02345966
-0.01750034
-0.01678336
-0.00697429
-0.01766090
0.08037668
-0.01821990
0.03124306
0.25159106
0.02079540
0.02290519
0.01092093
0.01927115
0.02452417
0.02195734
0.02594706
0.01647472
0.17409259
0.02219675
0.00619650
0.02962810
0.00003988
0.01517512
0.01077366
0.00046483
0.00279734
-0.00251234
0.02079892
0.00251073
0.13916299
-0.00031555
0.01287977
-0.37728548
0.03102195
0.02702650
0.01775476
0.02377628
0.02861261
0.02345395
0.01325189
0.03074339
-0.02115582
0.02490169
