-0.73617357
0.16641453
0.17924245
0.58473396
0.45289981
0.24024396
0.18577597
1.23883224
0.91899002
-0.11690277
-1.89036012
0.03359328
-0.30522236
-0.38423675
-0.51927567
0.67725194
0.21298531
0.21268778
0.22762090
0.14814343
-0.31331533
0.12709208
0.49713320
2.26583982
-1.05102015
-0.40360251
0.19331913
0.70516872
-0.11328495
-1.30122101
0.98744994
0.24690191
-0.02385477
-0.41632155
-0.20230317
0.62887174
0.45821342
0.07627358
-0.10302878
-0.37364554
0.43128955
1.03022695
0.12890105
-0.26329696
-0.17629038
1.92780054
0.24733979
-0.10234080
-0.33618566
0.40853402
-0.73650229
-0.54532349
0.78245729
2.28442240
-0.56975925
0.92113382
0.28251752
-1.20664322
0.24704832
0.26181093
-0.32107770
-1.52620351
-0.01790783
0.14753699
1.20140612
0.59756505
-0.45312780
0.41390014
0.27932814
-0.13902697
0.10867871
0.30821237
-0.85662609
0.11968118
-0.97061968
0.84171402
0.72814178
-0.68678278
0.42217028
-0.02185086
0.04712374
-3.38615370
1.08321989
-0.03994293
0.07522446
0.42248565
-0.33050597
-0.14579645
0.53055304
1.39622641
1.81739867
0.71281832
-2.26161146
-0.62884545
0.07172222
0.44138983
0.34707573
0.01750176
1.01672077
2.37779140
-1.82627654
-0.08874896
-0.50545317
-0.03268183
0.99702650
0.06445452
-0.40345138
-0.36396259
0.15976286
0.02517372
0.29256183
0.14852794
-0.02215933
-0.25406307
0.81208324
0.08111919
-0.17995568
0.52586353
-0.10526412
-0.21873415
-0.38557845
-0.38071108
1.18422985
-0.70423388
0.71981722
0.77221900
0.70670193
0.06660593
-1.49544728
0.48582277
0.09790534
0.39186510
2.38372040
-0.07550811
0.98586071
0.22660230
-1.04373717
-0.18693714
-0.13851827
-2.31265259
0.14699702
0.10966202
0.90151227
0.08755501
-0.16738805
0.35287568
0.43221560
-2.08988190
0.07629264
0.20685537
1.06758738
-2.87063169
-0.09695819
1.89589286
-0.02800846
-0.46895885
-0.34228110
1.79214370
0.61169565
0.13330263
-4.05501080
-0.11497995
-0.35900256
0.58451325
-0.60442030
0.87799752
0.20695743
0.36986288
-0.15659146
-0.86114240
1.49186707
0.79244804
0.17767256
-0.37567756
2.99300313
0.04452273
-0.28591496
0.42376459
-0.05485320
0.19774154
-0.01098084
0.44406897
0.73271883
-0.12968557
0.17683180
0.39332217
0.38543418
-0.05364156
1.23787522
-0.07032667
-0.01570727
-0.93379790
0.94629914
-2.90116262
-0.62414563
-1.84033775
-0.58992451
0.08768824
0.80016917
0.13452366
-0.02388211
0.77156448
-0.07017629
-0.95991391
-0.15376465
-4.67234659
1.53324807
0.23777373
-0.25303867
-0.06048397
-0.12663834
0.32838053
0.24346125
0.42525113
-0.47887728
-0.35467640
-0.40489852
-0.21992297
3.60757089
-0.28122720
-0.39757141
0.29728547
0.90555900
-0.18703628
-0.42938405
-1.04317045
-0.43063414
1.03073740
0.01100977
-1.18869400
4.47790670
0.21431479
2.31075191
0.02816769
0.96251196
-1.43590963
-0.20026021
0.45349589
0.23368560
-2.38028145
0.21358809
-1.07593191
-0.04948437
0.28174683
0.54719937
1.97953069
-0.18385419
-0.25397405
-1.67415011
-3.22329450
0.27366674
-0.40093422
-0.39774838
1.27568817
-0.15398617
-0.10595553
0.51323855
1.06848848
-0.28519201
-0.69406545
0.52776605
0.97918111
-0.84030718
-0.10355171
0.00089652
0.48303649
-0.34956211
0.75858724
-0.40067196
0.01580935
0.12338218
1.50377083
-0.09418260
0.01405735
-0.77911562
-0.01455700
0.75089341
-0.38058826
0.02447090
0.86708838
-0.04641931
-0.07721445
0.06798495
0.58309513
1.01399946
-0.67181426
-0.72929680
-0.02250623
0.54231602
-0.53677380
-0.02980083
0.12143997
0.99853772
-5.49451256
0.52146989
0.29816902
0.26354653
-0.35523361
1.13944876
-0.70821428
-0.00803441
0.35626778
0.00899441
2.25889587
-0.18888004
0.38606605
1.25102282
2.09392500
-0.84063101
1.11563528
0.07255466
0.42402491
0.89498055
-0.62213027
-0.24372371
0.76196808
1.13893437
-0.16253358
0.82273400
-0.22594635
-2.24915385
-0.15320729
1.56967568
0.28035524
-0.38083872
0.12738535
-0.23315826
0.77175033
0.17057468
-0.09979343
-0.37850985
0.24882840
0.33076096
-0.08528426
1.11803377
-0.10308758
0.16860366
0.88412905
2.11668110
0.18361863
0.57893705
-0.05128458
0.33865157
0.54780680
-0.06774658
0.29481313
0.00216721
0.06048013
0.22119598
-0.00164866
-0.03676003
-0.28007486
0.53581506
0.87251693
0.14630152
0.47761086
-0.09514300
0.08899358
0.19759451
-0.05508476
-0.29809371
-0.45675501
0.12773740
-0.02351031
0.21142130
-0.25692314
-0.08674058
0.53875470
0.02751328
-0.37812433
0.24082598
0.94924128
1.21790838
-0.15175743
0.19679929
-0.95331210
-0.05553095
-0.30496785
3.25113034
-0.59934324
0.70511645
-0.25764492
0.51565897
0.86270308
0.39695278
-0.33349448
1.14395130
0.64589137
1.78881872
0.30026510
0.10906143
0.35778221
-1.46397269
0.51273924
0.16153742
0.06776008
0.25795025
0.19216542
-0.22664845
-0.11280861
0.04105498
1.07283533
-0.18327379
-0.43897906
0.78685886
0.23319601
0.62998986
0.66749924
0.11550499
0.14013322
-2.98189926
1.46139967
-0.35468185
0.40776315
0.43988729
0.26736698
-0.17459235
0.05037038
1.01281905
-0.84328693
-1.28307152
-0.31876510
0.59197176
-1.07711661
1.97567225
-11.76958179
-1.39432192
0.37998736
-0.80146950
-4.08233595
0.27661374
-0.34086049
-0.23259918
-0.65591592
0.52443045
0.99012953
0.19400023
-0.17123868
0.16504338
-2.12980986
0.31774271
0.56367338
-0.31266472
-4.71256447
0.36222312
-0.73038858
-0.21340753
0.21468775
0.36219376
-0.01426558
0.01801659
0.52094167
4.57608366
-0.08705696
0.68512011
-6.23549747
0.60328871
0.00439304
0.16398700
1.89658344
2.23263478
-0.08352868
-0.00616765
0.06237451
0.21015780
0.03649681
-0.15503353
1.92374682
-0.50204831
-0.51152223
-1.04030061
-2.15937328
0.04373558
2.15710258
0.22098021
-0.19494629
0.25351450
0.71908110
0.29481626
-0.63113755
0.02569905
0.14034310
1.17470264
-0.16302355
0.56344688
0.73088968
0.05214358
-0.33726645
-0.89465535
-2.09901667
-0.40198907
-0.20900670
-0.17712253
0.37857172
0.03325143
0.05412313
0.00930670
0.04147493
-1.68565893
1.14085317
1.00455225
-0.92949396
-0.39437941
0.55252993
0.07920934
1.09667516
0.04161555
0.30601734
-0.39633709
-0.14733379
0.44965506
-0.60186511
0.11985935
0.62015301
0.06791440
-0.48273653
-0.28874913
0.42662147
0.11757755
-0.38395634
-0.47121119
-1.13755226
0.19699430
0.43156186
-0.34164852
0.15843436
0.42005539
-0.06607357
-0.35660622
0.17532219
0.01137191
-2.01422572
1.52047908
-0.50502419
0.21518400
-0.90865278
0.11522016
0.07528765
0.39158082
0.17561215
-0.16489680
-0.03150374
0.66045070
0.11602736
1.11576867
0.18424128
0.11217779
-0.14500171
0.58410782
-0.08123291
0.38221338
-0.37760261
0.10713518
-1.59771132
0.48033288
0.23173966
0.08132011
0.62629062
0.99949747
0.04589018
0.45721728
-0.37259853
1.10929811
-0.33863887
-0.44290495
1.11353278
0.10988630
0.97692752
0.85543680
-0.35451752
0.53852350
0.56706506
1.91290963
1.00382209
-0.24895439
-1.76314735
-1.16331565
0.86362004
-0.89697915
-0.03830203
-0.05382218
-0.38257134
-0.12174431
0.71397507
1.08260870
-0.46698028
0.09737880
0.11687111
-0.16419807
0.52194589
-0.78456700
-0.44837776
-0.10456225
0.55611968
0.03217350
0.09143861
0.40580332
-0.12125152
-0.02256397
0.64739424
1.20383191
0.04664606
-0.11938405
-0.17207772
1.53973055
0.07842813
0.01406023
0.50231761
-4.16395092
0.10530362
0.17198679
0.48392925
0.11225198
-0.44536832
0.53166044
0.23323499
0.12602875
0.59248668
-0.13591252
-0.07956743
1.23374534
0.16444854
0.53215873
0.20853032
0.09389671
-0.07824480
0.17420787
-3.08511996
-0.28351873
0.21285924
-0.08261345
-0.31596211
-0.23023033
-0.66539192
-0.35039344
-0.07061210
0.31687337
-0.55620277
0.34531772
-0.09084497
-0.32571861
-0.51795280
0.85067022
-0.04028832
-2.46792126
0.72398555
0.26180640
0.47085309
-0.37481028
-0.50953400
0.87168688
0.33889043
0.81051421
0.13567105
0.62954205
-0.02714101
0.39060670
-2.80451751
0.28067532
-0.58296448
-0.09916735
0.52885646
-0.38773638
3.13546228
0.05749989
-2.29695129
4.71495867
0.51163679
0.23181437
0.13821478
-0.01348058
0.53457469
-0.73749083
1.02973676
0.66826588
1.93400192
1.06167650
0.74354154
0.18399540
-0.76682270
0.30830616
0.39999524
-0.96944928
-0.01236029
-0.38138691
-0.03708997
0.02301667
2.67101693
1.19454551
-0.97311252
0.78085059
0.33728972
0.40683717
0.37484410
1.31773770
-0.90053737
-0.90423411
-0.14291792
1.01446581
1.22971869
0.81161141
-0.03671013
2.24685574
-0.14352688
-0.05621434
-0.74246347
-0.14192252
1.48561120
2.22251940
-0.16761215
-0.71828878
-0.30027497
1.68194175
2.33313227
0.18970215
0.15508366
-0.18584210
-0.16418999
0.41200367
-2.93732738
-0.43817240
0.58954424
-0.85597551
-0.83728534
1.98671973
4.51880884
-0.70805407
0.21685831
-0.30939445
-1.02994299
0.34466165
0.83568501
-1.10208118
-2.02932167
0.12793775
0.44683075
2.61758447
0.01410300
-0.61809635
1.32154703
0.05069519
1.07774734
2.35568237
5.74589682
-1.14496803
0.14754894
-0.13971785
1.25772595
0.53483725
-0.85670525
1.01453531
-0.04392521
0.29727206
3.15005231
3.03450894
0.15040125
0.71329117
1.04520941
-0.44338128
-0.13041805
0.31255361
0.60608423
-3.48866963
1.89660609
0.37947699
-0.36596933
0.30912873
-3.14240575
3.17832589
0.45833161
-3.23299718
-0.09734741
-1.19375038
0.17265885
-1.39124930
0.06815650
2.12137651
0.69895226
2.10756779
-0.04343094
0.07554444
-0.27588132
0.85402691
-0.34875110
0.21139674
-0.36371031
1.35859418
0.25296038
-0.91622156
-0.34921438
1.15741944
-0.80443132
-0.11792999
0.95752221
1.67430162
-0.65218377
2.89055037
1.26583993
1.19216871
0.30824289
0.07095298
2.00123525
0.05850463
0.06339823
5.67255974
-0.40933317
1.61242497
0.51402837
0.56305814
-2.56627750
-0.94473141
2.81413269
3.84997153
0.29071242
4.52062273
0.38712239
2.56001616
-0.25049585
-0.29907206
0.77843183
0.43633208
0.34527570
1.24745965
-13.57722569
-0.00323851
0.89301783
0.01646782
-0.43557078
-0.58036077
2.74745703
1.13673460
0.31388214
1.01826024
-0.27208579
-0.16540535
4.36704826
-0.57408172
1.44173777
-0.09407602
-0.47528401
-0.41941598
-1.02571774
5.55458736
1.37867391
0.62657905
-1.39805436
-1.36071885
-0.31642729
-0.35339689
1.44152689
0.03604323
0.30445048
0.21400510
1.16423178
0.94799125
0.95042938
-0.02674546
0.50006545
0.94002575
0.17687865
-0.29891321
0.89860404
0.02918471
1.56500745
1.56510472
-1.84102225
-0.44099268
-2.12595844
-0.31421375
-0.06364374
2.17110252
-0.15707031
-0.00670100
1.77602339
2.94036055
0.74413681
-0.01022637
-0.81980294
-0.73943621
-0.40461138
0.02008700
0.01164935
-0.31050780
-0.66665345
0.27726427
0.64588237
0.19978292
-0.15496552
-0.50968075
0.92956978
-1.23609996
-0.22818665
-0.60461819
0.31357837
0.95676768
-0.16841902
-0.74873960
-1.06097889
-1.97549689
0.52425516
0.13485293
3.74870920
0.45659366
-0.49337384
-3.27732539
2.33197498
2.16058660
-3.71794748
-0.70173687
0.41067839
-0.39362758
-1.36983562
1.10314953
-0.35774899
0.26301348
0.56371015
0.94253784
-0.35852432
0.47140124
-0.30508298
8.20204544
2.15112519
1.85134482
-0.70147765
-0.92791545
2.66454577
1.36550975
-0.29513741
1.63224638
5.45505667
0.20706272
-0.91971391
0.98733336
2.32712817
1.86450791
0.73010999
0.46325502
1.42531931
-0.86262190
0.91328883
-0.88605601
-0.23062523
0.96814567
2.30265760
1.04708612
0.10581533
0.01208630
-0.40255693
0.72923535
-0.11204726
0.15231265
1.77366710
0.45322552
0.19381307
-0.07363971
1.33055151
2.53581023
-1.10154498
-0.79444540
1.08926094
1.22049391
4.16387653
-0.03514246
-0.27342537
-0.34416473
-2.85891843
1.08855605
-0.18523791
0.50998908
-0.38859087
2.86844778
0.03429122
-0.06716669
2.95407152
0.04450087
-1.40929747
-0.32758611
1.74606740
0.43191987
0.11735372
-0.61624384
2.57579112
-0.08309412
3.58281946
-0.38009694
-4.86912441
1.97364354
0.53609359
1.46931624
0.06151233
-1.70386350
4.45895481
-0.47284529
1.56882751
0.39038694
1.88585269
-1.08024406
0.16272338
-0.03144775
0.55395144
0.60135627
-0.82449162
-0.35429448
1.81745934
1.28363264
0.04505457
-0.73916942
-0.11366349
0.30595678
1.53851950
-0.07899167
0.18952715
-4.27591944
0.04347217
2.44934559
0.45314389
0.44283855
0.37851372
-0.13432497
0.35133454
1.14113402
0.50817579
0.61220551
-0.37310201
0.38262770
1.32343352
-0.56307828
1.51256704
-0.32904464
-1.05505228
-0.15232968
-0.34713423
2.61388779
-0.44128594
-1.52465093
-0.01592294
1.27945447
-0.50006318
-0.58884156
1.13926423
1.31780195
-0.25851789
-1.14460194
1.85876215
2.31349516
0.34557262
-0.10733590
-4.13999748
-0.16660187
-0.24511395
-0.79150862
-0.80252302
1.84876072
-0.78486001
2.01041770
1.98607445
1.99051106
1.99340618
2.87487888
0.60818177
1.25957584
0.43099868
0.42805818
1.17940986
3.74545550
-0.94985449
0.71354228
1.34552062
0.18649156
2.40943336
-0.35708946
-1.18614638
-0.74858683
0.79212070
0.10772012
1.87243187
2.10505366
0.75173390
0.66289282
1.57179809
0.56765723
-0.64520425
-0.08045287
-1.10460532
-0.06325463
0.34791505
0.26112700
-0.50657463
-0.40902206
0.66745335
4.01841354
0.08487656
0.11840545
1.58450413
-0.19674715
0.51048130
0.30637059
-0.22896445
-1.50073183
-2.78743458
-0.89760387
-0.69215393
-0.09004659
0.05812858
-0.92036903
4.03249121
-1.47898757
0.34603453
0.98254383
0.60275263
-0.25001559
0.14570402
0.15875106
0.15236808
-1.90351117
1.40762973
-0.40414426
-0.34983435
-0.65551007
0.46400723
0.31265742
4.27769661
0.24043967
-0.17886342
0.05280757
0.33268505
1.58341789
-2.80439758
-0.23831539
0.54621619
0.21922480
-0.13315406
4.45982885
-0.26053238
-0.09035782
0.04650915
0.41426238
0.83385140
-0.32221878
6.72346306
-0.17920028
-0.21700871
-1.79643250
1.02207327
0.17720433
9.30894947
0.90450847
0.13412966
-0.17498507
-1.23970413
0.73346758
-0.81488091
0.03457791
0.17741172
-1.44043052
1.61035478
-0.04268700
1.59107566
-0.15155149
2.78682184
-1.12990546
-5.82123184
1.83251953
-0.10299966
0.89663935
2.42608976
0.71714449
0.13714693
-0.05281923
0.33551249
-0.28600755
1.91797185
2.00101185
0.05048423
0.05691157
-0.38970262
1.39029050
1.49564672
-0.03754981
1.15062475
-0.54691577
-0.31141859
1.14561391
-0.79251212
-0.21488814
1.10769641
-0.54600388
1.22865319
-0.34768018
2.41181469
1.77161169
-0.89155143
-0.84966195
-1.24263632
0.93105686
-0.42908710
-0.21314614
0.56180012
0.53307909
-0.08245900
-0.20083782
1.08193254
0.03273568
-2.49906087
0.64426011
-0.61368555
1.38366890
2.72253275
0.48412529
0.11429278
0.86101824
1.91293824
-1.70779955
-0.18620016
3.83796668
0.30494663
0.27291313
-1.62748444
1.52444243
-0.37695029
-0.16053474
0.03340323
-0.06091823
-0.28210700
1.43421316
-0.94479728
2.09948254
1.57950950
1.55204630
1.51509678
3.06857157
0.15846442
-0.43570650
-2.00499630
-0.49789894
-0.42406270
-2.78318405
1.49991620
0.21562597
0.72147477
-0.06715051
-0.60275537
1.80273330
-2.87694836
-0.17357442
1.15057695
0.11734875
2.93610978
-1.33705080
3.47913480
-3.36156917
0.25642571
-0.29315662
-1.77341342
-2.86319351
-0.09528542
10.10667706
-0.15316489
0.58777744
0.08499312
-0.21781573
0.59023106
2.34962440
-0.87412792
-0.06320094
0.93953538
1.17092395
0.23132175
0.65051603
-0.08612470
-0.10439217
-0.05168476
3.83094931
0.01041138
-0.35687715
-0.98578298
2.55798483
0.64810973
-0.09809483
1.77364135
-1.26455486
1.09533393
0.71843731
-1.11845827
-0.23259196
-1.38917458
0.24005188
1.01366127
0.25897342
0.08178899
0.25324690
0.35628101
1.72073400
1.22247541
1.56304824
0.05261699
0.62470192
0.77433324
0.35028848
7.61060619
2.14141679
0.30967620
0.19349003
0.23105599
-0.46978620
-0.18346672
-0.52373952
-0.06469866
0.43156424
8.49280548
0.52743351
-0.26165718
0.29579833
-0.56288320
2.13574791
0.07495965
-0.18095079
0.95171034
-0.70189893
1.57404792
-2.45087409
0.08222865
2.43349051
0.68253195
-0.33602816
-0.14721917
0.39214003
0.21196578
2.17520237
0.66074240
1.93118787
-1.27912474
0.01580187
2.75588989
-0.60462469
4.75005150
0.24360327
-0.49792367
-0.26373255
1.51041985
0.60315007
0.16415986
0.08593962
-0.13530394
-0.69900417
0.18058518
0.67160988
0.58581370
0.51350743
0.19544868
0.23811257
1.18607843
0.82403874
0.40627113
1.65208197
0.04315332
-0.28198496
0.37426227
0.73149967
0.38625622
-0.00526486
0.39067650
0.20207416
0.14103672
-0.28853956
0.19192713
0.60683233
-1.96194482
-0.97744340
-0.30444002
0.15090805
0.59475493
-0.10828291
1.13287282
0.78818047
0.24899833
-0.00031433
-0.45879373
-0.09031171
0.63734990
0.69062889
0.07661527
0.07431568
0.65496641
0.82764828
0.88771498
0.13630974
0.37137040
0.21574660
-0.50740939
0.24950495
-0.07459126
0.06080516
0.22380160
-0.56327474
-0.62016523
0.75118667
2.59659410
-0.58480650
1.20878100
0.28405002
-1.03369248
0.21150167
0.09167956
-0.40347081
-1.75978851
-0.03791558
0.34282529
1.23142362
-2.40140986
-0.38546863
0.27734050
-0.12266532
-0.00574342
0.34019461
0.16699068
-0.83612949
0.14346631
-0.94733429
0.98316652
0.78471988
-0.69834477
0.30491644
-0.01188954
0.07662971
-3.22230864
0.95166272
-0.05906240
0.29102197
0.51219106
-0.32486737
0.13678528
0.79236811
-3.92772698
1.17936265
0.37042543
0.49350455
0.45564973
0.02771014
0.42560741
0.39438179
-0.06681678
0.97299993
-0.42364857
2.79152942
-0.12866199
-0.55304825
-0.01185937
0.80615133
0.08591328
-0.55415517
-0.20695606
0.07768002
-0.05890685
0.33017099
0.24548687
-0.01601955
-0.20265782
0.48739630
0.09244855
-0.17698799
-0.18030387
0.02287593
-0.16605917
0.27364266
-0.03169130
1.36892796
-0.59718543
0.72562593
0.88977182
0.69009376
0.10879134
1.26597357
-0.50443858
0.10274096
-0.41300479
1.63253307
-0.01789759
0.90287089
0.17284994
-0.74763381
-0.60007703
-0.24325079
1.12010765
0.05981828
0.12163034
1.04298353
0.08515431
0.67909503
-0.47008604
-0.22137854
0.07675809
0.04975703
0.18116830
1.22016454
-2.86753130
-0.05908116
-1.19804990
-0.02013026
-0.44784409
-0.35879833
1.65147519
0.58819824
0.11920328
1.80538690
-0.09670797
-0.40539664
-0.05410102
-0.67467779
1.04494286
0.15739292
0.26719487
-0.14710489
-0.73731834
1.23389816
0.83161962
0.20414552
-0.39920396
2.95589209
0.04559478
-0.45260197
0.43682808
-0.05877431
0.06116806
0.00176998
0.44884503
0.80900764
0.22738020
0.13965766
0.52828556
0.36176923
-0.08185046
-0.72884983
-0.15772358
0.07242846
-0.88185602
0.90627438
3.62998891
2.16021419
-1.58214247
0.35185474
0.08206776
0.74911630
-0.24395989
-0.03761271
0.80411732
-0.05006052
-0.05080750
-0.08920272
2.05013871
-2.14518905
-0.62435335
-0.13690774
-0.05845080
0.02787283
0.00014140
0.19322690
0.27986774
-0.48898453
-0.40368205
-0.36196741
-0.21223412
-4.42782927
0.07711751
-0.41021159
0.30675429
0.73119527
0.19730602
-0.37664858
-0.66180909
-0.30313593
0.85423964
-0.00109713
-1.43301916
-4.77416849
0.22256610
-1.48963881
-0.18384530
0.99793547
-1.09470773
-0.25989273
0.49209878
-0.11579902
1.24776447
0.47251582
-0.75170714
-0.02536149
0.25417340
0.63900954
-2.97842503
-0.15187247
-0.20669059
-1.58184075
1.06617045
0.11497480
-0.51830894
1.60279191
1.29777634
0.11478627
-0.21536593
0.24675365
0.92568827
0.44806996
-0.24871126
0.51566583
1.08390391
-0.75570226
-0.17334758
0.01499607
0.48228419
-0.27969503
0.45523873
-0.43922848
-0.04333595
0.09759635
1.27221715
0.07788123
0.03301078
0.81245202
-0.02085060
0.66215008
-0.40551069
0.07669216
0.66181839
0.03689822
-0.07471905
0.09805609
0.64085257
0.80114633
-0.76058650
1.21115422
-3.28197718
-0.38046259
-0.42591411
-0.05096804
0.14802209
0.68625814
2.10162544
0.58045286
-0.28962517
0.26819754
-0.33277938
1.24616647
-0.48638707
-0.01998588
0.40127146
0.00195725
-1.23065948
-0.12134708
0.94314951
1.12609506
-3.16179228
-0.74664545
1.06567609
0.07994936
1.25518227
1.00804126
-0.68003720
0.75487924
1.04292238
1.13872576
-0.16342725
0.99864376
-0.72434372
1.33612204
0.20774908
-2.81853008
0.33090511
-0.27117261
0.18071535
-0.14865962
0.60433286
0.25829232
-0.14246188
0.54562318
0.30994070
0.29339197
-0.04192791
-0.59864658
-0.04941464
-0.08094414
0.55902219
-2.15217113
0.24286655
0.65948737
-0.02507641
0.10290450
0.44573769
-0.06230056
-0.09417252
0.01707186
0.13453075
0.19565399
0.03721359
-0.12027688
-0.26982731
0.60225159
0.77360463
0.16434161
0.29697931
-0.11484529
0.17990948
-0.30670530
-0.13497734
0.80957687
-0.45090809
0.32466644
-0.02803308
0.15069383
-0.25473917
-0.07898862
-0.57379359
0.02339252
-0.36268795
0.03475340
0.86687499
1.03981066
-0.14310044
-0.07923315
-1.11498260
-0.08672657
-0.27723533
-3.96762872
-0.58824754
1.11036158
-0.29782826
0.47564617
0.83838707
0.01941558
-0.03719882
1.11789167
0.58305806
-3.58213305
0.37546617
0.09469559
0.17934047
-0.33135968
0.62541705
0.18426184
0.04343992
-0.17758831
0.14468119
-0.23984243
1.51681042
0.21667401
0.98995060
0.27247000
0.30307114
0.68500698
0.31638566
1.11702728
0.13725726
-0.08670119
0.12451192
3.02016139
-0.75623059
-0.01713636
0.38261774
0.52385420
0.29424343
0.09932819
-1.33937192
0.85701489
-0.57104260
0.38364980
-0.14524361
-0.31458378
0.94100833
-2.71388292
10.96710682
-1.11652756
0.05175202
1.21569884
3.77653456
-0.16265379
0.26445341
0.38566715
-0.73395580
0.24475372
1.16023386
0.29881942
-0.38922054
0.07533316
-0.10453272
0.21624942
0.58334410
-0.16904853
2.63200140
-0.68708253
-0.79032540
-0.23939033
0.24704944
0.12210484
-0.22477894
0.02358802
-0.26973495
-4.95603848
-0.13922967
0.54483771
-5.91090345
0.50597197
1.51036835
0.09483397
-1.86738110
2.31047392
-0.14807793
-0.04766345
0.07031187
0.15027562
0.27489963
-0.10903864
2.05567408
-0.56292653
-0.70959866
-1.08761883
1.30283129
0.03019565
1.38040173
0.11315723
1.53985107
-0.06727436
0.53648573
0.19898613
-0.52124709
0.10007115
0.12968023
1.13199830
-0.10231039
0.77623492
0.80432558
0.03904071
0.50490946
-0.72904783
-1.59653473
-0.73200405
0.25591844
-0.03005500
0.56432486
0.01626148
0.02240850
-0.00350358
0.03386454
1.32142866
-3.72585368
0.71209365
1.00605941
-0.35076150
-0.38777551
-0.06843278
0.95475429
-0.06450711
0.27661917
-0.32476646
-0.24316438
0.56599325
-0.51694012
0.21099925
0.58404768
0.09163295
0.69383842
-0.44808105
0.37708378
-0.57191527
-0.37425250
-0.40091288
-1.21300304
0.17136508
0.51608092
0.38964182
0.14891496
-0.18456067
0.26968017
0.79542083
0.22843307
0.04271970
-1.95687747
1.28800821
-0.43185589
0.51517546
-0.89654326
0.17532112
0.10383179
0.42919230
0.28883392
-0.00409927
-0.02292345
0.64897197
0.28491828
-0.40445825
0.07400890
-0.06713152
-0.14288594
0.72759980
-0.07028692
-0.26172346
0.28696916
0.47453836
2.69473481
0.55435205
0.25807297
0.06150176
0.53380615
0.94883561
0.13908187
-0.11219428
-0.51513159
-0.20775239
0.77014059
-0.57452160
0.87168533
0.11649912
0.86679465
-0.52553368
-0.28999054
0.44795981
0.13876581
-0.10280269
0.82668740
-0.08856159
-1.32607782
-1.51560926
0.57305014
-0.90279090
-0.03781737
0.04212785
-0.98779815
-0.26882604
0.55703539
1.10142326
0.32141113
0.10758194
0.09788252
-0.24364871
0.46773565
-0.90113628
-0.31520873
-0.11818749
0.54804575
0.19607131
0.00724064
0.72883296
-0.11812273
-0.21272653
-0.29850823
0.80052555
0.21531940
0.08624902
-0.13661924
1.62106347
0.12158772
0.00287751
0.10356402
-4.60831165
0.01116334
0.16770427
0.40478560
0.12314948
-0.14227217
0.47603574
0.19163381
0.17935139
0.56184667
-0.09865031
-0.06426135
0.98010355
-0.09799679
0.43368527
0.12475289
0.13980885
-0.13412993
0.16221604
-3.05725241
-0.14432175
0.14859144
-0.15265465
0.82986367
-0.25244021
-0.28489622
-0.37986264
0.03062572
0.21778744
-1.07701766
0.32815897
-0.15535009
-0.38200614
-0.49984959
0.50567818
-0.00318894
1.09315062
0.46046591
-0.36043301
0.57825571
-0.33996522
0.63656056
-0.79908192
0.34136561
-0.39629176
0.14939085
0.65691853
-0.04602635
-0.24806155
5.62071896
0.55470312
-0.68423384
-0.07293032
0.69615281
-0.38984761
3.51527333
0.07048718
-2.64234138
-2.70842624
0.64899415
0.10054985
0.17314735
-0.05352154
0.45070153
-1.13952482
-0.24435718
0.66893363
0.19379732
0.70416886
-0.24279377
0.29710758
0.66945553
0.74860972
-0.45556289
-4.92549372
0.04293085
-0.32893839
-0.49635556
1.18722105
1.29928470
0.55904001
1.36128402
-0.37986305
0.17358114
-0.24436507
0.27927506
2.00127864
5.30156469
1.32851148
0.10379451
-0.21158034
0.91499925
1.29268932
-0.06295153
2.14389396
0.13061941
0.04835575
-0.76948518
1.34704578
1.82586062
-0.96574622
0.08799841
0.48570359
-1.25663614
1.49981427
0.70733434
0.28292724
-0.46809995
-0.11533904
4.75632572
0.54558122
1.00150573
-0.35188377
1.73223150
0.76396048
0.70236617
-0.59202594
4.50495768
-0.78735662
0.88817322
1.53342450
-1.81380010
0.22971652
0.67922920
1.83511817
-2.85193944
0.10418131
0.66734767
-0.48005065
-2.26353788
-0.83092320
0.74758941
0.53765440
1.02282190
1.68641710
-2.84459376
-0.36243811
0.18479082
-1.34767854
1.90796626
1.14756119
-0.45705935
-0.18630894
0.01945696
0.25369182
-3.34560919
0.08426416
0.04559629
0.66889358
0.75177324
-0.35417569
-0.25188160
1.28118575
1.24618638
1.12665057
2.28103662
-4.29683161
0.24530669
0.00986558
-1.28527474
1.52888107
0.13974163
1.98408902
3.78658605
-8.16740894
-0.06548282
-0.49800655
0.04836635
0.50819302
-0.02913302
2.25212669
0.30987149
0.14660531
0.72973931
0.24146400
-0.41562819
0.05648956
0.05071923
1.30385900
0.20480572
0.18468757
1.99078524
0.97140014
-0.06614770
-0.76536983
1.87433720
1.85764170
0.69966215
0.37795743
1.00033009
0.99607617
0.26369056
-4.18512726
1.21696901
-0.29201543
0.54521799
-0.66201973
-0.31761914
1.06605470
0.40317813
-1.05081773
0.70878309
-1.20001662
2.91463733
4.05134392
0.34981865
1.35941660
-0.03328956
1.13729382
-0.84258741
0.93335366
-8.31604099
-0.14688976
0.34939834
1.41430485
3.86977386
0.04875129
6.20063877
0.03392149
0.86029983
-0.03152410
-0.12246408
1.50345159
0.33059520
-5.11885881
-0.00520140
-0.17513548
-4.81105804
0.00210640
1.27034581
-0.17042926
1.14864087
0.25518078
-0.90460581
-0.11996569
1.59078956
0.56336403
-0.22548884
1.44313157
-0.31253439
-0.39839271
0.95496976
0.06784709
1.85558772
0.20417753
1.36732662
0.77244073
2.45130873
0.16529679
1.04309022
-0.33740559
-0.14870127
1.11773121
-0.02399455
0.05677579
1.10963559
0.95920700
-4.07221937
-3.64905047
0.89995831
-0.44419324
0.23157269
2.58349133
-0.20760429
0.01290059
-0.03283319
3.10799670
-2.09233832
-0.02687886
-15.02523232
3.10670400
1.30600274
-1.71702194
0.02920912
1.95267737
-1.71343625
0.31123382
0.17384531
0.44536412
-1.50110412
-0.57122856
1.18549585
8.98181820
-0.24460238
-0.46333385
0.11822074
1.48663628
-0.47490647
-0.15611303
-0.83695239
0.33524629
1.13269174
0.13740416
1.18806887
0.83727795
2.67069530
-2.85382175
0.85867500
0.17384094
-3.34779668
0.43794477
0.23567130
1.34280372
-2.92646933
1.41841185
-1.50072086
0.13936317
-0.10587022
0.55339283
6.65537500
0.59672767
-0.00762400
-3.09051967
-7.44285870
0.31183425
-0.62302351
-0.33178777
-1.70769382
1.00345814
0.26477134
2.10234880
2.31330061
-0.41800529
-0.41995484
-0.34461400
-0.18158746
-4.86208153
0.38743556
0.26467031
0.76686347
-0.85270697
0.56321830
-0.43649799
-0.02247523
-0.11421721
0.49771157
0.74325657
0.10882188
-0.61924720
0.16978498
0.89835560
-0.03126999
0.12113653
2.69107366
0.51664883
0.20423853
-0.32913485
0.86982250
0.88747281
-1.33537519
-2.34109282
0.06272799
-3.38151050
2.55777264
-0.01679883
0.80509645
2.03044629
-1.70676064
0.44075134
3.10545635
0.10434875
-0.25146976
0.11566998
2.04971910
-0.13166629
-0.19280086
0.03872588
4.98573732
-0.93034697
1.32860649
1.29510510
4.96037054
-1.01667488
-0.13915969
0.10380831
2.79519701
1.63735282
1.08525264
1.98686540
1.70968580
1.07494235
-0.55896086
2.14431405
3.57958341
-3.68392706
1.21398818
4.00204706
-0.26286334
0.06665599
0.14791109
-0.18199563
1.23661125
0.67903912
0.37607998
-0.03261954
-0.24833514
-0.07866453
0.14638865
2.16132784
-0.09003580
-0.19872101
0.97513705
4.72492456
0.17271689
2.24644446
0.00520623
0.57239842
0.73757410
0.61535770
0.24077392
-0.20161471
0.41754937
0.17998563
0.05664419
-0.26309723
-0.37974161
1.41493177
0.22428745
0.62006146
1.20951009
-0.21146497
-0.02589910
0.70148283
-0.40077904
0.67752254
-0.54448456
1.62168443
0.04018243
0.68301135
-0.42475933
0.59569222
1.61039090
-0.14285631
-0.55096883
-1.93443811
1.51855481
2.16958141
0.36817119
0.96124023
-0.26529247
-0.34953457
-0.29339686
-0.10277151
-0.63807470
2.94115067
-1.04323077
0.14990737
0.06133324
1.54642344
2.08805490
0.97791010
0.71721166
5.21596718
0.59839475
0.34900728
1.40637600
3.80033517
0.77578461
0.23431996
0.33199677
-0.79595596
-0.34762707
-0.30863887
0.11586202
0.44783545
-2.23704386
-0.39629605
2.04385948
0.63435841
0.85336834
2.87647676
0.56213677
2.75614119
0.74021184
8.59095573
4.50981760
-0.42603016
0.61381733
0.56717163
1.78896153
0.94401020
5.21217585
-0.09515841
-0.23800680
-4.97160482
1.99900055
0.72243196
-6.50196886
5.14962673
2.30697179
-3.46149540
-4.82963753
-4.10796881
-6.92083311
0.88261557
-0.35266018
3.17684865
3.00852966
1.16467917
1.44628561
-2.84831262
-0.08698690
0.03971109
-3.27287865
0.41828421
1.31583285
-1.28841710
-8.45027065
0.53369141
-1.03953350
0.11413565
0.38343912
2.04302573
2.30508971
-0.04203443
1.27978730
-0.28623474
-0.26542935
-0.40406758
-0.51389146
0.73716170
-0.52618128
0.27993286
-0.81344068
0.09625626
0.26356947
-0.75830382
-0.01548896
2.02191138
0.59507579
-0.03716987
-0.19358170
0.36752388
-0.07327872
0.66910416
-3.47600770
0.00896086
0.73608786
0.64770740
-0.61278570
0.56504989
2.25600028
0.21872124
-0.44140124
0.71489519
0.18514305
2.59928799
-0.21967968
2.57853365
0.66166037
0.44867694
1.01521146
-1.02493787
4.76614714
-0.34540835
-0.43285108
0.61073673
2.09657407
0.72773904
0.19763209
-0.30522713
0.25943300
-6.39473343
5.02528381
1.42678785
-0.05863333
0.16777514
0.99421877
0.72122419
1.44701314
-0.44946304
0.10125846
0.39249960
0.49787942
1.68287957
-0.06726148
0.45965135
0.04999584
0.21581811
1.31536698
-0.01258475
-0.16794185
1.12992597
0.01135073
-1.33183408
4.74042225
0.26201653
0.08186623
-0.74232072
-0.13899577
0.86858928
-0.08811703
-0.49446028
-0.03123558
0.05226234
-1.88382661
2.02777719
-0.54832292
1.06563008
2.82825446
0.35277790
0.27583206
0.58650988
-0.88520265
-1.34908915
-0.09040628
-0.16854273
-0.18771681
0.51291025
-1.03797483
0.54244387
-0.08270074
1.51184928
0.15047346
0.40930429
-0.16544333
1.01415420
-6.10562468
-0.65033942
1.58257210
0.25971338
-0.29063037
0.19635923
0.11201803
1.26851463
-2.22963023
5.43363380
-0.91867030
-1.96851301
1.83629656
0.40486115
1.49267972
0.89961261
0.56618160
0.38177362
1.16853595
1.82634795
1.46280694
0.99682319
3.21233320
1.39211261
-1.53682137
-1.21189654
0.23477973
0.80768543
5.78993177
0.43388024
-0.32504541
-1.47439635
-0.89529973
-0.28232303
0.56686139
0.41244030
0.69747901
0.47389701
-1.09355807
-0.18844856
0.73966944
0.84882444
0.14813472
1.21537244
-0.13519342
-0.23303594
4.17100668
-1.38958180
0.03348671
-1.88852489
1.15251446
1.70126128
0.81977564
-0.31470665
-3.03761768
-0.99238664
1.19543278
0.32345417
-1.34080565
1.10088527
1.67361248
0.71837115
0.14605202
-0.23497988
0.26883316
-0.19897088
0.24584933
1.74411738
0.95953292
-0.25601688
0.58409238
0.84973073
0.15881345
0.69630992
-1.60795379
2.94454312
0.66689473
0.21301971
-0.26987571
-0.57114309
0.07535793
-0.44904849
-0.31373668
1.04182208
1.05896401
0.42722136
1.02779651
0.59947789
-0.44113463
1.44602990
-0.00070687
-4.67022181
1.09074879
1.14048564
0.57996434
-1.54747438
-0.59620827
7.81380510
0.43253446
1.15288413
-0.16939075
1.06016874
1.14653206
2.60083628
-2.26837897
2.80740452
0.22300941
-0.00165050
2.02875924
-0.28023189
-2.04693580
0.46593136
1.48115742
9.23425007
1.13082647
0.15187271
0.21844280
0.05564085
1.06639028
0.71017373
-0.31915352
8.43800831
3.90508270
1.81321669
-0.57284206
-0.93295002
-1.82060301
3.28647089
-0.74118507
-1.86896420
1.01697886
-0.07464796
-0.05543419
-0.19065312
3.02080154
3.32214093
-3.46892977
0.08921089
1.13864136
1.24255729
0.49366179
7.71950865
-1.99222183
7.13305855
-2.83979321
-1.07348275
2.10110927
0.31221589
-0.02220628
7.43910170
5.76170874
1.60236406
-0.32888535
-0.24014647
2.24638486
6.23376274
-0.41196677
-0.82243699
-1.43202317
2.66428471
-1.00288641
-1.23586476
0.03653061
-0.48416486
-2.57485986
0.88731378
5.76592207
-0.71037215
-2.74152732
3.97239089
-0.45348671
-1.54874361
-0.61704999
-0.52524358
1.91719234
-0.67018849
-2.68697286
2.01545167
5.68942261
-1.62646723
4.44748020
0.53716141
-0.33969188
-0.19322541
2.17256355
-0.78397483
1.48941827
0.17787203
1.74012399
-8.81883526
-2.75544429
-1.02264357
1.33948970
7.19281244
0.71635407
3.94799829
-0.15730630
0.19074057
1.07165921
0.92237371
3.65010905
0.04830746
1.18431795
4.21550035
2.54035854
-0.21379986
-0.21639742
-0.43638459
6.03387833
5.04494667
5.85374022
4.20878553
-0.16233541
1.79887414
8.14151478
-1.34878087
3.57903099
6.16030121
4.16158295
-9.96597099
2.01987553
-0.58747840
0.90645796
0.60067505
0.69560611
7.06833124
3.62356901
3.44035983
-0.77141160
3.97956443
0.66662556
0.93014753
-0.69891733
4.42979097
0.92879450
0.06592501
-0.38676101
4.70631647
-0.08891542
-0.00183935
3.97828722
-1.03163743
0.72575623
0.34814128
5.13233089
3.66987920
0.72436869
0.29418194
6.87984657
-0.38154054
0.52180982
-2.75996900
-0.03492837
-1.03045595
0.62056607
7.14332867
6.91024113
-2.67576718
4.84898090
4.45272732
1.03396845
-0.27387595
2.39003873
14.26671696
-0.17798848
-0.58529282
1.93196929
-0.31142759
2.07942891
5.18207550
11.69016743
0.67243141
-1.15278208
0.74779797
1.01878321
-0.55700541
0.25036472
5.98776293
2.29477406
2.18004537
0.27252790
-0.28066894
-0.94895262
0.97520161
2.84998155
-0.80148053
-0.05631614
1.31476915
-0.53448355
-0.17152537
5.42652845
3.15830779
2.78796744
2.28985453
-0.80292630
0.13959028
2.39296794
0.79327005
-0.10109019
1.41815543
5.17033482
3.59789324
5.83035946
1.23659670
1.92611992
0.12257498
3.56863832
-0.50464272
3.81395149
2.04877424
3.53580236
1.30599916
0.19711757
3.17462826
-6.33127308
-0.15162754
-0.48655164
-0.70584714
-0.23193535
0.63111025
-0.56206453
5.14366102
3.05728722
-1.13406551
5.03787851
0.23811708
-1.17502749
0.21465053
2.07498169
-1.02992821
-9.06220055
1.65070093
3.75960279
3.75372410
-0.96877491
-0.37317598
4.93624640
-2.92013741
-0.16548230
-0.24727698
1.91228521
3.89901233
-0.32784009
0.28980759
-11.66159725
1.93871391
5.75518036
1.43697274
1.38059366
0.04918507
1.41575325
11.23429394
-5.84577179
-1.12925351
-0.68402922
-1.07200539
2.35446095
0.16483524
-1.10491073
4.27888203
-3.01529145
1.31749439
2.78292060
-2.12777185
0.30262363
2.87450194
0.41695029
4.20147514
2.59306931
4.39290571
-0.82937133
-1.09258699
-4.68703318
3.31654739
-0.94644541
5.21043587
-3.25935674
-0.11463676
-1.38933861
0.76994771
-3.59878731
-12.70059490
-0.30168623
1.34469414
-0.78753668
0.24544315
5.32769966
-0.20661741
0.83576638
0.43509960
-4.55174875
2.98635244
0.46402809
-0.71097088
-1.01511049
2.23937368
-1.19891226
1.84359682
3.01274180
2.18702221
2.07854533
-0.43650553
2.85387778
-1.29113305
-1.07573366
-1.34482670
7.00519896
-0.83133453
-16.79568481
0.82992762
-1.33950233
2.17658281
3.17529964
-1.43901551
-0.60299504
-1.10756612
-0.35636866
-0.15032665
6.05897617
-2.32975221
-4.35121727
0.68269157
-3.02144599
-0.33374703
3.98407817
6.40682030
2.40317965
-0.10639036
1.69900239
1.16845667
8.59788990
4.66001415
3.22089529
3.66052938
5.29564190
-0.01941248
2.46347690
-4.38250494
3.82484722
-1.16832888
4.35905504
3.69682360
-2.84876251
-0.38032231
0.87862402
-2.23537588
4.79864359
0.95606732
-0.01240082
-1.48560834
-0.42685872
-0.50377774
0.81531566
0.22365928
0.01913819
-3.26644444
4.40259218
-1.14174139
-1.15861964
17.63421059
1.40973449
2.48239875
2.57905054
6.26953650
1.88269198
-0.30124363
3.44998813
-0.11655466
0.54495609
4.87827873
-0.42753834
3.54546285
1.64261425
-0.85257405
3.57892799
-0.26948389
-3.41271067
-0.25361410
-1.77493107
6.95995712
-0.19339928
-5.96769190
1.05645943
3.08362222
-0.20121354
-0.37409058
2.95341086
-1.17992783
-0.24251565
0.26867914
-0.56995708
1.65384865
1.76753485
-0.92365998
-1.68757868
-0.30605710
-0.15598074
-1.13018167
-0.46251443
7.04750109
-0.51379591
0.13994160
-1.06047404
5.24993515
5.25442457
0.08585440
2.77719831
0.01058482
1.44800854
0.81547987
3.44068670
10.40114021
1.77880466
1.13024008
3.11061668
0.40292442
1.32967758
-0.54225606
-2.30789781
-9.19516754
3.85917377
-2.79459333
5.64600134
2.86918759
3.92965508
8.26005936
4.60278320
-5.79532719
-0.75942343
-2.27678108
-4.09544516
0.12995180
1.18639278
3.90618062
-3.23906469
2.96970367
1.95996249
-1.11707163
3.72482872
-0.11351028
5.94514751
-0.14483535
0.09871286
3.21126747
-2.01892209
9.16534615
11.65282917
-1.29939306
-0.70775181
-0.19721602
0.19426590
-0.91387194
13.68484974
5.29168653
2.21324825
8.35618687
1.69848359
-0.64953083
4.93735361
0.58130497
2.06703591
-0.45622230
-0.01337735
-0.18086296
3.17453909
0.17511837
1.95784974
2.35456324
-1.17761147
1.52954113
-2.79251027
0.24199185
0.26582143
1.12458396
8.37028503
-1.80897546
-0.18355522
0.94450450
0.17385915
-0.15085934
0.77528566
0.73220015
-1.06668389
-1.07258153
2.33560395
0.12890804
-7.11456490
-1.67556930
4.87602186
-1.98753476
-1.19699931
1.08631516
-10.58850479
3.83814192
-0.04443395
-0.92239600
-4.95116377
1.14803708
1.38541913
-1.69043636
2.44828200
-6.83482075
1.24117029
5.69363928
3.56079245
-0.40423846
9.03214455
2.25543165
12.17034435
1.14894497
-0.48419529
3.14336824
8.47196007
3.22295380
1.24281132
1.46094406
2.49978638
-0.32830226
4.33993101
6.75072861
-0.58271557
1.85438693
-0.03717037
4.96108055
3.74304461
0.06203126
-0.15833893
-1.31024015
1.56293130
5.44763041
0.85119432
0.24605672
-0.58202285
2.07415175
4.91570663
-0.68796068
-0.64217103
4.60927916
0.23858835
-1.34591687
1.94214213
0.57947940
-1.85894454
-0.26735947
-0.50212318
-0.36375889
-0.61468381
-0.06186015
-0.14374973
1.29710162
1.92764652
2.65193462
-0.53369355
2.27434921
7.22714901
4.99031639
1.37638962
1.36344981
-0.08844035
0.64216602
-0.32860014
-0.69576180
4.15020657
0.07068024
-6.27353334
4.27340651
0.27514818
3.28046298
1.77602339
-0.00283441
-0.52496248
4.44689512
-2.58760500
-1.48686087
6.06321716
0.72745335
0.41361964
5.23344135
0.76289046
-0.62031603
-2.49594355
-1.49277782
-0.48865634
-13.68900681
8.41976833
0.86416268
3.36407328
-1.90609896
1.29836035
-0.50223207
7.32286406
-2.18042064
1.13575375
-1.25296378
10.87508583
-5.20374250
-2.68200183
-6.30587578
1.42820776
0.44222823
4.50595379
10.53069878
-4.40479851
-9.90623856
0.07770762
-0.35746264
1.91359067
0.80235815
0.57063031
8.90017319
-0.27684566
-0.78074527
0.03328270
2.62039566
2.15308809
1.15016782
0.26685441
-1.15835476
-4.58789158
2.66217923
3.76848674
-0.54623169
-2.68549347
7.50017834
1.84592271
-0.42180574
-6.01069355
11.10761642
4.06624317
1.70891166
-6.94635201
-2.30695772
-1.08908343
-1.52980423
-0.18758963
1.66714811
0.90723032
0.91265219
2.60389423
4.34903717
2.19958496
-1.13636148
-2.90021777
1.07069898
2.63648868
2.56264830
-0.38558757
5.48341846
2.78731084
1.41713309
0.12003405
0.53988057
-0.70689619
-0.40205023
-0.20704710
1.19828951
5.14552164
1.29770625
0.96927309
6.67407036
0.04183259
2.32479095
1.33428228
2.57391858
2.42088342
-0.37524042
0.77490228
0.86007440
-0.23181099
-3.83568883
-0.26919678
-0.20965983
-1.98974860
0.37580535
4.75351572
1.01466274
-1.80048108
3.47773528
2.44843173
1.22640598
-9.73677349
0.13701160
-2.71478128
1.88457155
3.67852139
0.68719453
1.54668748
1.80750275
1.84278750
1.38132620
5.17622519
-1.08084047
-0.26100370
0.91652894
0.09999070
0.67563820
-0.19879144
0.37892529
0.62021172
0.46691617
0.84367323
5.55022001
0.02146612
-0.31662408
0.40635347
-0.16732490
1.76943660
0.39913571
1.68975997
-0.36512667
0.21400036
-0.19778992
0.27782905
1.89745855
-4.35007524
1.10340405
-0.13349484
-0.20065929
0.73524952
1.23987448
-0.23323533
1.91564763
0.13419591
0.08096020
-0.71208566
-0.53609556
1.58582020
-0.73540962
0.19235332
0.60169041
1.57722461
1.24123204
0.58220792
0.31991416
0.73577994
0.71048826
-0.37507790
0.53388339
0.78737450
1.10007215
1.89478254
0.27145311
-0.26663271
-0.65371341
5.93645287
-0.82636172
0.49215123
1.47444236
-2.70791364
0.29093260
0.70965016
1.41866779
-2.83267117
0.12582067
0.79467237
-0.60948926
5.38828182
-0.77031159
0.75404835
-0.63691878
0.95224881
1.87423778
-2.54018927
-0.10673587
0.01797412
-1.17992961
1.70831823
1.23055482
-0.58610940
-0.14250791
0.08691815
0.30528143
-2.93290162
-0.13295358
0.05502563
0.55909705
0.34342143
-0.44745499
0.44387355
1.22920609
-0.76842141
1.17713547
2.29058647
0.07615338
-0.40379110
0.03871622
-1.18459415
1.53468645
0.14450897
1.64652073
-3.78646255
8.93215275
-0.16061856
-0.61376661
0.02527318
0.48491192
0.08404038
1.72175598
0.47356430
0.09523379
0.82844496
0.32918236
1.25265419
0.06611907
0.00327850
1.14061391
0.24166656
0.19226964
-0.80495626
0.88186884
-0.04380606
0.87733799
1.52343714
1.86189413
0.56424695
0.67328399
1.02688456
0.91198701
0.20798603
3.50443935
2.05569863
-0.29215908
-0.61233717
-0.51685107
-0.33436430
1.04977703
0.40127516
-1.13591647
0.41471636
-1.18097949
2.68310165
4.62670851
0.40722626
1.47941458
-0.05089078
1.44025207
0.90694582
-0.14801900
5.98712683
-0.14275746
0.23968516
2.24118710
3.33306980
0.08710175
-2.40438128
-0.00009823
0.74863154
-0.16534369
-0.13990425
1.38026035
0.48094660
3.18443012
0.00177694
-0.23191945
-4.35553026
0.23223582
1.25588846
-0.13639256
1.28563428
0.26534602
-0.81707597
-0.23881733
0.97399962
0.29171604
-0.17828096
1.35574949
-0.29933572
0.33726358
1.09640014
0.04764687
1.87741840
0.11931903
1.47443235
0.95661116
2.16703725
0.17310995
0.89576310
-0.32051837
-0.05704172
-0.75483298
0.16272597
0.05377527
0.81227577
0.90816528
3.65775633
4.47650576
1.41350615
0.47573441
0.23503697
2.46135736
0.27662542
0.00694113
0.16951014
2.80903721
0.60377985
-0.21103884
8.61852360
-3.78499031
-0.61859065
-1.97622049
-0.02466929
-0.36012354
-1.48241007
0.01088341
0.24702513
0.54480296
-1.37039244
-0.65269297
1.28313231
-6.15992069
0.67646343
-0.50656122
0.07042963
1.62059200
0.98305196
-0.17985503
-1.01884007
0.30192488
1.11537647
0.17519116
1.23570788
-0.45162925
2.65516019
2.57470489
0.79876715
0.35943466
-3.64594865
0.39858019
0.33595404
-0.45447206
3.07912755
1.41838717
-0.86105829
0.15937369
0.10869326
0.49666670
-6.30649662
0.54980922
-0.05135470
-3.01926064
3.14961457
0.09277041
-0.57028896
2.64153790
-1.67956924
1.04303980
0.09097388
1.96339142
2.31151199
0.41611677
0.19723864
-0.35170123
-0.35156962
-2.77274299
0.41278619
0.17663841
0.57920307
-1.01973391
0.33475205
-0.45642462
0.04954715
-0.10736959
1.00516832
0.55210584
0.13373235
0.95003062
0.09066737
0.97773772
-0.04167423
0.13503602
2.45612311
0.55779696
0.15997624
-0.34620333
0.85940588
0.58392793
-2.35526943
3.33001757
-5.90289640
5.67216587
0.66523546
-0.03311435
0.70608675
1.72104359
4.53839588
0.34935454
-2.31150985
0.17837696
-0.29740381
-0.03597111
1.55688226
0.00069271
-0.51780581
0.03619206
-2.39470410
-0.77945763
1.44553530
1.17706525
-6.53909254
-0.96177781
-0.13814165
0.10518923
1.81819880
1.62362719
1.29924846
1.95624149
1.59934032
1.46046865
-0.79664540
2.09509563
2.35288477
4.86900234
1.20737910
-8.22608948
-0.27064437
0.01759500
0.19494496
-0.31531781
1.11673021
0.69452089
0.35297635
0.84527653
-0.40129253
-0.07561851
0.11972440
-2.24868965
0.19562717
-0.07833048
1.00710237
-4.29314470
0.23458222
2.40887547
-0.03735362
0.38279423
0.70114470
0.70372605
0.24338637
-0.24453577
0.45044583
0.18863502
0.05907332
-0.22323306
-0.36474296
1.21241343
0.07623850
0.56925589
1.06520069
-0.22352543
0.00133032
-0.41528329
-0.31802040
0.54003549
-0.48340002
1.21632135
0.01169470
0.50647044
-0.39188823
0.61653119
2.24829292
-0.08142602
-0.51377320
-2.05917668
1.11897600
2.01032090
0.24815097
-0.16196172
-0.24935599
-0.29894492
-0.26153114
0.08005967
-0.79028827
3.13746572
-1.04403198
0.36234415
0.13903709
1.87325108
1.50448251
1.33085167
0.44482350
-6.55699873
0.46680194
0.37693724
1.48241818
2.90041161
0.68891364
0.24760927
0.34932500
0.97701031
-0.38392398
-0.30114886
2.24018216
-0.11664831
-1.72295249
1.70515895
1.88220704
0.96664077
0.88204944
3.53222752
0.49683011
2.63618064
0.72025037
-7.45191097
0.31558457
1.40064466
0.55677938
0.40182212
1.64843369
0.74930716
-7.02762747
-0.16289514
-0.06615794
4.56218672
1.91476357
-0.66699767
5.79460621
-9.16512871
-0.89789540
0.11272076
-3.43531203
4.89067602
5.90527534
-0.39369407
0.48962131
-2.11386585
3.54662037
1.26607764
1.45745504
-2.94198155
-0.03812967
0.67244685
0.12574719
0.47240528
1.30796492
-1.65615726
6.46879339
-0.51620561
-1.06773138
0.14608587
0.56716460
2.05384755
2.23056436
0.01487374
-0.26521069
0.93153316
-0.29386884
-0.48225012
-0.79878777
0.90955096
1.07110572
0.27320960
0.77493733
0.33672169
0.27749342
-0.67479265
-0.05121926
2.02860761
0.60919857
-0.00987599
-0.07213450
0.26893857
-0.21358781
0.90043867
4.33098316
0.06828587
0.03906936
0.67319059
1.09823179
0.04608145
2.38664556
0.33648238
-0.42352667
0.67866892
0.22876813
2.55853009
-0.14101112
2.90115094
0.46554378
0.51204437
-0.53237325
-1.02194953
4.04790354
-0.27874482
1.29925072
0.52808201
2.38767934
0.53635061
0.21293591
-0.08003969
0.32051244
6.29457998
-3.38216829
1.19414055
0.24951594
0.16910166
-0.45195180
0.79532772
1.12499583
0.34096524
0.06015914
0.57342863
0.41950938
1.12212658
-0.06192296
0.48980314
0.08447637
0.23463731
0.94984704
-0.00708176
-0.20313114
1.43377197
-0.01924883
-1.57978821
4.72154617
0.25585672
0.11156321
0.89603335
-0.14666185
-0.56806374
0.44991693
1.05087292
-0.00429998
0.03489676
-1.99613786
2.35311961
-0.61238235
1.00172281
3.14119506
0.30399138
0.22064018
0.68532747
-0.88835442
-1.61595941
-0.09941678
-0.24377888
-0.10123114
-0.49491191
-1.35317004
0.49355492
-0.22445160
1.41281509
0.13301264
-0.38752794
1.11036527
1.51486957
6.29572535
-0.68209428
1.31506717
0.36274505
-0.30049643
0.16523771
0.25134683
-0.25150013
-2.35077977
-0.26592243
2.03983974
-1.07812595
1.73482335
0.35827777
1.27831221
-0.09441168
0.31171432
0.36933994
1.16396439
0.08239598
0.91275966
1.10033786
2.38048339
1.50210226
-1.47269297
-0.96797884
0.17617963
-0.47584021
-3.72522473
0.07470286
-0.21476072
-1.40756810
0.76119864
-0.25698808
0.60837722
0.38730535
0.68883902
0.94740909
-1.18000937
-0.18021166
0.70157290
0.69249851
0.31794757
1.25256717
-0.12635925
0.08070625
-0.35816884
-1.21944380
-0.15598202
2.46458173
0.93924046
1.78391969
0.76057422
-0.33077320
-1.86417603
-0.76163125
1.02647030
0.31878784
-1.37001216
0.99109423
-0.76493239
0.57521784
0.13709809
-0.45916709
0.17426506
-0.18848246
0.24372387
2.00898552
0.99086428
-0.38236719
0.67026466
0.80028641
0.18522424
0.41849461
-1.81739044
2.83349657
0.44743490
0.22422865
0.27405202
-0.46242389
0.15505323
-0.42906854
1.07038057
0.99804640
0.89014351
0.40460175
1.05477345
1.20885634
-0.36572951
1.46564901
-0.01235927
3.59266043
0.98189074
-0.84675419
0.70261365
-1.59384072
1.24855471
-7.18826008
0.29429525
-0.41109541
-0.19806829
1.12511420
0.94817430
2.66744542
3.61191201
2.95653820
0.26314995
-0.06024901
2.13409829
-0.29755425
-1.62264848
0.45016894
1.59168327
-10.77325344
1.12523401
0.19107911
0.31485167
0.00564518
1.22269821
-0.67697662
-0.32738367
0.46897551
0.44587255
0.51433039
-0.22162388
0.28047732
-0.71556157
0.95035797
-0.52923208
-1.74330401
0.01909295
-0.36860418
-0.00803782
1.39988184
1.09150445
-0.16859396
0.31711820
-0.06573866
0.16383629
-0.13511370
0.25100684
-0.23742896
2.32277226
-1.47032094
1.27027476
-0.07192081
1.15140748
-0.39783317
1.19908166
0.47176084
-0.61632490
-0.04387776
-0.31759885
0.20432258
0.51258028
0.88887954
1.01169050
0.60456884
-0.35810062
0.52317917
-0.65084350
0.12807257
-0.50693160
-0.18740931
2.37960482
0.54111981
0.21540606
-0.31404874
0.28516459
0.19425899
1.03739524
-0.30770296
3.13517237
-0.65304506
0.43104839
0.14764784
-1.00486672
0.04112618
0.21393955
1.18325138
-1.18786931
-0.07017545
0.79456377
-0.39265338
-0.40163007
-0.53957188
0.04823848
-0.19357422
-0.10846614
-0.04444442
0.02520072
0.58851469
-0.02610002
-1.51522493
1.18215156
0.65759176
-0.70308095
-0.37775058
-0.03192578
0.10008248
-0.00616171
-0.71975332
-0.11134391
0.15829061
-0.09968182
-0.22441080
-0.15077516
0.34111696
2.14674306
1.15533602
0.71280426
-0.10684618
1.01429415
-0.75502825
-0.52994323
0.75956398
-0.10938945
0.15401298
-2.03324485
-2.17446637
-0.21997313
-0.94614089
-0.02190699
0.28790072
-0.48895025
0.33393353
0.75230831
-0.00272344
-0.12695515
-0.03154691
0.04334049
-0.03767257
0.27218083
0.66596419
0.07282816
0.12936513
0.36573792
0.39826342
0.20657870
-0.50819945
0.21690582
1.20793748
0.21507773
-0.53753817
0.68867129
0.83889288
0.02258237
-1.46457911
0.53355479
-0.00799607
0.25019053
-2.30653811
0.54013354
0.50853741
0.21205530
-0.59276342
-2.21464920
-0.35536268
1.73454702
0.08764842
0.04897363
0.63496298
-0.03207191
-0.05023197
-0.98275661
0.25657213
-1.21263146
0.04710618
0.15487024
1.08676779
-0.70333028
-0.11875579
1.97039425
-0.03488264
1.24754894
0.36138976
-1.59626234
0.38424784
0.22511122
-3.39344239
0.03382080
0.52036476
0.10760222
0.74101210
0.68700969
0.17672803
0.25427854
-0.25759980
-0.65383381
-1.52525675
0.47885400
0.30947724
-0.01959399
-0.23182805
0.01515929
-0.44033813
0.67113614
-0.04109003
0.07690340
0.08506809
0.38892952
1.23568988
0.01164301
0.13974936
0.57577395
-0.37939033
-0.11902317
0.53350216
0.16029048
-0.10338451
0.16158454
0.14102948
-0.26684034
-2.41723204
2.64865398
0.08309311
0.07524119
0.71227396
-0.43756744
-0.02102063
-0.84408611
-0.26962888
-2.10466623
0.63220477
-1.65361774
1.36931098
0.75031364
-0.01445855
-0.20613039
0.43937069
-0.62346834
0.30262223
0.34749508
-0.31893507
0.65640390
-0.24528548
-0.40125585
3.89116859
-0.87851477
-0.45123428
0.16244274
0.41712984
-0.17455852
-0.26567748
-0.11816138
0.01697382
-0.17868014
0.00841664
1.44209599
-5.01072359
-0.54766601
-0.88006395
0.12542321
-0.48124704
-1.76471102
0.36371842
0.37951976
-0.01870335
-2.45008254
0.56526273
-0.96279299
0.09518605
0.28222907
0.21024004
1.31577265
-1.05577064
0.26177245
-1.73177183
-3.10180998
-0.06170010
0.77888626
-0.00034826
1.04769242
0.54218537
0.31939834
0.82975751
-0.66921246
-0.13820226
0.41014469
-0.44355786
-0.26208863
-0.44888222
-0.09241708
-0.03117277
-0.15330870
-0.29493615
0.28014034
0.35150212
0.12295313
-0.07500810
-1.06325877
-0.25776917
0.03129173
0.19145763
0.22708426
0.76371032
0.38534924
-0.00018105
1.34080005
0.05641739
-0.07908594
0.18819375
0.27441165
-0.13774480
-0.48595685
-1.03120506
0.00306861
-2.04227185
0.67676783
0.00727544
0.11990246
0.67436987
-0.43897051
0.20052694
0.14485601
-0.05867327
0.20979691
-0.75265437
-0.49209577
-0.02200984
-0.33413449
-0.00688919
2.10646152
-0.24295381
1.04540479
0.83636230
1.74918544
-0.94314462
-1.33115566
-0.01389901
-1.54574370
0.90978634
-0.84477419
-0.21927087
0.43614712
1.11213768
-0.35785836
0.93684727
0.65734982
-1.26043618
-0.22190191
1.77919829
-0.08465383
0.48809922
0.13723767
0.92920226
1.38407111
0.17510529
0.42053437
-0.50694072
0.07936192
-0.02650001
-0.00910401
0.22933225
0.40210319
0.06803437
-0.25624970
1.62016571
0.23457152
-1.94428658
-0.01613712
-0.14372645
0.58047819
-0.29201260
0.13566244
0.19076295
0.25179026
-0.02426575
-0.27817750
0.12388144
-0.25889373
0.43427619
-0.30809805
0.05364888
1.01432300
-0.15523666
-0.21816869
0.66949052
-0.12839164
1.35093594
-0.44371694
-0.10358042
-0.00712462
0.30881676
-0.13815764
-0.00460180
-0.14717554
-0.02670498
-0.29309958
-3.10856843
1.29907548
0.31641570
-0.28045994
0.08248028
2.01835752
0.07240540
-0.35800505
-5.19391108
-0.54480010
0.60224432
-0.35143214
0.00666511
-0.06973732
0.29858699
-0.30243745
-0.02052484
-1.28806221
2.00154591
0.10281625
0.07947779
0.82104146
-0.61588913
0.46188945
0.09964126
0.16675059
-0.57946765
-0.21245451
-0.17944120
-0.29150105
0.26231393
1.05267572
-0.25790963
0.25614557
-0.42751312
0.28285092
0.25017273
0.18384036
0.65133119
-0.17827190
-3.04421043
0.59492010
-0.08064329
0.44454700
0.02605837
0.47911689
0.05542732
2.21126914
-0.84835124
-0.47685340
0.11962663
0.35825661
0.04550713
-2.37828302
1.56820738
10.08124828
-1.56444156
0.11517376
-1.03846610
-5.53061152
0.23994800
-0.37166363
1.72837782
0.01177677
-0.34095660
0.35915875
0.28715485
1.14860690
0.16434966
-1.93482089
0.20689051
0.28616753
-0.16595276
-2.55576468
0.14072502
-0.64578521
0.41743994
0.13181093
1.56779289
0.34968564
-0.12253164
0.65398854
-4.32039642
-0.13692008
-0.57915145
0.50435305
0.83633220
0.02458217
0.08262022
-1.60524786
-1.51783276
0.03725545
-0.33116922
0.02695999
0.53477311
0.31077337
0.11760822
-1.52572978
1.14419603
-0.79117256
1.05550885
-2.19786596
0.05242204
-1.06012952
0.25681177
-0.77281517
0.14087206
0.46812943
0.22711618
-0.07108565
0.12356090
0.12529658
0.79192591
-0.17130190
-0.43023464
-1.40566754
0.05017525
1.73142254
-0.64566362
-2.20530963
-0.31117877
-0.24946310
-0.90511888
0.37893474
0.29060310
-0.08019816
-0.01320493
0.08093850
-1.87457943
1.85748386
0.77568328
1.15378356
-0.34693742
0.23121779
0.51185709
0.21474171
-0.22747281
-0.24796300
0.31884485
0.11078418
0.54681933
0.46504536
0.27297321
-0.34055758
-0.02478052
0.79564744
0.83206397
0.21790257
0.54221934
0.39186296
-0.54564559
-0.57845992
0.41560465
0.56196427
-0.39205992
0.01089270
0.23816396
-0.04479392
-0.31898174
-0.21286696
-0.11366194
-1.60685146
0.41851473
-0.44050467
0.67002052
1.07432818
-0.22109331
0.03697823
0.28675359
-0.08642521
-0.14415795
0.08554709
-0.14519650
-0.08751258
-0.13148263
-0.21693949
0.14728284
0.62507504
1.06803334
0.04429621
0.13568252
-0.55445307
0.61375225
-1.76714909
-0.25232434
-0.02235692
0.38801289
-0.44365588
0.90847659
0.04088164
0.54040378
0.01176888
0.36111036
-0.04671893
-0.57359922
1.24699664
0.19694689
0.49841145
0.85425848
0.95987737
-0.28753012
-0.22181821
0.93885797
0.65692973
0.26229969
-1.07541561
2.00559020
0.00236391
3.23468351
0.00502292
-0.20202392
0.78885335
-0.33299625
0.66844094
-1.24828815
-0.32349515
-0.02352062
0.31788492
0.39103326
0.56611633
0.59095979
-0.57072705
0.15513419
0.62244427
-0.00517450
0.02416407
1.22854149
-0.04492986
-0.15316382
1.17891943
-0.64194101
-0.12253023
-0.73559827
2.02300739
1.15818536
0.08259376
0.04680327
1.00760603
-3.82920456
0.30199534
0.35265350
-0.71111608
0.26646483
2.36158943
0.70004219
-0.06648119
0.04973862
-0.00041993
-0.03119235
-0.04845830
0.90764421
0.03182689
-0.43852881
0.29500377
0.19580683
-0.00462492
0.31608039
-0.16342440
0.46116528
0.06354735
-0.10924001
-0.13479218
-0.32210761
1.32682467
-0.31479812
-0.09163477
0.33254620
0.14718246
0.28239742
0.24537675
0.36672097
-0.45788026
0.06693546
-0.01552641
-2.21889234
0.66206497
0.58451259
-0.15559286
-0.36912811
-0.38264251
1.54420555
-0.25128782
-0.01777032
0.02452699
0.51453614
0.68971848
0.40818369
-0.11663543
0.57622075
0.13364382
-0.01830275
0.25750330
-0.13898440
-2.72438240
-0.06092162
1.02790666
0.98636079
1.13158321
-0.00112695
0.06347507
0.08643282
0.40170833
-1.74254072
-0.29020450
1.00258672
2.10849214
0.76345283
-0.41535980
0.26988196
-0.54438972
0.51455230
-0.39536405
-0.81053555
0.02914789
-0.34756765
0.10650562
-0.32634372
2.35125995
-0.10864121
-0.91038120
-0.44252276
0.45177388
0.36165375
0.27598345
1.31284750
-0.46057865
-1.44940674
3.44113803
0.00663913
0.65446013
-1.70739114
-0.34469539
1.87169409
-0.76620477
0.06154964
-0.65598500
0.01879108
1.07895768
1.32699549
1.14047599
0.98742670
-0.16601273
0.62672460
-0.17077741
0.19267745
-0.20596169
-0.13508745
0.78610700
0.90270543
1.55543888
-0.26334491
-0.24049552
2.24738836
2.29281449
-0.67823350
2.11159062
-0.67813927
1.07387471
-0.22622971
-1.73364866
0.32449597
0.46631506
4.23963881
-3.30291462
0.12580521
1.98070645
-0.51322335
-1.66068327
-0.79821062
0.65379429
-0.36666295
1.11012769
2.91947770
0.32235530
2.90596843
1.66289401
-0.70236325
1.23449934
0.77236438
-1.32127190
-0.83714503
-0.06763497
0.39577481
-8.04464722
-0.35536861
-0.01207288
0.56074411
0.84834802
-0.53420913
0.05495615
0.59632027
1.08600760
-2.13614178
2.24083090
1.03948283
0.20477827
-1.28964555
-1.42243338
-1.72176194
-0.04731873
-2.87855244
-1.25605392
-0.08363834
-0.40007085
-0.83815318
0.04840523
0.23085254
-0.96827483
2.26068568
1.43672073
0.14527690
-0.18637608
0.50672776
0.52022147
0.12743965
0.72665149
1.47087538
0.20421712
1.23665702
-0.40042615
1.33699334
1.56703460
-0.13234799
2.06434584
1.75383329
1.67547011
-1.22130609
1.29620290
1.59992039
0.30334648
-0.05575487
1.49984276
0.94746202
0.00445030
-2.18695211
1.11212599
1.79900682
0.38586757
-1.19857109
-3.35243225
-0.96535379
1.72618377
4.07256794
0.40686333
-1.63670230
-0.54928333
3.89757109
0.50910211
-0.51181239
-1.64393485
-0.04759319
0.14420429
1.78879535
0.77943224
0.06771784
1.47996902
0.03491735
1.32010412
1.97564137
-2.93370843
0.49945638
0.40290678
0.48951307
0.18171488
1.34742749
2.84846258
1.45207787
1.35667121
-0.19301595
-0.31901291
-0.47384879
-1.10935318
-5.45011854
1.22221255
0.41163841
0.03521510
-0.66469771
-0.34015918
0.13778590
1.03972828
0.10884207
0.00735875
0.28644660
1.28800595
1.29174185
2.20250463
1.16920459
0.98391807
-0.80832952
1.33605552
0.48777536
1.00546932
0.04785596
1.70846486
-0.50409085
-0.13554743
-1.73600793
3.38059258
0.12215577
-0.05371717
1.61410201
0.17895916
-0.02634994
-0.29348773
2.04716158
0.18495040
1.95783389
2.58416319
-0.60712421
-0.32879329
-0.59464729
-0.16878575
-0.67097437
-1.04622138
0.05167290
0.56684870
0.67794925
3.13583159
-0.80448198
0.85352546
-0.75586182
-0.03381950
-0.33552337
0.50114787
1.40441132
-0.24622177
-0.76239383
-1.45120537
0.21781093
0.20395674
0.08254936
-3.05170226
-0.34499061
-0.28429681
3.16738868
3.02861595
-0.54386413
-3.88392162
0.75841731
0.31460124
-0.43073809
-1.08749080
1.96415889
-1.49647582
0.02838861
0.54232860
-0.36731863
-0.01364339
-2.85481119
1.38713324
-5.88814306
2.09408545
0.64575893
1.36693275
-0.74283189
2.72585607
1.05141699
1.01117516
1.76244128
-3.78681707
-0.21474691
1.54116762
-0.71030796
0.06949884
2.51801062
-0.52166408
-0.14230563
-0.90716875
-1.20688236
-1.49901831
1.53443706
1.08263719
-0.18158112
-0.98369628
0.70032376
0.17563865
0.61587918
0.50738209
0.71310586
0.76046860
-0.20696977
0.04851761
0.29732177
0.29141814
0.52787048
0.56216979
-0.53819144
-1.24817431
-0.57005841
1.66837251
-3.16677999
5.05867147
-0.06290212
-0.11394654
-0.40320152
1.70122325
-0.14926252
0.09119285
-0.28050151
0.50302207
0.12785521
0.24875745
0.23664303
1.52371132
0.06701064
-1.45104837
-0.31759647
1.12448490
-0.74282569
0.83041131
-0.64758414
-2.07213569
0.06382019
-0.02447981
-1.07635856
8.12451649
1.46599185
1.65786994
1.67148042
-0.68442672
-1.46379507
0.01642452
-0.64690572
1.18467712
0.65995485
0.35213301
0.78842193
0.32407036
1.55701649
1.52140653
0.46372938
1.43387115
0.07786393
1.23860812
-0.26383379
0.16127466
-0.00191157
1.71554875
-0.06483673
0.73003364
-0.19481909
0.23669933
-15.13600349
-0.01918565
-0.37865874
0.39978155
0.60523105
-0.17445515
0.67851633
0.66788584
-0.01270522
-0.64014465
1.02780557
-0.32228902
0.26534361
0.20837560
-0.34319875
1.20955014
-0.38521516
-1.12199986
0.03070162
-0.32324147
-1.30715513
-0.57469881
-2.05534697
0.04564318
0.43699962
-0.35573727
-0.15841633
2.32681870
0.06491848
-0.37515968
6.82844305
2.17772913
1.00849366
0.41907951
-0.14559452
6.30801296
1.25423777
-0.22822939
-0.15067790
-0.68926299
3.07987309
-0.63018006
-0.14659420
-0.70739311
2.14983654
1.27835691
-1.13151908
-0.79144132
-0.63052911
0.58449084
0.34686244
1.48987019
2.17593884
-0.98144233
0.46316242
-0.42589709
-0.07621907
-0.79426831
-0.41247156
-1.48308802
0.07558147
0.77517104
-0.03987394
1.61168468
-1.65174770
0.92479408
4.72958803
1.28956044
-1.08031595
-0.53068024
0.24804063
-0.03975243
-0.66921622
0.56014949
0.26642415
-0.62955946
1.45507312
-0.25750124
-3.27004170
-0.23127560
-0.14931169
1.98925912
0.07604510
0.46066397
-0.13468239
2.46816945
-0.23494473
-0.76095903
-0.09114359
-1.33274138
-0.12929295
0.11742732
0.42870140
3.00045657
-2.92101431
-0.44779444
1.12888873
0.80715036
-0.37328848
2.92032647
0.11881877
-0.35573795
-1.34871793
0.82931936
0.19053754
-1.28427339
0.70957512
0.39648023
0.38211203
-3.29923534
0.00037106
0.20248829
0.28530246
0.39692235
-0.56150186
2.35251355
1.75898898
-0.03958116
0.15854011
0.15949020
-4.75299358
0.25072268
-1.96290100
0.03059430
0.54796499
1.18548429
0.25035438
-1.82177317
1.72949910
-0.16602108
4.65109968
-0.17134137
0.06639305
-5.58786011
0.53712898
-1.17288589
-0.10821854
-0.62065941
0.55078977
0.45170432
-0.20627071
-0.23133397
-0.62909776
-0.45379379
1.93068230
-2.52357483
-0.11519836
0.72035646
-0.89363289
-5.86563969
1.61452496
-0.16592623
-3.03251076
2.87768912
0.62172562
-0.11049344
0.06897172
0.20612651
-0.07720080
-0.36949313
1.49532676
-0.03568392
0.22214085
-0.31720701
2.87873268
1.99636507
-0.10056795
-0.82051003
3.12017655
0.29839191
0.64745659
0.72986102
1.53401303
-0.41844481
0.05505785
1.24222803
2.79425383
2.12098598
1.54108179
1.00040150
-0.60665196
-1.10655701
0.72443974
-0.30509940
-0.07603300
-0.12603180
-0.36541849
-0.01220476
-0.29769766
-0.51920801
0.00725882
-1.62375772
-0.27733195
-0.54593569
0.88310266
2.99074602
0.48512238
0.04632829
0.53897172
1.48596919
-1.57205546
0.43811628
0.03069942
0.81973940
-0.44671237
-0.85031694
1.22594929
1.05135334
1.38500667
0.47561932
0.09092270
-0.28181732
1.84278262
0.04230355
-0.47878140
1.52415073
-0.66782296
-0.78743774
1.66498828
0.16702142
-0.30822375
-1.61242640
-0.77108538
-0.33078921
-3.06115770
2.01837254
0.12799212
0.41007414
-0.10519551
2.47315049
-0.08540363
-3.90588045
0.50311911
0.65274280
-1.17240191
2.64899063
1.94302976
0.06094927
6.94564819
0.33821228
0.12522224
-1.21180201
-7.28694248
-0.46234140
-2.31114841
-0.08919175
-0.06617451
-0.07412316
0.60433829
0.71901166
0.96285892
-1.70512617
0.85847521
0.17282541
0.76150918
0.24916442
1.70175028
-0.06561603
-0.21725312
-0.47188720
-1.38235497
-0.15090029
-0.31403264
3.72469425
1.33571815
0.92505407
0.63241220
4.07641792
-2.34431601
0.93629074
0.32027099
-1.86229956
-0.08614636
0.49277508
1.09432209
0.08013625
0.32334271
1.40071619
0.11462873
0.09563155
0.69204396
0.95422298
-1.13598251
0.14442194
0.98838502
0.41824585
0.78796923
-0.17989232
1.72668481
0.28135905
-0.01243685
-0.33125499
-0.41385990
2.21593738
-0.48384392
-0.14038309
-0.26205924
-5.89055634
0.42202017
0.76760310
1.16973579
-0.51796669
0.08401038
0.04990325
-0.12397487
1.33538592
-0.78772306
-0.23673941
-2.18754458
0.11241767
-2.38456798
-0.39178121
-0.28786817
-0.22781354
0.64106435
1.02008748
2.44137979
-1.54965615
1.51128650
-0.24176365
-0.02693373
1.97566795
0.18644452
-3.34476542
-0.10386077
1.31132293
-0.91780180
1.38991988
0.22027840
0.41919622
0.14101848
0.73019356
-0.54573560
-0.37017083
0.69598877
0.29011258
0.42029536
-0.24617060
0.35048759
-0.72919559
1.16574180
0.19564201
1.74237883
-0.03717777
-0.34090570
0.09795214
-0.58459502
0.85903817
-0.20701234
0.40293738
-0.05465155
0.11333521
0.00196364
0.11953074
-0.13205183
-2.34448171
-0.86817664
1.30028403
-0.05125181
1.07239890
-0.57923216
-1.42204511
0.69781858
-0.66306823
0.01899919
-0.24673848
-0.38657066
0.57518768
0.83081824
0.98507261
0.65676314
0.36836970
0.77818215
-0.48662046
0.06421519
0.56858182
0.17558976
-0.41359311
0.48083740
0.32942593
0.50916088
-0.36307082
0.16646519
0.50361139
-0.32624710
3.21989512
-0.60675186
0.62205297
0.13206071
-1.15699947
0.05331626
0.16274892
0.91982311
-1.33835781
-0.04427482
0.79145378
-0.44031492
1.06074762
-0.42355672
0.02338606
-0.01854345
-0.03749350
-0.00009451
0.22440460
0.98362589
0.13218902
-1.33332932
1.20346582
0.93728489
-0.36252680
-0.48890242
0.01090578
0.08832312
-0.24421072
-0.69239116
-0.11028308
0.31563175
0.01016033
-0.31160697
0.44421160
0.33720213
-0.18941654
1.20734882
0.56052554
-0.44090113
-0.43026495
-0.82594347
-0.82295507
0.81129605
-0.24000597
0.29789656
-3.14522815
1.31965315
-0.20959273
-1.00845909
-0.03900493
0.10535737
-0.58509874
1.12880290
0.88903791
0.15387374
-0.09569729
-0.00907542
-0.47889426
-0.01970756
0.30833703
0.56906116
0.05947937
0.10096450
-0.23868029
0.36065567
0.18953983
0.35889062
0.99568677
1.07680249
0.23997028
-0.32241246
0.62150466
0.68015796
0.08933749
1.11896598
-0.23367764
0.01760164
-0.35921830
-1.83910394
0.29796824
0.41241133
0.18539967
-0.33308163
-2.31266356
-0.54649973
-2.27714229
-0.29468271
0.07159904
0.49795288
0.07354776
-0.91256738
0.83628666
-0.29632917
1.77702069
0.04469524
0.22296429
1.21202075
-0.68353832
-0.09834494
-1.37659943
-0.03510353
1.04530323
0.50565517
-1.63314438
0.36751187
0.12834117
1.58227170
0.02938204
0.49561664
-0.02851249
0.69394469
0.88918388
0.17357752
0.18436047
-0.31955937
-0.59736919
-0.99943513
0.51748186
0.30136153
0.03536850
-0.23657767
0.00388568
1.00036871
0.74099833
-0.02817388
0.08427440
0.19047479
0.16519497
0.99152607
0.76965463
0.18042925
0.36426762
-0.32228041
-0.02089667
0.08174634
-0.02221057
-0.09206939
0.39154932
-0.05798245
0.20407553
-2.32919717
2.67105436
0.10228999
0.06768029
0.39895603
0.77671403
-0.01306895
-0.67312557
0.56013697
0.17296834
0.62300354
3.19188237
-2.30874658
-0.46033019
-0.39083260
-0.13600546
-0.10669127
-0.61369240
0.01919501
0.34874004
-0.37929702
0.89420521
-0.19621299
-0.24798799
-4.36104870
1.22344959
-0.42636973
0.14167024
-0.02035514
0.22445109
-0.29770708
-0.06971136
0.02530880
-0.18601654
0.01949130
1.81661832
5.03971958
-0.36388814
0.16674288
0.29566777
-0.52304918
-1.76682281
0.30768266
0.43729672
-0.28574625
2.37719369
0.60762566
-1.16768813
0.06274378
0.15704992
0.35038379
-2.83332181
-0.95217985
0.22056450
-1.72607577
2.39351892
-0.04564447
0.65071470
0.40877536
0.88585788
0.39905179
0.34012586
0.72920883
-0.66089308
0.17896205
1.00141633
-0.33131710
-0.22338688
-0.89586532
-0.06748181
-0.02079476
-0.01778324
-0.20187607
0.48607716
0.36362156
0.05082353
-0.04250205
-0.38340300
-0.07134042
0.01295664
0.36442423
0.20836540
0.68693566
0.33801252
-0.05304716
0.85265046
0.12443299
-0.03956883
0.14348702
0.45511910
-0.09616295
-0.52800387
1.42367899
-1.44660318
3.27564764
1.12395537
-0.01968732
0.14794973
0.75086677
4.68456602
0.19519792
-0.19843520
-0.03509084
0.22944312
-0.57200450
-0.26808280
-0.15422222
-0.17092480
-0.00329491
-1.47847199
-0.47168738
0.97887677
0.89482975
-3.08247757
-0.86692047
-1.23113477
-0.03303017
-2.25638103
0.87511492
-1.20482111
0.23029123
0.29810405
1.22094905
-0.50899577
0.83445209
1.07901049
1.49076903
-0.25768828
-3.15457797
-0.06982598
0.57515371
0.16306217
0.93396860
1.29777086
0.22952753
0.38551822
0.63681078
0.05334294
0.10879340
0.05298728
-0.12029324
0.41682872
0.03325955
-0.50504315
-1.64120388
0.21719263
-2.08807445
-0.04531231
-0.04801410
0.68422717
-0.14266658
0.44130030
0.16355453
0.35148078
-0.00261226
-0.21121967
0.25360253
-0.23083679
0.29322609
-0.03728390
0.08709225
1.40708721
-0.16858678
-0.26876265
-0.25146127
-0.17885739
1.49811482
-0.50921154
-0.16712849
-0.02783260
0.43455052
-0.19539516
-0.00287571
0.26009196
-0.04576508
-0.38099411
-3.14223409
1.64680445
0.75281268
-0.14564288
-0.07951666
1.46216273
0.00781273
-0.31808090
4.05037594
-0.47193959
0.96319783
-0.42399538
0.12557396
-0.07558475
-1.08621812
1.14279437
0.28625664
-1.05500090
-1.95473123
0.15994838
-0.00803290
0.74040425
-0.26008171
0.54151452
0.08473344
0.01853164
0.37795630
-0.15604284
-0.15574008
1.44504154
0.47202271
1.06534326
0.50592428
-0.37741947
-0.63725597
0.23487949
1.09244859
0.36105853
1.10368872
-0.16084030
2.87150598
-0.15242249
0.25589898
0.45092070
0.18494536
0.34453699
0.16835691
-2.11954761
-0.68827397
-0.46658450
-0.11786198
0.33395326
-0.09709296
2.18156171
-0.87331063
-10.82405853
-1.00258732
0.23284620
0.78562170
3.73528409
-0.10509143
0.11284270
-1.40274811
-0.67680728
-0.17747262
0.41348973
0.36925834
1.03139091
0.28036624
0.57951427
0.34865436
0.26373860
-0.09938950
2.42432404
0.10833884
-0.66936940
0.35488164
0.19989473
1.50569808
0.72252762
-0.05630167
-0.18127830
3.94323969
-0.13807830
-0.71309096
0.78878206
0.98375362
0.21850877
0.06575229
1.36627078
-1.70769811
-0.04637145
-0.47993645
0.01465908
0.43197995
0.08726283
0.11951470
-1.08836484
1.15587950
-0.74189609
1.03746486
2.99265575
0.07320695
-1.12690437
0.17318681
-0.43143219
0.05109519
0.47388884
0.21622357
-0.04764333
0.16982926
0.05120542
0.41835743
-0.14269695
-0.45257542
-1.23849237
0.05246177
0.95486289
-0.58046764
-1.82031202
-0.25735590
0.37358716
-0.63767952
0.61539119
0.20028131
-0.04854843
0.04880454
0.03146379
1.57242393
-1.06085157
0.82501507
-1.07817471
-0.37737137
-0.11729164
0.37951544
0.75279236
0.46059155
-0.27255166
0.35568818
0.09890160
0.59021401
0.46497500
0.39731038
-0.35088879
-0.01017260
0.76540357
0.76142573
0.23437525
0.74082178
0.39530677
-0.35610363
-0.61073071
0.37218550
0.53246713
0.41142306
-0.00261286
-0.55126292
0.00606915
0.05001966
-0.19478182
-0.03732131
-1.79069531
0.40260047
-0.37197718
0.61414552
0.80815011
-0.09752376
0.03863018
0.29355153
-0.19135602
-0.06661555
0.05157389
-0.14740689
0.14723718
-0.20341535
-0.23959275
0.08855784
0.58710790
1.03510237
0.01479759
-0.08217274
0.48353714
0.11864015
1.45116830
-0.13911501
0.03306023
0.24254039
-0.55348086
1.14567482
0.04326305
-0.27819240
0.07965741
-0.03839475
0.35993773
-0.60974669
1.02426422
0.16015126
0.65327156
-0.51683587
0.86350858
-0.27541408
-0.43388635
0.18111433
0.48829293
0.29909065
-0.28196862
1.89785218
-0.12662470
2.80808449
0.01763772
-0.04818885
0.54240805
-0.14893490
0.37239581
-1.03302670
0.30382019
-0.02980958
0.24737105
0.38562196
0.55774975
0.16266473
-0.54801232
0.13659094
0.60911041
0.18212152
0.05019714
1.47942984
-0.04752003
1.19398046
-0.56500423
-0.70369053
-0.10398881
0.15064187
2.04035640
0.57019073
0.25543135
0.07273632
0.90262681
-4.20399427
0.51222914
0.28608608
-0.52222955
0.21169521
-0.95361227
0.64219797
-0.11186349
-0.01326633
0.11206236
-0.04098786
-0.03695881
1.13207912
0.05282210
-0.44848967
0.31688705
0.28289795
0.03740666
0.45575693
0.13308103
0.54255044
0.05768281
-0.17784002
-0.15093014
-0.36749855
0.97215092
-0.36956397
-0.12496677
0.20896392
0.60434651
0.27096480
0.10969020
0.15944034
-0.36639318
0.34974220
-0.04062283
1.56361306
0.42177787
-0.31954515
-0.11351532
-0.19860163
0.51705372
-2.11906600
-0.18227948
-0.25408724
0.02289032
0.42431849
0.64148313
0.99529243
-0.93883955
0.31645542
0.14308241
0.01976192
0.42307547
-0.13693798
-2.97430062
0.06614065
0.69318408
-0.79973388
1.12434006
-0.05760280
0.13601243
0.09978307
0.55919534
