0.20635685
0.44500151
1.44390702
2.51847005
1.32122552
1.88017070
1.54045141
2.41911697
0.39002618
1.62162888
1.17867315
1.34079421
1.10531342
1.76444435
1.10156333
0.40548056
3.32091475
0.35917237
1.66635942
2.04943895
0.44728994
-0.21775025
1.20002735
2.11027122
0.99284720
0.98171943
1.95465946
2.53895569
3.11315346
1.53382409
2.09717178
1.64557338
1.50761449
1.72814012
0.84135216
2.13432646
0.50897086
1.19485724
1.05183387
1.45459032
2.97369361
1.89402580
2.29120302
1.52066219
2.66450810
0.06736696
0.43472451
0.98106712
1.34352827
0.47081798
1.37385416
1.82302380
1.51495528
1.38725924
2.10821486
0.37869117
2.15313435
1.67543435
0.60397816
1.96290529
1.80368698
1.21418774
0.14730933
-1.61173785
1.19725823
2.85857415
-3.98320675
2.71220160
1.89947474
1.13172412
2.78687429
0.84388250
1.43516171
1.66667628
1.15629685
0.97252965
1.21084845
1.77560866
0.10609043
1.94960594
1.21546340
2.28300667
2.17690372
0.25249675
1.64625132
2.59067202
-0.32655677
0.18680525
2.96678782
1.09934163
2.63186526
1.39395559
1.41835725
-2.79427195
0.98759520
1.43105364
1.69498205
1.36987734
1.34489727
1.06415677
2.18842745
-2.60342193
1.16498470
-2.43477583
1.16446233
2.35873342
1.48288333
1.61438775
1.95563853
2.64424014
1.37108088
1.16471469
1.61569893
1.82488143
1.46451318
2.84229255
0.62935317
3.25683689
0.83065814
1.34953988
2.37954664
1.86461341
1.42732656
1.89656210
1.22532308
0.15222023
1.96098447
2.47646141
0.21427466
-0.77957779
1.62035370
2.41108608
2.17830563
2.75959158
2.10553384
1.67724562
-0.38754699
1.97058654
2.37285662
1.71541178
1.16417313
1.26194108
-1.13257802
3.00887179
1.15701652
1.73467326
-3.40577841
1.13088369
0.90460825
1.03715992
2.92028022
1.55232489
-0.04774931
1.25783849
1.72978163
1.88305235
1.65679944
3.37694001
1.89389110
-0.93547934
1.64092493
2.73021841
0.46177974
1.71437478
2.02773118
0.45288199
1.41128922
3.35991073
2.94794393
-2.43857527
1.84166837
1.56959343
-1.24122930
-0.10945048
2.48583245
1.93605065
1.80476415
1.71552598
1.81705022
1.36189783
0.59737056
1.87154818
1.92192852
-2.27804756
1.79780877
-2.59675336
1.77920926
2.69278908
0.75994831
0.09807731
0.54467624
1.89360464
1.75614238
-1.74102378
1.56221783
2.11921167
2.34673500
0.72138679
0.57070988
-0.91155219
-1.45804369
1.46227074
1.54914653
1.03208447
1.49654984
1.71300972
2.64859414
1.91719484
2.21503615
2.62771392
1.88847649
2.57805896
0.64848900
2.23446727
1.82744944
1.98428428
1.72679675
2.66517115
2.15966797
0.36994502
-1.30873466
0.98225278
1.98288083
1.99162471
0.79752123
1.98963869
2.01555300
1.64059627
-3.03396320
0.23778476
1.53137386
2.45160580
2.18127513
1.88269544
0.78541172
1.58378589
2.13574219
1.97845972
2.06643796
0.00250829
2.94008446
1.97418404
-1.35451770
2.73123741
0.89753878
1.21375692
-0.05161731
1.43184066
-0.35765657
1.92907929
1.77975368
1.93754768
1.42644703
-0.14848028
0.30909970
1.63982427
3.96801972
2.52482533
1.87453854
1.18330097
2.03851318
0.34493166
2.33465600
0.68837219
-0.01203670
1.30554104
1.82323015
-1.62270069
2.16041827
0.45605594
1.47833872
-0.20404138
0.93885559
0.18372579
1.71141982
-2.28408122
3.14102030
0.72381896
1.94855762
-0.93743205
0.49148244
-0.14947784
-2.78623867
1.43506873
1.46686792
-1.53586435
1.34838855
2.30784106
2.57088804
0.03568819
0.10304679
1.26068354
1.39025128
1.34838331
1.37825215
0.85873073
0.19522890
1.57916117
-1.91489851
1.09323668
1.17112911
-3.69361687
0.89220697
0.89254403
2.33696508
-0.51072818
0.10961333
2.92721057
1.82166982
1.91557658
1.82598984
1.55364048
-0.69909614
2.38469052
-2.65898252
0.09167166
-0.44016686
1.28378856
1.91876388
1.23640811
1.22241116
2.01984191
1.58929563
1.96459484
1.08728206
1.73999512
1.50370741
1.97872770
0.51520765
1.37119651
1.54076982
-2.05530071
1.40542221
1.02299881
1.04305673
-1.47723043
1.36647451
0.52188689
2.13650012
2.17109919
0.25933504
0.60598183
1.03247321
1.87815011
1.66321504
1.20324159
1.71648288
0.18694638
0.02251715
-1.16390073
0.77416724
2.65340638
1.58547580
-0.06376158
0.56965846
0.09640023
1.11118352
1.65485799
2.56421852
2.13938069
1.66631365
0.46144456
0.45202100
1.10407996
1.85554421
0.25603873
-3.48330832
1.73933232
1.22140479
-0.38284934
1.09583282
1.92609429
2.32846093
-0.18200237
2.25593090
1.35453880
1.47792852
-0.12313827
0.60480708
0.82262504
0.53698987
2.35800195
1.25089300
2.09395719
1.27270889
2.66423321
-2.47804928
2.44837475
2.17115426
1.97611320
0.96630013
0.48415616
1.49792385
1.51629865
-0.04235083
-2.96398306
-2.09138060
1.86290395
1.09544945
-0.75427091
0.77159286
0.77649516
0.60215425
3.02828860
1.13960922
1.66142833
1.39340830
0.65043044
0.77991599
2.03202200
-1.55997717
1.99563038
0.29995841
0.11821414
2.18040180
1.71051788
-2.17512131
1.24634302
1.93549740
0.94699180
2.33690190
-2.31421089
2.21515393
1.15056145
1.49357474
2.88526464
1.70213902
1.62869370
2.30809808
2.06405020
0.99814403
-3.24941492
1.09973371
1.56625164
-2.52709484
1.75550365
0.75577366
1.51626456
-0.70172548
0.30820116
1.22711492
2.89932656
3.72408342
1.28166366
0.39507565
-1.96963561
1.43210101
2.09156084
1.17894435
0.23327982
2.08723474
0.25242922
1.73434651
0.79646122
-0.04798987
2.18284893
0.75005448
2.33488083
2.43194389
0.84066856
1.87747622
-1.49127793
1.51226628
1.82045817
-0.88689369
1.55414200
1.80972075
0.17609587
-3.48689222
1.25527406
1.35433400
1.90659535
1.98053944
2.31928158
2.25889659
3.57114077
0.80127066
1.71380472
3.18193007
1.58702636
1.03109956
1.33279288
-2.83694053
1.72333086
1.12327588
0.53650534
-0.57814640
0.99340272
1.76670384
1.23394561
1.27095103
1.54167831
-1.89661527
1.69971907
1.41560555
0.16128613
0.16786325
-3.13569403
0.69939744
2.32854605
1.33178973
0.65051949
0.02539986
1.30762339
2.97744751
1.80466938
1.63323843
2.50113511
1.03651118
-0.71873647
2.07116818
1.57557917
2.16717243
2.01580024
1.73679948
2.14002967
1.97068191
0.34344715
0.88781977
1.12322426
-2.63302541
-0.61878604
0.43791759
1.38877130
1.85120261
0.57732606
0.29692599
0.39902589
1.19342232
0.21796003
2.10650563
1.37759781
0.15937045
2.41127491
2.85295320
2.92082453
0.59977371
0.60388505
-1.80608010
2.91350365
-0.17835695
2.53077197
0.31077889
2.44960308
0.87396866
-1.39038384
1.78874409
0.73136723
1.69462669
1.86512637
1.96690345
1.97959125
0.04400852
2.11104512
1.69025159
1.98663116
1.35032868
0.80276471
0.89047897
1.56637275
-1.88952160
1.49047804
2.38756514
-2.16610813
1.41259599
-0.43252864
1.88131285
2.01510644
1.95655251
1.61875439
1.88590491
2.01132154
0.04137548
0.53613544
-0.26994574
2.24904394
