-0.02579094
1.64444601
0.23979209
-0.02005521
0.46731320
1.18332477
2.45344094
0.30117632
1.13019241
3.65324909
2.37378187
0.04915342
0.75019649
0.89510969
2.81766924
-1.08185158
1.35037257
0.04866151
-0.18383694
-1.09761542
2.59180130
6.73104781
2.05492710
-0.56247695
0.82041410
1.37974229
2.39479661
0.93562170
1.23737624
1.45119754
3.94836993
4.68502759
0.74437616
1.77060426
0.73563137
3.07353165
0.87859843
1.20768297
0.13202198
1.16725848
0.43660771
2.17972652
0.10412257
1.67166234
4.18925089
1.61914909
2.05282147
6.08532791
2.55587957
1.43821480
5.55605145
1.21994792
1.25006244
1.34162167
2.20674117
3.29536397
4.83253421
4.23248158
-0.24178676
1.54973638
0.33169298
0.73127958
1.03867745
1.36809331
2.18291991
0.23564570
2.29421571
1.65482147
0.11744921
8.93934670
3.33200926
0.70482553
-1.00362198
1.85190806
-0.99699278
2.00350547
2.10138285
0.31916764
1.74489833
4.91139635
-0.53532037
1.42837460
2.19971056
0.68362220
2.08500970
1.20030145
2.87757006
0.13072756
1.53074645
1.53160195
1.04626378
4.10647948
1.96867728
1.66341923
0.04356560
3.37274785
1.38873713
-0.89151302
1.23183264
0.37001691
4.42970690
0.64716801
2.37945085
3.27011641
0.98219147
2.09222043
2.74051457
1.46145127
1.90749605
0.70559739
0.43212390
2.32092599
4.85985437
1.84121674
2.53605797
0.48201982
2.32149440
1.83228949
0.88895597
-0.00312726
1.29675863
1.98543723
4.42262874
0.25074544
0.59635986
1.79673179
1.51269518
-0.01636922
