-1.51806658
8.86120785
0.70853266
10.39402151
5.47650308
-1.23120689
-6.84482444
1.51042653
-2.54560805
-1.69438602
1.96053284
11.51955668
3.03645197
11.75903136
-1.78626105
1.18072276
12.05289732
3.05039113
-8.38503267
10.46544133
11.05418258
1.62635316
4.26970657
10.37290905
-2.10904930
-8.83357748
-1.20340503
-4.81159283
15.85877850
2.96550556
-5.71465991
0.97758130
-4.01048715
-13.95364178
-21.52728327
2.98046267
-1.37593352
-5.87046681
0.12858259
3.34491391
-0.61520268
2.25536158
-4.76370611
-6.02690688
-13.64311752
-7.69830139
14.07606978
-0.78226677
