-1.50000000
8.87500000
0.75000000
10.37500000
5.50000000
-1.25000000
-6.87500000
1.50000000
-2.50000000
-1.75000000
2.00000000
11.50000000
3.00000000
11.75000000
-1.75000000
1.12500000
12.00000000
3.00000000
-8.37500000
10.50000000
11.00000000
1.62500000
4.25000000
10.37500000
-2.12500000
-8.87500000
-1.25000000
-4.75000000
15.87500000
3.00000000
-5.75000000
1.00000000
-4.00000000
-14.00000000
10.50000000
3.00000000
-1.37500000
-5.87500000
0.12500000
3.37500000
-0.62500000
2.25000000
-4.75000000
-6.00000000
-13.62500000
-7.75000000
14.12500000
-0.75000000
