-0.09641633
-0.11968850
-0.27309063
-0.35900277
0.52917451
0.35837054
0.09791851
0.00569445
0.34287861
0.00858729
-0.30910143
-0.88543439
0.27935693
-0.71349418
-1.17270136
0.11849473
-0.20947853
-0.34776625
-0.23504210
0.37984595
0.17874514
-0.56982011
0.46812958
-0.10600839
0.28867495
-0.61652964
0.17085803
-0.02482432
-0.86487174
0.17129835
0.03744273
-0.03680235
-0.60299814
-0.57036877
0.37686270
0.18807444
0.29729024
0.55323362
0.02245439
-0.04393281
0.15282251
-0.14204083
-0.48584691
-0.44992167
-0.03661180
0.23299450
0.36007491
0.03963801
0.06603485
0.00835284
0.14575525
-0.10705680
0.19533698
0.12355512
0.15602612
0.05358010
-0.13218677
0.09837579
-0.28283650
0.16811627
0.57892865
-0.21776856
0.27444056
0.48035565
-0.19045106
0.08054956
-0.02556559
-0.36820784
-0.05651329
0.22318834
-0.15669057
-0.05213057
0.22025345
-0.00909073
0.15091035
0.19677094
-0.02235086
0.14764434
0.23122585
0.06247592
0.19835386
0.01434400
0.22745889
0.04878419
-0.41314968
0.00388364
-0.04654521
0.11148947
-0.33436999
-0.33378270
0.48708528
-0.12078282
0.08525377
0.27982700
0.11153263
0.40890685
-0.05799075
-0.07113681
0.10329671
0.02230454
-0.32738501
0.03765808
0.15384544
0.02359621
-0.05315029
0.11612377
-0.02844908
0.14660610
-0.26855183
0.14850321
0.47130471
-0.54574668
0.22852564
0.16473177
-0.12139658
0.33996278
0.02927896
-0.19443676
0.10235408
-0.19054964
-0.14169306
-0.35673726
-0.19277629
0.21426074
0.02534206
0.29666066
0.16763335
-0.01458239
0.14651187
0.33494100
-0.01752337
0.23362394
0.07180773
0.52657098
-0.10117496
-0.23608506
-0.22624886
-0.43466777
0.18040943
-0.37325227
0.04410537
0.09674517
0.13602301
-0.05210081
-0.41301772
0.31491858
-0.12736036
-0.07008990
0.24726407
0.00498450
0.13917454
-0.39254099
0.10892803
0.18627131
-0.31026646
-0.22562569
0.64446086
0.17779642
-0.18841858
-0.38426563
0.01362587
0.07066035
-0.21816672
0.48231712
0.00363409
-0.13622005
-0.31024563
-0.11534485
-0.19376546
-0.21030018
0.24698000
-0.25141823
0.27841139
0.00395349
-0.13209058
0.04837415
-0.01996803
-0.00932838
-0.24433415
-0.39364377
0.40008512
-0.45226854
-0.05550814
-0.11652833
-0.05797188
0.18287389
0.17948593
0.62147188
0.00393696
0.23521955
-0.16264173
0.19817433
-0.35369980
0.26918960
-0.09886549
-0.04045145
0.14077130
0.09708274
0.10105522
-0.35985696
0.21253099
0.23099330
-0.22762311
-0.18520077
0.59635311
0.13192621
-0.13402990
-0.26061416
0.01795126
0.08297250
-0.18527254
0.41559631
-0.05265649
-0.01843376
-0.20160845
0.00583110
-0.16445695
-0.14876424
0.16967747
-0.17562272
0.20404369
0.04425833
-0.15992278
-0.04953252
-0.03181934
-0.04213286
-0.15447560
-0.37135381
0.32521701
-0.33791441
-0.06226002
-0.17887521
-0.00152635
0.09028982
0.18803433
0.50279611
0.02077388
0.21776034
-0.13171490
0.24418008
0.21695285
-0.27973881
0.23139057
0.07253677
-0.34027430
-0.03185848
-0.05053411
0.34743878
-0.36023644
0.09255154
-0.24032256
0.10186934
0.29472494
-0.40960875
0.21064322
-0.13634554
-0.05199709
-0.03727182
-0.43500867
0.73431426
-0.17176634
0.20535748
0.32399753
-0.17224184
0.05274701
-0.23947729
-0.23593123
-0.16747496
0.09960394
0.12907085
-0.16994391
0.06921031
0.09310518
-0.40478554
0.14870152
0.34620082
0.56711209
-0.28838024
0.37656775
0.29577437
-0.07874605
-0.39181945
-0.11468875
-0.35806042
0.01005698
0.03443771
0.07049511
0.51276988
0.12860878
0.02565502
-0.35427222
-0.56502974
0.07906305
0.07131106
0.03048443
-0.08176332
0.32740271
0.25935045
0.29448506
-0.76047653
0.05961133
0.37399998
-0.13482897
0.25846183
1.35112321
0.26216143
-0.10229120
0.08017423
-0.08803124
0.28986904
-0.26390722
-0.82096815
0.20277621
0.78984284
-0.78812343
1.32907140
0.26896653
-0.13496166
0.62541097
-0.29665226
0.05780944
0.43468258
0.28416124
-0.26569113
-0.14547279
-0.16187954
-0.16134037
-0.50219983
0.46644479
-0.71360165
-0.31934395
-0.33340487
0.13962869
0.08067704
0.24913815
0.64845097
0.01052446
-0.01708572
0.03357149
-0.40104377
-0.03872212
0.10643213
0.23115000
0.06452663
0.13874508
0.18390666
-0.11018744
0.36689612
-0.21733627
-0.65552860
0.56353962
-0.21462835
0.40576431
-0.07481621
0.49276179
0.01601572
0.16909529
-0.34386894
-0.23238815
-0.24766785
-0.00712264
0.37339684
0.05339448
0.57844114
0.40453571
0.03586242
0.80581862
0.11691391
-0.59680903
0.25062823
-0.30963886
0.05344201
0.90990299
0.32016033
-1.15003407
-0.15806463
-0.18944861
-0.37436736
0.12368781
-0.48383403
-0.05923583
0.13900103
-0.14429878
1.16938782
-0.09338904
0.22157250
0.65685630
-0.33516967
0.16691543
0.04963012
0.13423680
0.18588755
0.33383954
0.06758808
-0.07872536
-0.09632743
-0.32785657
-0.05599495
0.37065133
-0.19325405
0.28146988
-0.16686560
-0.14918956
-0.12306764
0.23848352
-0.07218467
-0.04759623
0.10363193
0.32551563
-0.14082994
-0.36284915
0.38837862
-0.14312890
0.28115928
0.30078349
0.53944397
-0.05482155
0.16335063
-0.00055902
-0.31014591
-0.20923857
-0.24212024
-0.35090721
1.02463448
0.15148433
0.31987792
-0.08198605
0.30445805
-0.05953258
0.14408588
-0.01075926
0.06617068
0.34478199
0.36867842
0.06495152
0.44163612
0.23542641
-0.33064935
0.74404109
0.67282057
-0.13377911
-0.47550991
0.61627209
-0.74473637
0.30776274
-0.04398477
0.21685791
0.59211141
-0.44108585
-0.10331476
0.22243263
0.80976212
0.22673105
-0.47535026
-0.07110013
0.00999883
0.38861591
0.11535757
0.83864266
-0.66998994
-0.08953337
-0.15881610
0.46599096
-0.11725482
-0.14975789
0.18616295
-0.49544102
0.48105142
-0.41705048
0.04787669
-0.21273927
0.48002350
-0.25557223
-0.46860462
-0.26095617
0.09368051
0.35825005
0.36906391
-0.38870791
0.54233879
0.05965753
-0.34657410
-0.19887158
-0.13288803
-0.06814097
-0.80125391
0.61982495
-0.10480981
0.39855546
0.07210952
-0.23892403
0.02154298
-0.08686960
0.34054738
-0.50200289
-0.46864247
-0.22248115
-0.34651929
-0.22934023
-0.19317245
-0.39638290
-0.12813036
0.49408415
0.26202714
-0.37408778
0.60335380
-0.27368084
-0.27715287
-0.19575527
0.13012254
-0.21742111
-0.64610726
-0.03235013
-0.75248271
-0.05191633
-0.32920733
-0.06168377
-0.30514777
0.45687053
0.16228674
0.47406241
0.09291251
0.67092609
0.61426651
0.44603842
0.04600491
0.24705376
0.54656452
0.11143631
-0.45126140
0.06648812
-0.03661644
-0.06871849
0.05954141
-0.17349236
0.07233167
0.02847800
0.06800073
-0.10195687
-0.82218015
0.51295620
-0.76518077
0.07096440
-0.01565831
-0.27468270
0.25988191
-0.07474090
0.57401800
-0.19351526
-0.58644140
0.06944856
-0.38798490
-0.33043993
0.63751394
0.10167656
0.44661462
0.10714877
-0.23599634
-0.26083004
0.01594632
-0.71924263
-0.93454373
0.03049280
0.50771314
0.09635950
-0.05814368
0.14079358
0.36558706
-0.16479678
-0.19205660
0.00053911
-0.23320167
-0.00097109
-0.11517103
0.02228749
0.07377639
0.44762298
-0.10375494
-0.00381002
-0.45429951
-0.23520559
0.10772193
0.22647141
0.64604640
0.08696726
0.04042616
-0.12503842
-0.30729538
-0.04814002
0.40292948
0.05268019
-0.11394171
0.21246612
0.22453108
-0.69024956
0.08488256
0.22640730
-0.63573605
-0.59687346
0.55802774
0.03911760
0.10133037
0.67011523
0.52039051
-0.22352573
-0.14189698
0.09819829
-0.34545100
0.33482990
-0.01552249
0.17619851
0.36915711
0.20598936
-0.27888304
0.21753930
-0.51722783
-0.35727379
0.46812642
-0.14331540
0.13015580
0.09512203
0.23627889
0.29691595
0.22710048
0.28026393
-0.00694889
-0.07497606
0.18541032
0.15290260
-0.01388087
0.32480022
-0.15526909
0.05959132
0.23184814
-0.15409103
0.38320994
0.50874299
-0.06278741
0.36403465
-0.01240587
0.02594679
0.28360161
0.27865198
0.07642518
0.20094484
0.11698187
-0.19845912
-0.36018825
-0.12429098
-0.38287830
0.32052708
0.08812881
0.14455771
0.21201509
0.28687516
-0.04112588
0.53932548
0.32301086
0.08618397
0.03127016
-0.21120536
0.76183468
0.03167309
-0.18666629
-0.22952160
-0.13326524
-0.09418762
-0.12472812
0.04644749
0.04250237
-0.00713356
0.18189739
1.00806248
0.35571864
0.05149391
-0.36788535
0.14222948
0.29749447
-0.48304096
0.19977231
1.25693727
-0.37208346
-0.20756099
-0.35158753
0.04985389
-0.19973977
-0.10846256
-0.43324524
-0.68074536
-0.58114368
0.49927512
-0.12014257
-0.28299385
-0.19605614
0.17384793
-0.03156586
0.39183262
-0.22136480
-0.33517206
0.40831530
1.07686853
-0.12994386
0.03704054
-0.14845727
0.18259743
0.20289016
0.32082325
0.10167679
-0.07227743
0.24289598
0.58177203
-0.29312587
-0.36957565
-0.33036307
0.00854625
0.36553854
0.36779171
-0.37241596
0.25353658
0.12040580
-0.04064898
-0.05554541
-0.15117887
-0.20954818
-0.37042364
0.06776906
0.06906010
0.11815672
0.10013133
0.10801026
0.06914251
-0.17963994
-0.25520289
0.37261951
0.14134410
-0.74706560
0.28167593
0.07173525
-0.14694767
0.39597294
0.05891886
-0.15799578
0.09079779
-0.28275400
-0.03658357
-0.11281791
0.40037578
-0.26272637
-0.13866936
0.05866420
-0.36665261
0.22316109
0.25537944
0.14107034
0.00153575
0.24213254
-0.23737268
0.56649268
0.38258669
-0.24269064
-0.10247280
-0.08401259
0.08982009
-0.02554428
0.02247614
0.05807976
0.07450714
-0.53748399
0.55913174
-0.05026372
0.59902745
-0.07568149
0.14546061
-0.20081370
0.03591922
0.14525217
-0.36934271
0.06836812
-0.06806517
-0.77168041
0.18686876
-0.67625821
-0.32756543
-0.36735424
-0.64307284
0.01479070
-0.83911407
-0.09938848
-0.02474735
-0.03210048
-0.25148410
-0.50082505
-0.30779478
0.45308915
-0.25116906
-0.72366279
-0.05418665
-0.46032256
-0.70312077
0.84590471
0.77956891
0.60843223
-0.04478309
0.21037683
-0.49598455
-0.49628538
0.43028358
0.14472659
-0.35022455
0.69129610
-0.10060466
-0.12181812
-0.04983820
-0.14569128
-0.29948625
-0.45171517
-0.07022838
0.17258821
0.07171698
0.57165515
0.24935819
-0.11045724
0.04572835
0.13181892
0.03873623
-0.14135799
0.04774520
0.06309255
0.23463935
-0.12337433
0.19461566
0.04117178
0.55368096
-0.21797182
-0.49055424
0.20375255
0.06019504
0.34484792
0.43372044
-0.07383292
0.10343785
0.18193421
0.16039272
-0.23808575
0.00119495
-0.23008120
0.55487573
0.15137099
-0.14217760
-0.05421731
0.11106695
-0.36845684
0.21043885
0.24130432
0.28213999
-0.41302094
-0.00158731
-0.36725405
0.23503429
-0.35363355
0.03727742
-0.05942500
-0.24057454
-0.29194626
-0.06539971
0.11557087
0.18151271
0.23535052
-0.23852281
-0.19398926
-0.37252125
-0.37643424
-0.28278452
-0.41055745
-0.61315554
-0.56451809
-0.77061540
0.03334010
0.12949698
0.19061886
-0.43259850
-0.40071404
0.57865512
0.09529774
-0.18085359
-0.11500729
0.05253020
-0.08057910
-0.23787218
0.52331376
-0.00671425
0.08791356
-0.23508254
-0.11061717
-0.21947759
-0.07722436
-0.36768931
0.19762067
-0.12744683
-0.71054608
0.43491405
0.12111539
0.39579755
0.86370647
-0.25763384
-0.09019914
0.04375752
0.25985608
0.08806551
0.16676460
0.73507369
0.15830187
-0.05150016
-0.01315317
0.02642493
-0.12862597
-0.42331260
0.04784148
0.16500087
-0.00519162
0.11545546
0.19275965
-0.01611355
0.12433148
-0.27923855
0.21307012
0.29259247
-0.67769933
0.04992570
0.22332948
-0.40946230
0.47699338
0.10666228
-0.07647243
0.20270397
-0.04868040
-0.06275763
-0.36295974
-0.02986067
-0.17945462
-0.11411305
0.11422322
-0.19381176
0.04299126
0.23448262
0.37948999
-0.06694423
0.14526282
-0.35355261
0.86550355
0.07512410
-0.32261756
-0.16820051
-0.27290022
0.09423054
-0.10655638
0.01066249
0.07449682
0.13262337
-0.31069788
-0.15433857
-0.15509158
-0.50994503
-0.03669624
0.05262497
-0.02669017
-0.04086937
0.15721010
0.24654095
0.31165117
-0.16274075
0.26016173
0.09364968
-0.05556745
0.36408821
0.27546674
-0.79941028
-0.12915178
-0.20449087
0.61931068
0.02441000
0.55000460
0.48307395
-0.34283686
0.12864029
0.46529523
-0.07772441
0.11898387
0.21080671
-0.50939518
-0.13120131
-0.14015293
0.32211563
-0.18725671
0.27389005
-0.05003138
0.37455863
0.31250367
-0.61304611
-0.29303569
0.50293916
-0.11745606
-0.45992136
0.82741773
-0.17783356
0.06481519
0.16402897
-0.02121351
-0.37648079
0.26761407
-0.85155058
-0.02755379
-0.44782069
0.30595407
0.07760620
0.00431320
0.34828913
0.22176886
-0.40842617
-0.65022010
0.32914543
0.17105946
0.43684986
0.72327220
-0.12556757
0.09280127
-0.00980845
-0.80687547
0.12571055
-0.13979658
-0.33344957
0.08086217
0.10792954
0.38172400
-0.29665986
0.16811869
-1.28656268
0.14728290
0.15663880
0.72453868
0.02498548
0.35870627
0.81632811
0.28295511
0.01299427
0.52913707
0.55795842
-0.07246789
0.07429700
0.77463633
0.54742926
0.22967049
0.01671109
-0.96436846
-0.52620214
0.70441878
0.02350972
0.19646585
-0.77488256
-0.17222372
-0.12731494
-0.18891257
0.05142165
-0.03134218
-0.01675547
-0.23209058
0.10689803
-0.27759409
-0.64093602
0.05608301
0.37079716
-0.36480963
-0.05258346
0.12114006
-0.32866475
0.05945307
0.10141522
-0.69690025
0.03077148
-0.07884140
-0.32016665
-0.07063871
0.33560073
-0.44499046
0.05297180
0.24779640
0.10409526
0.69539970
0.48090810
-0.58025891
0.24656923
-0.34598538
-0.03093160
-0.40163186
-0.07890570
-0.35937354
0.02691501
-0.43951732
0.05518080
-0.08195740
0.02849687
-0.12191282
0.24327533
0.37926391
-0.26150933
0.23548941
0.06058285
-0.35439962
-0.41803449
0.07978008
0.12761374
0.15054959
-0.51634461
0.28894678
-0.37699115
-0.22696008
-0.18116553
0.27135533
-0.67331690
-0.49248955
-0.78903300
0.06357259
0.62979466
-0.28010857
0.57713664
-0.11744071
0.29143131
0.07340492
-0.46322060
0.61339736
0.90720153
-0.94807261
0.17042138
-0.21373115
1.22616911
-0.40300459
-0.37943035
0.70680571
0.00466244
-0.38705042
0.23293002
0.33619851
0.42715102
0.35905999
0.18679263
-0.17622741
0.29743361
-0.22042553
0.30050954
-0.22685331
0.11028343
-0.10451688
-0.07101087
-0.06872614
0.27993095
0.00349216
-0.84639114
0.06503158
0.04624669
0.25399870
0.12648302
0.29540297
-0.27158806
-0.37261292
-0.51046669
-0.16234806
-0.22409508
0.04782995
-0.03591082
0.08731265
-0.28049105
0.22420543
-0.04274173
0.69681472
0.00964811
0.61576438
0.28095803
-0.38034767
-0.05369230
0.19894312
0.11583368
0.39516929
-0.03511299
0.44346678
0.28879032
0.17722243
0.02985658
-0.07719766
-0.04305707
-0.07127437
-0.06018049
0.04205225
0.06138494
-0.06993064
0.17591368
-0.20341106
-0.07236584
0.09734949
-0.08169652
0.55065864
0.09239022
-0.24436362
0.62315655
-0.24479318
0.75498694
0.20990320
0.11828458
0.24257115
0.14910024
-0.02128024
0.18687886
0.23505987
0.32556346
-0.59431678
0.73316437
-0.03680505
-0.24545607
0.23111741
-0.99695402
0.20938011
0.14363006
-0.24881171
0.26402494
-0.54896933
-0.27141201
0.73698318
-0.61838180
-1.19117200
0.34514129
-1.11521935
-0.27349687
0.74736047
0.03092984
0.99016178
0.39845857
0.03598395
-0.11152831
-0.35173824
-0.14372282
0.19209145
0.33606946
0.46797526
0.04603733
-0.06495778
-0.06029409
0.16516711
0.35192913
-0.27986610
-0.02933777
-0.09798080
-0.94496071
0.29293603
0.77702689
1.21782148
0.61027128
-0.09612808
0.19304790
-0.33175752
0.68597752
-0.33621916
-0.04572464
0.05867038
0.03192923
-0.26270434
-0.05042574
-0.18158893
0.36263332
-0.32358658
-0.01161900
0.44651338
0.09670615
0.07220532
-0.14860803
-0.01525535
-0.40131059
0.76536191
0.04953201
0.41470990
0.31740704
0.37782249
-0.23338382
0.08268042
-0.93596238
-0.03507141
-0.19916232
0.34847829
-0.22166540
-0.52548587
0.46881372
0.36212772
0.00785165
0.07076177
0.27673939
0.25332284
0.28871125
-0.47418448
-1.36377466
0.10813861
-0.08471876
0.18486917
-0.11369678
-0.23180646
-0.10869914
0.63745028
0.06408846
-0.57686949
-0.23952639
0.23800324
0.26341897
-0.95454985
0.38208348
-0.39988193
-0.58018231
-0.71528965
-0.37563083
0.14093313
0.22795425
0.40846395
-0.38180858
-0.07344503
-0.23685856
0.19364250
-0.32851493
0.24472538
-0.27295792
-0.02182245
-0.14039123
-0.73097378
0.64691854
-0.22941121
0.35542253
0.64529395
-0.29245973
0.63164437
-0.53707403
-0.55264109
-0.11861705
-0.26890838
0.05112595
0.66366524
0.00335388
0.02320175
0.58952433
-0.07926767
0.08182824
0.33958861
0.19717543
-0.08144579
-0.04778245
0.39998913
0.85298967
0.18754339
-0.27482203
-0.17113847
-0.16164625
-0.20685129
0.32660791
-0.04906232
-0.10761898
0.31638813
-0.42298362
0.20699294
0.36639470
0.18637143
-0.57830024
-0.67908877
0.03404441
-0.15273941
0.28053239
0.08643309
-0.38458979
0.66366965
0.47903171
0.12011401
-0.32026199
-0.30286750
0.17714950
-0.36958915
0.00317498
0.10233282
-0.44361186
0.22174610
0.39251161
-0.40097788
0.00323949
-0.05898442
-0.22147511
-0.00792446
-0.25492465
-0.84106266
0.09234539
0.46752730
0.43257385
-0.01126488
0.25898907
-0.31692567
0.64677304
0.09705162
-0.03900726
-0.22947469
-0.21952140
-0.00695110
-0.19890070
0.12848985
-0.26165363
-0.32799175
0.03106776
-0.15823810
0.22058558
-0.06268552
-0.76881564
0.41476980
0.11931366
0.39053509
-0.22843021
1.33736575
-0.02227551
0.53853053
0.05386003
-0.22102997
-0.20458359
0.21502443
0.40085021
-0.47303405
-0.08766808
0.10283165
0.41114882
0.09601273
0.12742987
-0.34440178
0.29524103
-0.18091924
0.07681422
-0.10911067
0.05140112
-0.02847913
0.14969563
-0.16644342
0.14076357
-0.24591668
-0.33884621
0.17824665
-0.34181398
-0.79788774
0.26992831
-0.18128751
-0.09363475
-0.14868547
-0.29301822
-0.02757696
0.26062909
0.08138078
-0.17250787
-0.26739854
-0.18610321
0.20580038
0.09667455
0.09877624
0.45106581
-0.39392394
-0.00266731
0.30853492
0.04497339
-0.36640358
0.36248952
-0.09555851
-0.23968036
-0.37298083
0.04120561
0.04927365
-0.14149550
0.59685570
0.90996790
-0.84336746
0.10820312
-0.01865966
0.88162029
-0.08103097
0.12630235
0.01331676
0.13907540
-0.57964820
0.34316683
-0.12227570
0.04534288
0.03356968
-0.01804948
-0.47947571
0.00089114
0.14544040
1.67900860
-0.02240111
0.14240307
0.00760624
0.14238922
-0.16822293
0.05205695
-0.05618797
0.18196020
0.26247981
0.20761555
0.73493278
-0.33411074
0.32751536
-0.22447594
-0.04606923
-0.05949842
0.12332868
0.31285840
0.08393060
1.41192830
-0.20962615
-0.27326760
0.13434257
-0.24737146
0.94985706
0.27479327
0.27184334
-0.69785988
0.41082281
0.87445951
-0.92866725
0.05374962
-0.18197083
0.48805618
0.21540335
-0.04730577
-0.33647743
-0.00217103
-0.09159511
0.14512765
0.30389297
-0.18398835
-0.08916312
-0.21847515
0.70017946
-0.04238716
0.45241264
0.28494164
-0.00303451
-0.01454500
0.30179667
0.18542501
-0.41156578
0.68426639
0.52538472
-0.08712433
-0.75974536
-0.18264939
-0.11378972
0.12583853
0.29678166
-0.43245780
0.12914981
-0.42373151
-0.11645551
-0.48171252
0.22693050
0.30697778
-0.33268473
-0.26340708
0.28998724
-0.09458303
0.15806355
-0.45164269
-0.15286155
0.12309493
0.40512076
0.16020629
0.09298107
0.56216967
-0.25028694
-0.16652490
0.44859010
-0.01186691
0.07052369
-0.22102581
-0.29021651
0.05082864
0.33212319
-0.11135627
-0.26424778
-0.16250609
-0.29982579
-0.21843795
-0.77060342
-0.23411547
-0.39976639
0.06082584
-0.36046445
0.28679973
-0.19716947
0.11526016
0.70418566
0.88223338
-0.11819871
0.31832194
-0.10091415
-0.05064090
-0.40560856
-0.43912748
-0.59138131
0.14719233
-0.23835386
0.12759562
0.18400633
-0.02456401
0.12747972
0.21308357
-0.10090629
0.12384046
-0.06876249
0.07601789
-0.08132197
0.39492145
-0.27461305
-0.20941743
0.30404177
0.04445008
-0.74082500
0.04223068
-0.23774563
0.42474833
0.13374332
-0.52048576
-0.07981272
0.21431457
-0.23004577
-0.13869293
-0.68812615
0.77008557
0.02269087
-0.47257742
0.03823880
0.04994517
-0.22482094
0.50408381
0.08800501
-0.41837475
-0.15246522
0.14357807
0.29731390
0.15477520
-0.23335245
0.16390510
0.07323545
0.67079633
-0.56379640
-0.82059944
-0.02365530
0.04030693
-0.12139384
-0.38906190
-0.07387039
0.24190521
-0.22307053
0.17185333
0.18900192
-0.31254917
0.63043785
-0.48397842
-0.62407768
0.14285976
0.24976918
0.08253255
-0.06338825
-1.03072095
0.24327238
-0.31149730
0.03601637
0.08149051
-0.47501382
-0.04047250
-0.13585472
-0.33500975
0.16646227
0.40524796
-0.07001203
-0.22131480
-0.47723755
0.13581090
-0.42551035
-0.37388539
0.27994555
1.21581316
0.05714331
0.07752693
0.38469195
-0.10008158
0.01917153
-0.43170542
-0.32142675
-0.26849681
-0.15454081
0.12930752
-0.27050090
0.08228087
-0.10616151
-0.17934395
-0.11469983
0.09170496
0.25939986
0.28128821
-0.97877026
-0.41644615
0.61707264
0.12189410
0.33145541
0.34812805
-0.09537639
0.25160667
0.23388784
-0.13692182
-0.42393562
0.06439999
0.21794701
0.33700854
-0.12615210
-0.05846606
0.36322427
-0.07267699
0.18729088
0.09788942
0.30951169
-0.18264405
0.03965103
-0.05549678
-0.77606666
0.16176747
0.18658678
0.20567605
-0.12187821
-0.35413709
0.04093602
0.10056301
-0.20511661
0.44121704
0.01493538
0.20539133
-0.15916324
-0.36652490
-0.32385263
-0.05226418
-0.26479879
-0.22255546
0.12968612
-0.29862642
-0.03915022
0.23927288
0.43548125
0.02266284
-0.28484324
0.33118233
0.08055721
0.96323138
0.75252968
-0.18783477
-0.42880344
-0.43328306
0.34963953
-0.52552187
0.01646574
0.10402360
-0.14521822
0.10239644
-0.33888367
-0.39007106
0.40082371
0.11012011
0.19862774
-0.06049797
-0.30512363
-0.03442602
0.01266559
-0.08776255
0.17700368
0.17028989
-0.13183773
0.29796687
0.47445831
-0.21863164
0.27502775
0.22871484
-0.07027265
0.28100446
0.34811240
-0.16521437
0.55114228
-0.21514833
-0.46044081
0.20088951
-0.17680603
-0.53354132
0.09850889
-0.92141908
0.28739005
0.01651589
0.44050831
-0.24401781
0.23302878
0.44250560
-0.20535570
-0.40347773
-1.10740495
-0.04359515
-1.23540211
-0.71705312
-0.35496140
0.82210493
-0.78128392
-0.02021290
-0.37203729
-0.62632400
0.43129292
0.56576419
-0.13654390
0.25289568
-0.13799271
0.08362653
-0.17150731
0.02217936
0.27247706
-0.09669404
-0.32672152
0.10395472
0.06703323
-0.21569267
0.41910991
-0.06182572
0.08183094
0.24615696
-0.11164328
-0.00429604
-0.09595212
-0.13520823
0.57660580
0.38264284
-0.10824400
0.27040216
0.15850440
-0.96310610
0.06020470
-0.22254455
0.32296079
0.20330359
0.64459479
-0.15124807
-0.37114659
0.14461340
-0.04097636
0.56831896
-0.44774079
-0.13971247
-0.10439193
-0.75989449
-0.34862590
0.57312649
-0.07943489
0.06836487
0.14458317
-0.56352937
0.30652007
0.43759277
0.17068945
-0.35962030
-0.09148584
0.20147234
-0.09816495
0.03954482
0.21981175
0.21106979
-0.30518398
0.18433566
0.11171999
0.14091662
-0.04571202
0.12270100
0.09276129
0.07233225
-0.02030262
-0.12657158
-0.07286759
-0.09751073
0.08405422
0.44509673
-0.39501470
-0.07154167
0.57711869
-0.44462880
-0.02503544
-0.15845504
-0.51785868
0.03202049
0.60135847
-0.19601083
0.19072065
0.37660235
-0.08207442
0.13542369
-0.04709396
-0.22625872
0.05831319
0.01757855
-0.02252449
0.33134472
-0.20063451
0.09674288
-0.06145103
-0.36865017
-0.05040090
-0.06088942
0.26861271
-0.28392392
-0.21697816
0.30374181
0.21304668
0.06925713
0.24257742
0.10543195
0.17919798
0.00843144
0.03943121
0.31597531
-0.30458385
-0.32480896
0.10920613
-0.01978236
-0.01477319
0.43722242
0.06491215
0.23546359
-0.26215190
-0.42090726
0.81568253
0.35084718
0.02127883
0.32507679
-0.00359512
-0.07667214
0.25686508
0.19670419
1.03560340
-0.15848933
0.09291364
0.22761711
-0.16332446
0.29416949
0.09506308
-0.12503414
-0.40215600
0.29549584
-0.07971185
0.35942292
-0.11081439
0.03763796
-0.03725405
0.20007849
-0.15275618
-0.31684434
0.97791845
0.31670725
-0.24220672
-0.25810283
0.86325973
-0.06431910
-0.00382687
-0.08598373
-0.15783444
0.04456138
0.07289255
0.37076005
0.01347860
0.15052921
-0.17815714
-0.13012603
0.18404624
-0.41809377
0.26219267
-0.42360687
-0.47380328
-0.47545832
-0.14391522
0.22762050
-0.00279492
-0.44435993
0.28884909
-0.27926376
-0.14067237
-0.44073075
-0.35280862
0.27218530
-0.23406872
0.04581747
-0.01858050
0.12064014
1.07316041
-0.27054593
-0.24776974
-0.14811985
-0.43816167
0.05140539
0.25029746
-0.16177711
-0.26935166
0.09639239
-0.20197466
0.69004661
-0.42088932
-0.20663354
-0.46604252
-0.17349954
0.27343634
0.19317685
0.18366049
0.61048239
0.17974049
-0.23264506
-0.12633604
0.09593346
-0.48769680
-0.40988871
0.08676158
-0.07044978
0.32444873
0.07829598
-0.00378961
-0.21451597
-0.07236610
-0.36794165
-0.23612419
-0.25742280
-0.30097374
0.29158121
-0.16417645
-0.57902908
0.23336734
-0.01734550
0.51164573
-0.02590248
0.45591816
0.06743482
-0.46483326
-0.39490366
0.23178183
-0.19712365
-0.13301355
0.00845061
0.26659355
0.58755016
0.01439514
-0.13134800
0.11812779
-0.34028661
-0.17250779
0.33236974
0.05595322
-0.13739219
0.17269087
0.21082552
-0.28252757
0.00277059
0.02281812
-0.22657233
0.38753834
-0.47467837
-0.34717196
0.82665753
-0.21428350
-0.36501342
0.10320736
0.37248018
-0.62825084
0.43202722
-0.24893776
-0.59027725
0.07192836
-0.77939159
-0.76345229
-0.10154911
0.71373093
-0.13216425
0.95300615
-0.28942966
-0.49384859
0.46917582
-0.07271148
0.11547956
-0.77130675
-0.02116844
-0.20591746
0.29897177
0.26872313
0.41878107
-0.42045486
0.46179423
-0.04604958
0.42388266
0.13683757
-0.10708273
0.16341247
0.38843909
-0.50528222
0.28939167
0.35533151
0.26192746
-0.30879119
-0.38117781
0.10213354
0.51682734
-0.39508504
0.50526464
-0.14007083
-0.13050593
-0.09565766
0.13117369
0.55548447
0.25463411
0.02338253
-0.10251492
-0.43735820
-0.08661908
-0.15947647
-0.06006270
-0.18572977
-0.06215877
0.47075188
0.28565893
0.03178392
-1.10169435
-0.26808468
-0.30178884
0.41130009
0.04242409
0.53279436
-0.11582775
0.24195567
0.17531192
0.01251527
-0.49427420
0.69003034
-0.11393563
0.09978205
-0.16156456
-0.39723215
-0.24463415
0.18397357
0.09634472
0.21834946
0.22161891
-0.64220971
-0.17093626
0.04566714
0.01486369
-0.08761594
0.04071850
-0.60714602
-0.01479248
-0.01548027
-0.11375518
-0.12845017
0.41085279
-0.32314911
-0.48114190
0.29014704
-0.92566413
-0.00699700
-0.19863698
-0.46948889
-0.22675437
-0.41929153
0.23158176
0.48962292
0.02531298
-0.55783850
0.25198919
-0.51675218
-0.07741296
0.61099690
0.71962923
-0.14951889
0.01213578
0.40624130
-0.05033264
-0.23622406
-0.05927983
0.96092278
0.11320250
0.99376386
0.13716008
0.13623674
-0.06997337
-0.38966364
0.31326988
0.07974894
-0.84251666
0.15816665
0.19906591
0.14294301
-0.23319416
-0.51393342
-0.59903383
0.08649447
0.81932968
0.49119201
0.10883727
-0.16908759
-0.33249649
-0.00528264
0.05307090
0.08349766
-0.29793024
-0.08156011
0.10495758
-0.21291743
-0.13179810
-0.09617311
-0.10030121
-0.18464434
0.14194353
0.10925578
0.44810781
-1.03749180
-0.21111441
-0.23568362
1.23322463
-0.00708367
0.24996863
-0.00469382
0.00730984
0.24545354
0.83841383
0.14306234
0.12895748
0.09722022
0.41692811
0.33271214
-0.19286311
-0.54430795
0.14832427
0.29499456
-0.63686091
-0.06681006
0.13749658
-0.13916005
-0.58641136
-0.36054361
0.21503025
0.04959701
0.08596078
-0.05378294
-0.06748803
0.67104203
-0.02994688
-0.18416186
-0.04787956
0.24091810
-0.87576514
-0.18318388
0.05379229
-0.73000890
0.62201929
-0.30642429
0.23345228
-1.16297340
-0.11401528
-0.02944471
0.45633504
-0.20136698
-0.71391612
0.03397020
0.04147303
-0.12166122
0.19577499
0.27447480
0.20485154
0.29018179
-0.49424165
0.09079932
-0.41684169
0.44306087
1.43529820
0.60590690
0.55925953
-0.22509617
0.45309556
-0.04985371
0.05784658
0.35184222
-0.15237994
0.32211730
0.87195659
1.04718471
0.73191881
1.06329048
0.99775428
-0.10233640
-0.02319679
1.36572063
0.22851874
0.05171424
0.00099134
0.70151967
-0.26825559
0.24267492
0.28511241
0.02059489
0.80869299
-0.72589523
-0.12987109
0.07511665
-0.11510356
0.44569090
0.02869428
-0.02416509
-0.24916705
0.16285820
0.22317529
0.20005313
-0.52351773
0.04881994
-0.11763506
-0.03650744
0.15917563
0.29913983
0.15675706
-0.07510448
-0.05656976
0.75677508
-0.16817464
0.21971855
0.34321141
0.54070163
-0.18037860
-0.17100474
0.24081965
0.24534820
0.49817213
-0.09096063
0.00109748
-0.30438459
0.02788234
-0.14518633
-0.81033647
-0.20937677
0.14861113
-0.07644693
0.07924850
-0.70328152
0.01058156
-0.42983374
0.01723025
-0.98797238
0.24272676
-0.12202276
-0.70752925
-0.53309149
0.27426910
0.03274858
0.22694705
-0.47784159
0.38890424
-0.37095299
0.02056848
-0.15097655
-0.09136790
-0.49008825
-0.05469212
0.00368109
0.16128293
-0.04266964
0.36974376
0.04824343
-0.02235957
0.03811824
-0.41515714
0.35791034
-0.44099149
-0.40672630
0.18599445
-0.04505368
0.04172264
-0.22565541
0.03877051
0.37299967
0.09903507
0.10698821
0.23863444
-0.32739493
-0.21840666
-0.81175035
-0.62744957
-0.31356129
-0.19956405
-0.67493182
-0.20378590
-0.21656312
-0.06920919
0.24287093
0.00066194
-0.75531566
-0.25659999
-0.07993901
-0.47758722
-0.36011165
-1.08871591
-0.27419704
0.06129920
1.72797537
0.53059119
-0.43183893
-0.03580610
-0.20569108
0.64652473
0.68455851
-0.06720193
0.50869960
-0.24963582
-0.06719469
-0.18196175
-1.13727975
-0.45877379
-0.16935562
-0.48398867
-1.68394458
-0.06450813
-0.37289494
-0.24801008
-0.09324373
-0.29648581
-0.10535077
-0.32981247
0.29688618
-0.40624458
-0.10031564
-0.67454320
-1.24394166
0.42330864
0.59604371
-0.35315177
0.22258794
-0.15937532
0.29304993
-0.03187665
-0.39522901
-0.11036308
0.52872044
-0.38635376
-0.47582027
-0.01139719
-0.17443463
1.04271424
0.27672908
-0.27161318
0.09951982
-0.01994831
0.24320295
0.01499915
0.08956491
-0.16889629
0.24071142
0.34532067
-0.07171459
-0.57031322
0.32079476
-0.18724024
-0.18229721
0.21270119
-0.02349311
-0.02077204
0.38360587
-0.22171314
0.04837910
0.12045253
0.26397020
-0.24342535
0.69433373
0.12125983
-0.46842375
0.57200778
-0.62399781
-0.93948162
0.63450593
-0.06658313
0.30092862
-0.17555125
0.16438480
0.28787556
0.17219758
0.02617876
0.44825843
-0.07932232
-0.17167054
0.00982614
0.01416734
-0.09990185
-0.33513266
0.32531384
0.40014786
0.11114457
-0.06828789
0.05381680
0.79038268
0.60554528
-0.14084235
-0.43891338
-0.25501105
0.49126476
-0.18166055
-0.46354389
-0.46748832
-0.07522638
-0.24294302
-0.09025418
-0.35814390
0.10099536
0.08391251
-0.18626826
0.17153569
0.00163879
-0.53532422
0.44581246
-0.15448055
0.47444633
0.34974253
0.28488955
0.08960985
0.26523715
-0.14613576
0.23387527
0.38262257
-0.44332683
-0.54148543
0.03265118
0.00960036
0.02226745
0.18623617
0.48864684
0.01326122
-0.08661273
0.30575797
-0.11102736
0.57020855
0.65904713
0.26902223
0.04153501
0.12001602
-0.39597648
-0.74665916
-0.02808062
-0.81998026
0.71514535
-0.27518857
0.08404417
0.05023108
-0.07106283
-0.03172515
0.58286488
-0.12817100
-0.12438233
-0.88322151
-1.10251319
0.07569008
0.12624983
-0.25219738
-0.28297120
0.33935395
0.33815444
0.14432171
-0.36558029
-0.04034644
-0.09939303
-0.30165628
-0.35133088
-0.14141840
0.84233886
-0.51204771
-0.40785673
0.24316399
-0.19256388
0.03902552
0.22573693
-0.09659617
0.61282218
0.40436387
0.94606912
-0.17892368
0.48125267
-0.28128424
0.02845347
-0.13777901
0.19421291
0.14921835
-0.07408588
0.02109750
-0.08221228
-0.34681633
-0.23071010
-0.00063796
0.00751253
-0.03119254
-0.01512769
-0.00186477
-0.00584361
-0.81653249
0.02649939
-0.34871140
0.88290662
0.01792602
0.33264574
0.11825261
0.24850380
-0.27243710
0.07105905
0.27999482
0.88682872
0.02062802
0.03869971
-0.05966983
0.04201540
-0.48899132
-0.03354454
0.25983098
-0.13639057
-0.88801366
0.26959565
-0.26646695
0.07100874
-0.03860823
-0.02873887
-0.23505355
-0.38338637
-0.16579950
-0.10811391
0.79522610
-0.00817710
-0.71006179
0.04174441
0.05764592
0.06181474
-0.10205432
0.18737568
0.24060564
-0.46758267
0.46131852
0.15048084
0.53384203
-0.43882060
0.28786045
0.14098877
-0.38737476
-0.40308717
0.45917040
-0.15245280
-0.01660517
0.05860736
0.10646883
0.26138642
0.15897140
0.05111074
-0.38006377
-0.18088219
-0.18348140
0.50638175
0.51136172
0.12529695
0.33143535
0.15813822
-0.56241649
0.50720125
0.11910735
-0.82601285
0.06918508
-0.53025997
-0.46066442
0.52288544
-0.37849498
-0.51715708
0.12999597
-0.32376018
-0.25671270
-0.18337208
0.27303380
-0.11052225
0.17683972
0.46458569
0.24213205
-0.49539858
0.33423528
0.09599211
0.04728787
0.19865948
-0.00617180
0.08583606
-0.02890440
0.01720142
-0.04981686
-0.15346339
-0.05367911
0.01172130
0.02017086
-0.03816723
0.09233981
-0.19994342
0.10968781
-0.08037249
-0.29739207
-0.27461591
-0.10986163
-0.15498140
0.10288384
0.65671879
0.16829081
-0.04817357
0.35486922
0.17328437
-0.00264527
0.08843420
0.08211739
0.42119634
0.16834694
-0.05501823
0.03939001
0.12105677
-0.30312243
0.20356876
0.26822883
0.15412596
-0.12003748
-0.02022867
-0.11264814
-0.01054630
0.00615277
0.18480533
0.05767022
0.08951745
-0.05608040
0.70264667
0.41806382
-0.04880680
-0.43664438
0.34123439
0.11023001
-0.45854202
0.42906871
0.94695812
-0.10000137
0.20755893
-0.42110762
0.19699255
0.30329514
0.09488150
-0.54202086
-1.13984489
-0.20418642
0.43484700
-0.41423106
-0.45954078
0.21341214
1.02973938
0.34742919
0.43725032
-0.38629010
-0.19185378
-0.06681354
1.05939317
-0.19668205
0.55197668
-0.22126763
0.20439920
0.39407855
0.11699539
0.37830320
0.25765538
0.17806377
0.36983952
0.07209554
-0.08656126
-0.88304079
0.21943130
-0.03279044
-0.03579890
-0.15083444
0.25017217
-0.13526511
-0.38069373
-0.17744628
0.32564449
0.19335739
-0.24090442
0.13592188
-0.24516930
-0.32796580
0.14533591
0.01940820
-0.25045776
0.05328097
0.17319298
0.10341265
-0.11879718
0.21367797
0.13600707
-0.65021020
-0.00908058
0.45661354
-0.05175399
0.35221550
0.41314092
-0.38578010
0.15111545
0.42928532
0.28854382
-0.23180175
0.04206549
0.26409885
0.09942022
0.11588069
0.07891373
-0.09195487
-0.28884801
0.09958152
-0.17536396
-0.08161815
0.00134727
-0.18776639
0.06747272
-0.45900577
0.07359366
-0.51328140
-0.01053476
-0.01153490
-0.45263368
0.00243000
0.12233998
0.12860163
0.03445583
0.15323387
-0.43734294
0.02951010
0.12448615
-0.01676275
-0.08906426
0.08178715
-0.02900630
-0.03632993
-0.06645582
-0.26254985
-0.07686776
0.41857478
-0.20367809
0.13880843
-0.08030451
-0.27672398
0.02681548
0.76587534
-0.13845761
0.35586092
0.37510994
-0.34596351
0.07487796
0.22262935
-0.00785169
0.00823598
0.10437897
0.20405696
0.28825614
-0.20646669
0.16550772
-0.08924548
0.06843995
-0.09396011
-0.13629864
0.18539974
-0.09255949
-0.11027651
0.30205226
0.04834779
0.01780934
0.18635799
0.07463435
0.44461489
0.15340465
-0.10267825
0.11109239
-0.15007816
0.04807752
0.13561447
-0.04442170
0.08405292
0.37338123
-0.01677500
0.16046591
-0.28660962
-0.30167803
0.68936861
0.22733139
-0.05140188
0.48313335
-0.08278101
0.06399111
0.06315617
0.15406716
0.76330918
-0.58499974
0.00919829
-0.03575169
-0.08333418
0.48815343
-0.02228960
-0.22474891
-0.24531323
0.27595416
-0.42998624
0.48476896
-0.37378505
-0.03276086
0.07929394
0.25334412
-0.01339623
0.05547151
0.72720259
0.21894431
-0.12453046
-0.33865947
0.75679803
-0.07330079
-0.08213121
-0.14167406
0.01646880
0.05804808
0.11400528
0.19742458
-0.17497855
0.13915253
0.07708273
0.17837992
-0.11651841
-0.07711732
0.05743952
-0.27622584
0.14367974
0.59978724
-0.16513598
0.13046242
0.72589314
-0.42681047
0.06410935
-0.21472664
-0.36174875
-0.00693521
0.42290825
-0.20569201
0.00039626
0.29515782
-0.06821900
0.09487744
0.01212401
0.01105789
-0.04173748
0.12797068
-0.06659868
0.24250756
-0.02940554
0.23083842
-0.14354524
-0.65982187
0.16605422
-0.21021084
0.07265573
-0.33876491
-0.37654880
0.49990252
-0.15760934
0.06322575
0.31193724
0.11794618
0.28546625
0.16572975
-0.22745322
0.81169891
0.25180992
0.05887908
0.06229894
-0.15001762
-0.10425323
-0.09126263
0.04827233
0.01505709
-0.93374872
0.06602952
-0.83549297
-0.02143616
0.05060815
0.48672909
0.03768147
-0.44157010
-0.49957892
-0.09193026
-0.31606418
-0.97717625
0.25297135
0.04630118
0.08976222
-0.91193396
-0.74007773
0.07466069
0.46016371
1.00557554
-0.21609364
0.23742168
-0.02644338
-0.29418743
-0.12055647
0.29476395
0.22447471
-0.02431891
-0.16516747
0.07462549
-0.35450694
0.07675204
-0.07322259
-0.00592446
0.04165528
-0.20398733
0.59613401
0.11092086
-0.30346727
0.24068713
-0.31817660
0.11744605
-0.51979911
-0.10842070
0.18248017
0.11696484
-0.44300705
-0.28031474
-0.42601103
-0.16607137
-0.07702418
-0.27453551
0.39128858
-0.24562341
0.32610521
0.18865031
0.17629279
0.56324548
-0.23195170
0.07778519
-0.06559683
-0.06521063
0.00449071
0.32834119
0.19106768
0.27280745
-0.06781735
0.01588184
-0.12608218
0.26368815
0.24369714
0.06859127
-0.26335710
0.19723488
0.14861228
0.45325866
-0.13112758
0.09461321
-0.12254959
-0.26664582
0.27520826
-0.06249469
-0.30377766
0.08550012
0.29866311
-0.00776727
-0.03089883
-0.26103649
0.58199203
0.33337334
-0.14832023
-0.05356615
-0.99917072
-0.13622344
-0.16430789
0.01906432
-0.45124912
-0.49232975
-0.34472293
0.14860830
0.04424667
-0.45733297
-0.21896708
0.95944405
0.65245605
-0.03925108
0.03557970
-0.17347509
0.18857621
-0.11065301
0.03790615
-0.19911668
-0.06061879
0.16776221
0.10358039
-0.36478961
0.14699285
-0.05079319
0.07605720
0.08766188
-0.00333519
-0.77574611
-0.30061549
-0.64533597
0.55048287
-0.04881581
-0.17154996
-0.18109007
-0.04258522
0.01557607
0.00380799
0.05903590
0.47546986
-0.15550797
0.07086659
-0.11491928
-0.59252071
0.23247416
-0.07888590
-0.06821131
0.19036284
-0.00831549
-0.34634259
-0.01167945
-0.08002616
-0.52773106
-0.20758848
-0.50375277
-0.47005647
0.38956338
-0.33584249
-0.27358952
-0.26600075
0.21591699
0.68223912
-0.08502357
0.13052361
-0.14658897
-0.35598579
0.04542855
0.82913816
-0.16189885
-0.37646547
0.07170573
-0.17180844
0.21529865
-0.16643709
-0.33172482
-0.03884395
-0.58599806
-0.02095851
0.11661397
0.15447120
-0.15924908
0.35297734
0.12815987
0.05417421
-0.05614235
-0.07478982
-0.23483643
0.22309503
-0.10920169
-0.48529139
-0.18751833
0.11538228
-0.12776409
0.21421380
-0.27607778
0.07679492
0.42832223
-0.02106369
-0.00721190
0.06309239
-0.29562092
-0.25857484
0.05608313
-0.09049390
-0.46433941
0.33041114
0.16014640
0.13875061
0.17923272
-0.37657288
0.12293456
-0.09508484
0.31726027
0.46258533
-0.43238288
0.87542212
0.07318810
0.28195235
-0.09468289
-0.02568362
0.15196735
-0.19981624
0.02062551
-0.57661802
-0.45250046
0.04978192
0.00836433
-0.07627958
0.63550574
0.30176994
0.42561558
-0.06592770
-0.17450245
0.28545520
0.13678880
0.24051189
-0.10635915
-0.39506519
0.44673687
0.68160832
-0.44446784
0.14727184
-0.13420416
0.28019047
0.17025259
0.30887955
-0.36462462
0.21836734
0.69004315
-0.24689744
0.52899086
-0.20576756
-0.36857328
0.23074737
1.53339803
0.50236040
-0.36142743
-0.45943600
-0.00865151
-0.05101998
0.38376597
0.22797762
0.50640279
-0.20620278
-0.01274491
-0.14038397
0.36384186
0.42355445
0.95349276
-0.24058004
0.29297400
-0.24236333
-0.15139471
-0.00083401
0.17599498
0.65545279
0.37936461
0.14259677
-0.02258264
0.06132523
0.05126970
0.06512147
0.10032987
-0.24003983
-0.23128860
-0.13696246
0.14965986
-0.18524314
0.17460710
0.06880560
0.00182371
0.38049603
0.06010114
-0.15463547
-0.28931671
0.45572412
-0.61256301
-0.63461047
0.01910644
-0.77674395
-0.07345761
-0.41116309
0.29998475
-0.17991510
0.11343778
0.16696155
-0.13823956
0.31233284
-0.28817955
-0.61631775
0.28200135
0.35377982
-0.08723915
-0.36548176
0.21814454
0.21158624
0.41784957
-0.34861770
-0.33035940
-0.01836847
-0.04952066
0.17647433
0.00770954
0.39838293
-0.13681228
0.69277471
0.20693330
-0.11468641
-0.11176006
-0.07380278
-0.38783336
0.43748921
-0.05590087
-0.35813504
-1.02226281
-0.16238996
-0.52307248
0.01039840
-0.33854118
0.44279307
-0.25550491
0.17733829
0.47519699
-0.37438080
0.02166022
0.17571868
0.07104845
0.65024102
0.13733609
-0.12390912
0.20393379
0.09304709
-0.53294480
-0.36172509
-0.32842460
0.20310745
-0.62184781
-1.11615169
0.08784710
0.37469044
0.51749128
0.17400789
0.27207550
0.13580899
-0.53782141
0.27566057
0.68119842
0.72872567
-0.00768392
-0.83063644
0.24415074
-0.11691407
0.34694752
-0.10746928
0.49226317
-0.38447472
0.38167283
0.11990887
-0.27161637
-0.39573893
0.07055017
0.16299705
0.38874197
-0.21348213
0.15421967
-0.23136713
0.07871544
0.24092001
-0.11811344
-0.06259485
0.03439768
-0.43420410
-0.16086730
-0.35104334
0.15788819
0.32526675
-0.48524421
0.41954964
0.13730541
-0.38295007
0.02899900
0.15599640
-0.06281576
-0.24859214
-0.18345025
-0.10893506
0.01354096
0.84854156
0.20550464
-0.64486694
-0.13506937
-0.03131885
0.09739912
-0.25440305
-0.02942710
-0.22480333
0.13835332
0.02098806
0.07557742
0.28717527
-0.02724941
-0.12760937
-0.11816063
0.34502742
0.02036960
-0.21520819
0.23992173
0.00965291
0.04803891
-0.04050362
0.07619452
-0.41881824
0.09594920
0.07317063
0.23643628
0.14272110
0.07795034
0.14502378
-0.13555865
0.33640602
-0.13147087
-0.39857116
0.56015182
-0.35660571
0.25692195
-0.00638776
0.25625491
-0.05721476
0.16743849
-0.22913043
-0.03224373
-0.19520515
-0.08579527
0.47646841
0.02790474
0.42427251
0.46795437
-0.13981342
0.58241343
0.28641164
-0.74205029
0.36220014
-0.27451035
0.10797487
0.79859972
0.16292861
-1.06466830
-0.19330314
-0.20450237
-0.30012813
0.12165939
-0.50659794
-0.08080983
0.10789277
-0.08095071
1.11176991
-0.26548234
-0.17538100
0.44303104
-0.14012733
-0.25206211
-0.02376359
-0.41719326
0.14958724
-0.33135146
-0.11779530
0.15339239
-0.34365371
-0.36184841
-0.54250532
0.33886558
-0.00854750
-0.00007629
-0.04087168
-0.38883498
0.08786773
-0.17269127
-0.32704079
0.23791212
-0.21938084
-0.05767026
0.48841545
0.28369787
0.51605171
-0.85065746
-0.77088994
0.26479298
-0.19625396
0.55820221
0.12637790
-0.09549650
0.03305563
-0.04191539
-0.19499281
0.19131576
-0.40913293
-0.06812257
0.05095216
0.47207382
0.56098270
-0.38304895
0.26108539
0.11612743
0.28105313
-0.15256907
-0.14062259
-0.05812730
0.18287224
-0.29121113
0.24316898
-0.11579036
-0.29798296
-0.00108270
-0.10506926
-0.26979229
0.11013538
0.10836005
0.25319010
-0.07102594
0.03588990
-0.04696240
-0.66529787
-0.25094765
-0.09510097
0.03552416
0.16881931
0.28265637
-0.17292091
0.44497377
0.20273799
0.23448515
-0.26757422
-0.07055708
0.07985140
0.71234870
0.27612916
0.44754380
0.05122552
-0.14104338
0.20805705
-0.00405799
-0.40826398
-0.04862881
-0.37407178
-0.01609430
-0.02873161
0.04633107
-0.26548785
0.08063438
0.15187486
-0.23808669
-0.20618911
-0.04602648
0.05960012
-0.27081132
1.21867418
0.12285647
-0.21651617
-0.03004768
0.31973904
0.04042475
-0.03691746
0.09484020
-0.22197650
-0.35156348
-0.43183431
-0.04242676
-0.30475572
0.31823415
0.18434349
0.59336942
-0.10339689
-0.05808699
0.26571506
-0.03072823
-0.46712628
0.11566277
-0.35354647
-0.83179492
-0.40582639
-0.24280664
0.04836270
-0.69711083
-0.41800615
-0.41466191
0.61371613
-0.00235240
-0.11988133
0.17062855
0.36026007
0.37536958
0.37374347
0.03225037
-0.12217277
0.00886016
0.21227893
-0.08087870
-0.05085567
0.13377973
0.57294285
0.24972671
0.00877251
0.13968340
-0.14514524
-0.33278003
-0.20738591
-0.26021442
0.19586340
-0.67210764
0.15266505
0.56108606
-0.17332642
0.28584746
-0.18620841
-0.01305767
0.13013008
0.10220747
-0.22851947
0.38448256
0.04081513
0.01640290
-0.29355976
-0.37954515
0.12058456
-1.01020527
-0.28774711
0.01699733
0.24507573
0.31873459
0.08155374
0.02505084
-0.30835146
0.17068188
0.19938779
0.32584333
0.36219341
0.07387856
0.07427593
0.33837649
-0.15288720
-0.11667039
0.07545991
0.47694194
0.29039222
-0.41049403
0.39081109
0.23900031
0.18868797
-0.06561762
-0.34799996
0.04711675
0.01797100
0.44973040
-0.11753048
-0.16735333
0.00103923
-0.74302989
-0.14889812
-0.41178247
-0.56376487
0.42915481
-0.27081028
-0.20694648
0.16987872
0.09952289
0.11892062
0.17744556
-0.08127642
-0.27145669
0.15019484
0.00668853
-0.34836680
-0.59723777
-0.37523517
-0.13690238
-0.04023455
0.22141653
-0.44953546
0.86766815
-0.01455089
0.87685317
0.22892570
-0.28036362
0.30938527
-0.44991520
0.69916940
-0.12976532
-0.24410971
-0.51151431
-0.08562984
0.29354858
0.53556478
0.02860119
-0.11193679
0.20887439
-0.25772601
-0.02850099
-0.16729559
0.08931910
0.08123951
-0.06810563
0.10862330
0.12707496
0.45712742
0.14555629
0.16581813
-0.32362708
0.44420439
-0.35948786
-0.10861535
0.23352493
-0.72670650
0.08660007
-0.11962595
-0.03938230
0.36535773
0.05687537
-0.03711182
0.36121362
-0.38238910
-0.23716371
-0.31479418
-0.18762760
0.22215851
0.01968694
0.19652382
0.06708845
0.50840586
0.44330767
0.50905049
0.13967240
0.17072313
0.13142626
-0.12857404
0.12153245
0.35650858
-0.02288417
0.44510958
-0.07792214
-0.27044028
-0.06615135
0.01721607
0.01003938
-0.11607502
0.21819852
0.15591563
0.01606100
0.21343274
0.04868811
-0.18128864
0.17068242
0.03197902
-0.18478405
-0.03223657
-0.72697276
-0.19027437
-0.43244845
-0.43951634
0.17927898
-0.23796289
-0.03196226
-0.36052540
-0.18398622
0.20637609
0.16226161
0.23941219
0.32197085
-0.23207839
0.47247389
0.17507817
-0.14937262
-0.06793679
-0.21506338
-0.04831820
-0.21295133
-0.00270732
-0.14510061
0.25168514
-0.13075191
-0.22205864
0.38836461
0.01607905
-0.04060434
-0.05272653
-0.38847172
-0.34649673
0.01167809
0.55335194
-0.15761079
0.10486805
0.05578139
-0.07214151
0.54860502
-0.17306641
0.36102265
0.43318138
0.51963240
-0.14040390
0.12389786
-0.74651146
0.75293201
-0.16561969
-0.00455901
0.34650722
-0.17266141
-0.80637920
-0.15306203
-0.14131191
-0.20572716
0.24292624
0.36563835
0.06168807
-0.32732496
0.15549460
-0.00253490
1.29363286
-1.34480274
0.33594620
-0.01003274
0.44682521
-1.09830439
-0.12748218
0.56309915
-0.32481164
0.71407044
0.51441985
0.76456690
-0.45914653
-0.58621252
-0.66442639
-0.57176161
-0.42959583
-0.40169886
-0.95360571
-0.36803347
-0.45696774
-0.27408266
0.60675919
-0.29358909
-0.46670082
-0.14751577
-0.14634709
-0.13614559
-0.36672696
-0.08818821
0.10523745
-0.16650659
-0.02062711
-0.04482067
-0.04228573
-0.34484518
0.69242984
-0.11795981
0.16263340
0.26495525
0.49799767
0.09473273
-0.60858840
-0.33867007
0.57000357
-0.04695884
0.12271836
0.38041326
-0.32910398
0.20225717
0.31027204
0.19047308
-0.61183810
0.06242850
0.47170517
0.42037582
-0.08062238
0.34756902
0.50280660
-0.31445378
-0.12009217
-0.23915875
-0.16466542
0.17388019
-0.12985875
-0.05183246
-0.22494030
0.16067642
0.10913493
0.00318828
0.02943610
-0.43920025
0.10978407
-0.27080214
-0.44770476
0.14163637
-0.02257628
0.27971074
-0.17398554
0.27382264
-0.58073837
0.03678117
-0.36636871
0.17748636
0.02665791
-0.28836811
-0.10939537
0.35621119
-0.01900418
-0.15701856
0.27595878
0.31697348
-0.09238555
-0.20555957
0.43655291
0.83674228
0.71004158
0.11967968
0.16363996
-0.50255495
0.03448659
0.28952375
0.33008587
0.20460340
-0.13936387
-0.01564897
0.26329902
0.46727017
0.47171658
0.20715913
-0.26997602
0.72966468
0.12033546
-0.20996599
-0.14260173
-0.11354548
0.59329414
-0.24702084
0.42864299
-0.23844525
0.97668356
-0.01473661
-0.11037292
-0.28080866
-0.49395293
0.25085762
-0.15285575
-0.13260899
0.69497997
-0.21742105
0.00454291
-0.19227839
0.07932034
-0.24070092
-0.77631652
-0.14414950
0.39788494
-0.75535303
-0.19268027
-0.37552211
0.45060891
-0.15469071
-0.54473591
0.23628941
-0.29195720
-0.17703375
-0.09919214
-0.85398310
0.22855699
0.13872108
0.27727953
0.35984591
0.08669200
0.42659593
0.21908553
0.02482497
0.09658337
0.29720423
-0.18228148
-0.21506831
0.52549767
0.16781969
0.97061431
-0.53188694
0.93393123
-0.03901531
-0.17047310
0.13996160
-0.14035177
-0.02330261
0.06437173
-0.36525327
0.10757937
-0.20981830
-0.03714084
0.13456787
-0.04960387
0.22710325
0.18170854
-0.10009249
0.67176402
-0.19715106
-0.68287331
0.41112855
-0.17114480
-0.36891744
0.18359186
0.64609164
-0.05778406
0.07253565
0.01930556
0.15737794
-0.33867046
-0.11806083
0.17716087
0.79946327
0.81952149
0.22446461
0.45433381
0.40061039
0.18922403
-0.48265174
0.37417126
0.01068619
0.00643371
0.57030749
0.25614628
-0.80418020
-0.05367778
-0.20770451
0.09045169
0.16622071
-0.27084890
-0.04069084
0.01003682
-0.06187397
0.44849694
0.17312980
-0.17522207
-0.26540339
0.02408376
-0.77375537
-0.09569172
-0.03249481
0.23246251
-0.26451695
0.16799502
-0.09919566
-0.41478735
-0.37132302
-1.30717933
-1.09649563
-0.00269304
-0.72340906
0.15998358
-0.01652637
0.17762895
-0.16963343
0.11997334
0.19847865
0.43301621
0.09063272
-0.30838314
-0.00093309
0.41169193
0.13022877
0.13574927
-0.06253614
-0.04065425
0.15211375
-0.38631383
-0.28335229
0.27014390
0.44881630
-0.00760130
-0.39119402
-0.32527813
-0.06981710
0.42061451
-0.21482709
0.50468886
0.02208488
-0.06643488
-0.07951453
0.04664315
0.08318239
0.78568196
-0.07059916
-0.26860887
-0.13065247
-0.08598250
-0.00320379
0.17229027
-0.36993980
-0.59000951
-0.66287923
-0.02456291
-0.19489157
0.19026193
-0.12407552
-0.49832073
-0.45693079
0.65746778
-0.02878341
-0.11975837
-0.07712778
0.09945279
0.07310551
-0.05220116
-0.40545133
0.25626799
-0.27520764
0.18612051
-0.17080365
0.02038169
0.40996289
-0.54195011
-0.08742957
-0.14281113
0.15012862
0.34719890
-0.23256838
0.02693152
0.33455232
0.15872844
0.80419189
-0.20851162
-0.11818881
-0.06668697
0.08506894
0.49490932
-0.55358660
0.10438839
-0.08490869
-0.35149878
-0.08227395
0.22250089
0.06512959
0.26323667
-0.07548567
-0.01278040
0.36934605
-0.08486113
-0.79600221
-0.12384712
-0.42299113
-0.14132433
0.09359124
0.06071844
-0.11819920
0.11441061
0.10538299
0.08068943
-0.07481970
0.04525786
0.25075164
-0.04835669
0.40740040
0.29961872
-0.19630587
0.39048108
-0.27162775
-0.43128484
0.18419132
0.31002870
0.34344038
0.21331213
0.18651693
-0.63441873
0.04027488
0.17350219
0.19776690
-0.16198187
0.12834489
-0.07148813
0.50446469
-0.19140357
-0.14459866
0.05610285
0.11558489
0.07895105
0.03125741
-0.22957908
-0.35344613
0.13957635
-0.33735669
0.09798881
0.02475615
0.35601234
0.17399162
0.03735919
-0.28694877
0.45927945
-0.05315702
0.08330521
-0.05392837
-0.36655653
-0.01134980
0.16151173
-0.15041330
0.46207932
-0.00757025
0.25803187
0.45337194
-0.41115633
-0.15406048
-0.08799845
-0.20706920
-0.08646531
-0.09011148
0.25003046
0.31145146
0.36687937
0.71803612
0.46888742
0.35034665
0.32573774
0.28292787
-0.30596858
0.18299846
0.41648337
-0.14104654
0.40280420
0.01994698
-0.11734615
-0.05119439
0.02864296
0.18171644
-0.06387822
-0.54956913
-0.16534066
-0.41818666
-0.37987465
-0.03150052
0.69907701
-0.66412348
0.12981975
-0.47492585
0.20728295
0.60081565
-0.07826996
0.14727524
-0.02003888
-0.28285247
-0.75996709
-0.56048906
0.28687522
0.09860749
-0.28477067
0.43173081
0.08444954
-0.05970271
0.08642067
0.19533460
0.07956798
-0.06674409
-0.14722434
0.56508934
-0.09769507
0.49198741
-0.61091208
-0.12447052
0.07847950
0.75717270
-0.81586260
-0.01555191
-0.13519832
0.46723044
0.28539979
-0.95379019
-0.33083397
-0.60477644
-0.03987145
-0.10134131
-0.17597997
-0.14625910
-0.00638741
0.13719872
0.25675482
-0.51854366
0.30947715
0.20704210
-0.51023835
-0.25786996
0.60031039
-0.33492193
-0.10689078
0.07104894
-0.71036571
-0.14586586
0.12974320
0.01359906
-0.27327928
-0.23010904
0.19934388
0.30354971
0.56898785
-0.13751154
-0.47708267
-0.06391221
0.16668646
0.14115264
0.34471354
0.38135782
-0.05283238
-0.37567919
-0.25058860
0.28734127
-0.04066783
-0.06912321
0.48529968
-0.02750272
-0.58581185
0.03939937
0.49227461
0.25561532
-0.13041961
-0.11550206
-0.03708649
0.15092826
-0.18759316
-0.07992449
-0.00736634
0.19335315
-0.10306932
-0.10955115
-0.25262809
-0.36575794
-0.64414418
-0.32438213
-0.03190682
-0.25323141
-0.04236143
0.04217613
0.07114577
0.04026616
-0.11892021
0.00303645
-0.08929495
0.67364579
0.80617428
-0.25273800
0.13089846
-0.22614934
1.06878376
-0.20149824
-0.43516490
-0.16284215
0.15762460
-0.25445047
-0.03664997
-0.39118785
0.51065648
0.19147937
-0.49005237
0.11482202
-0.77778840
-0.43664297
-0.86380142
-0.06811181
0.00634369
-0.11772082
0.51060754
-0.01062490
0.41323847
0.12848060
-0.39593342
-0.04592331
0.62077707
-0.07650848
-0.17184652
0.03386337
0.23912530
-0.19651936
-0.01979283
0.14779243
-0.16063699
0.02731950
0.25777620
0.20579085
0.72204107
0.26889437
0.16210061
-0.25840473
-0.05791654
-0.58208215
-0.56932646
0.39799157
0.01245507
0.45699453
-0.11229293
0.93843842
-0.21541619
0.25579259
-0.14581950
-0.05993192
-0.02372132
0.37022364
-0.26875588
-0.02874699
-0.23136131
-0.12420453
-0.74160069
-0.51741630
-0.13006254
-0.02866747
0.77746320
-0.26116142
0.20230061
0.21628231
-0.71991009
0.45970798
0.04430750
-0.13074638
-0.67987972
0.33689159
0.54646522
-0.12050609
0.08752154
-0.28421974
-0.97608101
0.13521068
0.13871756
-0.05415707
0.14690794
0.43716481
0.01207433
0.20807691
0.15309134
-0.15123688
-0.05398503
-0.20660530
0.30211419
0.45828024
-0.25818887
0.23326018
0.38252300
-0.41542545
-0.05741737
-0.12623475
-0.28070170
0.05718969
0.52308875
0.07412782
-0.27765888
0.17982267
0.01216741
0.03397258
0.14803948
-0.05090255
0.19398570
0.14092925
0.31678736
0.46800464
-0.01733752
0.40664232
-0.00749659
-0.07511136
-0.29888541
-0.00391760
0.49977872
-0.27625108
0.18322599
0.21964991
0.18745986
0.02227404
0.27055898
0.21440402
0.14529799
0.10166402
0.37124187
-0.30827010
-0.22611372
-0.64415139
-0.28840750
0.15630171
-0.20161448
0.05134607
0.34773576
-0.05450283
-0.45318237
-0.18240982
0.77157217
-1.17018032
-0.07651346
0.41610163
0.00197472
0.12036301
0.01862173
0.10863592
-0.10176978
0.01234621
-0.45966765
0.56814641
0.32582965
-1.62271023
-0.04731633
0.10473698
-0.91542202
0.28022978
-0.12185465
0.79473418
0.28772035
0.08759441
0.08645076
-0.39538217
-0.22055839
-0.73259050
0.17360812
-0.10292579
0.00910126
-0.36176944
-0.07555413
0.06699282
0.19084026
0.16829638
0.09913154
-0.21403760
-0.03418705
0.46273315
-0.56003410
-0.20235658
-0.09481770
-0.23011152
-0.19676252
-0.25059679
-0.01586634
-0.04777005
0.44297785
-0.13718294
0.38665310
-0.49275902
0.65728533
0.18180984
-0.67567718
-0.59467506
0.54154110
-0.13736074
-0.07655981
0.68021286
-0.15085997
-0.12558950
0.74515212
0.94979626
-0.21631116
0.27392635
0.45440447
0.93214095
0.05502048
0.27471557
-0.19968587
-0.06932239
-0.11365847
-0.34583786
0.02783388
-0.11639232
-0.07656612
0.12690741
-0.20123868
0.08918345
-0.35193530
0.37108055
-0.03863557
-0.19309586
-0.54165357
-0.61499906
-0.53974462
0.11522744
-0.03131015
-0.12913394
0.28575298
0.79022557
0.59205806
-0.75934356
0.63845026
0.47326782
-0.02753841
-0.60701877
0.03885612
-0.52418780
-0.16416201
-0.70226139
0.01402149
0.18437918
0.03650668
0.15725614
-0.70401645
0.29650342
0.01764224
-0.41061211
0.55341983
-0.39752248
0.32141429
-0.45698488
0.27872112
-0.55369461
-0.60140944
-0.19564004
-0.45676035
0.64392126
-0.67916042
-0.22169292
-0.13151637
0.10497501
0.14394075
-0.31444591
-0.05639742
-0.02532965
0.43689144
0.70860112
0.24153790
-0.69337124
0.48918989
-0.12165380
-0.15371406
0.00244122
0.04429357
-0.59895611
0.02432510
-0.03377807
-0.05608169
-0.16131042
-0.10167332
-0.07544319
-0.13925587
0.16415960
0.52287674
0.02425184
0.00860989
-0.06723317
-0.06176956
-0.14899965
0.81711054
0.00311336
0.40072140
0.28107944
-0.21781805
0.24774724
-0.25908956
0.06838638
-0.34116942
-0.06771626
-0.41997921
-0.30039352
-0.00419140
-0.01254355
-0.04468908
0.04857186
0.47933584
-0.21766515
-0.21497205
0.05142250
0.61461836
-0.25771877
-0.49497476
0.23045488
-0.12886953
0.03898682
0.09316644
0.05306553
-0.17075284
0.09741026
-0.06482507
0.49415734
1.01176906
0.01842815
-0.26656026
-0.31840807
-0.14200814
-0.00436099
-0.42748174
0.21479234
-0.38784647
-0.16799912
0.06023428
-0.04547836
-0.23430572
0.55287111
-0.05119146
0.04997143
0.47758880
0.17759167
0.75338119
0.44059518
-0.20619732
-0.39935923
-0.30940673
-0.51291639
0.11089106
-0.45854276
-0.42135602
0.24671759
0.32016149
0.64710402
1.16477537
0.20216334
-0.60790431
0.95206898
0.66587096
0.26963764
-0.22197223
-0.16165169
-0.18220793
0.03997083
-0.04708236
0.79846579
0.07276760
0.08352257
0.06386774
0.89416462
-0.07559429
-0.65733945
-0.98647213
0.53585649
0.35846889
0.08985401
-0.79962057
0.18267071
0.18877994
-0.15210885
0.07144497
-0.30253890
-0.06041447
-0.48091814
0.49936509
-0.25605649
0.15202713
-0.33554825
0.46658757
0.11472983
-0.84543639
0.48644528
-0.29230016
0.22777045
-0.63054061
-0.33563766
0.10857827
-0.69906449
0.16591309
0.65907669
-0.18324083
-0.37128234
-0.32529145
-0.41541654
-0.45443216
0.04013955
0.46281350
0.37488452
0.62686360
-0.30203128
0.27964154
-0.01286128
-0.15646772
-0.06471612
0.11257412
-0.44538292
-0.31015983
0.03880617
-0.36888322
0.14939271
0.06524736
-0.48401427
0.14211908
0.01838471
-0.37660876
0.17219488
0.01864370
-0.22015743
-0.43884286
-0.32103521
0.53168327
-0.14048651
-0.27794841
-0.32466781
-0.07776594
-0.67636085
-0.30812323
-0.15825857
-0.68717963
0.63934171
0.08784300
-0.45534417
0.13810913
0.84333795
-0.03812174
0.31807566
-0.25774449
0.91693425
0.16871239
-0.40727299
-0.19915326
0.10907841
0.02424140
-0.53484613
0.42838603
0.05590430
-0.01095966
-0.06774358
0.51490033
-0.41220772
0.44585162
0.04958146
0.18835665
0.17495413
0.34047008
-0.56544328
-0.08984580
0.21173042
0.45776358
0.90903819
-0.26241854
0.11815724
0.06698659
0.33932388
0.05777306
-0.32951447
-0.09728651
-0.12791902
0.51988113
-0.11209552
-0.02923165
0.12357252
0.44318476
0.05688307
-0.74110341
0.32060602
-0.66594470
0.24053758
-0.22026226
0.44493157
-0.13380778
0.51571876
0.30380386
0.10988680
0.38779056
-0.03715016
-0.45573375
0.11354685
0.23259926
-0.55934578
0.04292088
-0.89497519
-0.29198229
0.47989467
-1.01095521
-0.06658916
-0.34468448
-0.06067001
0.10899077
0.24379204
-0.14529382
-0.34678322
-0.00783276
-0.29432124
-0.00807402
0.86848259
-0.07637845
-0.27281317
0.04390744
-0.01268097
-0.20786041
0.14860281
-0.24522281
-0.04391314
-0.70423472
-0.01769006
-0.14821056
0.39332342
-0.37017080
0.26125181
0.25450417
-0.44945765
-0.10739721
0.16465536
-0.13694224
-0.07751512
0.37848946
0.33113739
-0.03734830
-0.22116706
0.32979864
-0.27128962
1.00317168
0.25467417
0.15780924
-0.75039446
-0.44582185
0.03366354
0.15743764
-0.32301271
0.15981752
-0.34201786
0.86514896
-0.30346105
-0.50768226
0.56578964
0.53907460
0.03188111
0.11284775
0.22099964
-0.87279952
0.06986956
0.20308971
-0.01580352
-0.15377814
0.50127184
-0.02621597
0.10452989
0.14458810
-0.18242504
-0.08499471
-0.15159723
0.04120847
0.42238611
-0.17479466
-0.03301485
0.59458876
-0.15959114
-0.14475290
-0.10814615
-0.32522899
0.07911476
0.55965847
-0.15042955
-0.12642671
0.20617399
0.06077692
0.22371431
0.41509938
-0.06815965
0.16167949
0.13404422
0.02092792
0.24796589
-0.04286866
0.18816844
-0.05333024
-0.38999975
-0.23909475
-0.10559655
0.36917442
-0.27115116
0.07519455
0.28058547
0.13722679
0.05879036
0.21391572
0.12872390
0.18098471
0.40251830
0.36377120
0.20293698
-0.11038549
0.18213980
0.13331148
-0.70377463
-0.28209224
0.32176954
1.24282241
0.54167867
0.39168897
-0.06802431
-0.42375466
0.11553971
0.00833315
-0.10400029
-0.44097432
0.33166578
-0.73507690
0.35276851
-0.08342624
-0.17123091
-0.57260311
-0.28603551
0.02129446
0.27659097
-0.13592646
-0.15674473
-0.26015884
-0.35897309
-0.05048342
0.02355716
-0.01302874
-0.14421739
0.37136811
-0.01481718
0.22211960
-0.26311040
-0.04960581
0.38111100
0.10084677
0.36229566
0.12961766
0.26233855
1.35119712
0.27981508
0.21118553
-0.40617609
0.45392877
-0.21571214
-0.64737505
-0.04955329
0.36000481
-0.46105424
-0.09114119
-0.35566789
-0.33296087
-0.26049778
-0.13022961
0.30124092
-0.05415571
-0.19529440
-0.70383382
-0.87158430
0.54803109
0.20729566
-0.10961550
0.08413029
0.26050752
0.02401437
0.10465729
-0.23157649
-0.04317846
-0.06003281
-0.03755523
0.34543103
-0.14433371
0.64814150
-0.19742446
-0.15183616
0.21576597
0.33108380
-0.35145742
0.26763207
-0.10222659
0.62411582
0.23400599
-0.04535010
-0.44602931
-0.43036386
-0.05209135
-0.16442154
0.22112408
-0.41882169
-0.06163100
-0.30509880
-0.37565562
-0.09781831
0.17008515
-0.01616254
0.05292815
0.22091578
0.09676126
-0.72776788
0.70178688
-0.09474582
0.10536999
-0.16108470
0.91388619
-0.11948910
0.06429827
-0.16276224
0.33836138
0.52945191
-0.41459671
0.40433243
0.23823634
0.55775517
-0.08964349
-0.10761599
0.01212509
-0.02421104
-0.11516311
-0.54955685
0.58461714
-0.17764957
-0.17839299
-0.05711950
0.23116387
-0.08349996
0.21701401
-0.12924534
-0.21502379
0.10672126
0.11166012
0.26344651
-0.42172211
-0.24808739
-0.16298035
-0.62780112
0.57204908
-0.02077771
0.23909621
0.16017501
-0.39405179
0.05260791
-0.45333391
-0.22779854
0.14916973
-0.06336265
-0.69024968
-0.11862622
-0.00910238
-1.09738278
-0.38199633
-0.04210350
0.11783420
0.02070586
0.00493747
-0.39999446
-0.25867677
0.60606366
-0.56284940
0.07324215
-0.38791072
-0.68088126
-0.39046147
-0.01516109
-0.08928846
-0.09770518
0.30368546
0.32015076
-0.04978133
-0.38120463
-0.46204349
-0.06165032
0.38195777
0.13295415
0.00560588
-0.23207991
-0.02994159
0.34472680
-0.08047578
0.00520391
-0.18879688
-0.14873098
0.14911817
-0.09893579
0.19295233
0.51628351
0.06536054
0.09407753
-0.21144022
-0.24255876
-0.24468011
-0.24981509
0.06087900
-0.15118560
0.14430033
0.27371934
-0.19620407
-0.11536685
-0.03328094
-0.09404036
-0.68042815
-0.29305971
0.18627448
-0.25673020
0.14554283
0.15352596
0.01158236
-0.10830921
0.54780936
-0.00106458
-0.38880023
-0.51449209
0.11084671
-0.08989821
-0.59031719
-0.17004447
1.10148883
-0.79236907
-0.00936811
-0.00133741
0.26643950
-0.06806375
-0.16996108
-0.44059914
-0.03591732
-0.11209764
0.35910100
-0.10245681
-0.33625522
-0.22417836
0.38310394
0.08842807
-0.06318896
0.18300840
0.32126313
0.07145292
-0.08554897
-0.02669892
0.10086351
0.48309135
-0.73627269
-0.15691069
-0.19069454
0.63881868
0.48157150
-0.28419140
-0.34728229
-0.00161834
0.66838515
-0.15858732
0.34541491
-0.47868431
0.04670281
-0.19782180
-0.35197058
0.69631279
0.34034595
0.42430213
0.15738632
-0.19766861
-0.13724877
-0.11756562
-0.43781692
0.11049185
0.11593767
-0.11282045
0.42225927
-0.24789476
-0.11735658
-0.02166363
0.34223506
0.15586506
0.52633643
-0.24594817
-0.19076782
-0.43864566
-0.12512828
-0.36854887
0.19418059
0.21418701
-0.07946613
-0.60110551
-0.70726353
-0.19512449
-0.01232315
0.30835482
-0.97389334
0.26028559
-0.17504025
-0.14646779
0.20375110
0.12332063
0.16181554
-0.02978980
0.03195911
-0.47133332
-0.41969043
-0.66396469
-0.01207377
0.25525329
0.33510011
0.49748176
0.55158210
-0.04561171
0.20425658
-0.19727354
0.00715004
-0.22491917
0.23022141
0.20381752
-0.06465609
0.20067176
0.98499256
-1.07321441
-0.11534505
-0.23742349
0.60374957
0.13058054
-0.07623859
-0.20864330
0.82421732
0.07167359
0.12868331
0.18652098
0.23059973
0.20099628
-0.20019549
0.03305596
-0.27081195
0.07128354
-0.24310966
-0.07220600
0.24836847
0.43520895
0.62383109
-0.36114129
0.35442713
0.33929017
-0.53856498
0.03766688
-0.44572768
0.69694060
-0.25572702
0.05303178
-0.28315294
-0.28116521
-0.11589509
0.22707678
-0.74231917
-0.01782583
-0.05618425
0.25999105
-0.49807280
-0.17901573
-1.03879261
-0.26602244
-0.03746432
-0.60030693
-0.30883166
0.11237106
-0.24662718
-0.15839133
-0.74450034
0.64898401
0.27441949
0.58111370
0.29149678
0.16568983
-0.27329171
-0.17569454
-0.26718345
0.25911939
-0.16473578
0.62627882
0.58957767
-0.53515732
-0.13474855
-0.69423360
-0.24503811
0.21257214
0.05219702
0.73053879
-0.36955315
-0.13349126
-0.02588718
0.04755983
0.23952301
-0.03698095
-0.11058019
0.13724513
0.09021853
-0.48986188
0.13855918
0.17596520
0.06466278
-0.29508322
0.13314150
0.78618962
0.40316826
0.10567454
0.64051479
-0.43989882
-0.64939630
0.03911441
-0.18819091
-0.48832622
-0.35455963
-0.44347697
0.13056128
0.71155947
0.23646255
-0.83133513
-0.66116124
0.28450313
0.03669496
-0.46546847
-0.33331743
0.15946242
-0.98088890
-0.21184866
0.55554307
0.05899640
0.01047977
0.06046727
0.01527246
0.23624566
-0.01182374
-0.10596137
-0.24524292
-0.54970908
0.19996373
0.12822051
0.00571637
0.01986803
0.05388031
-0.09374369
0.17548439
-0.30548266
-0.46245083
-0.86207515
-0.21210827
-0.22568850
0.29070035
0.12493750
-0.04203166
-0.41771561
-0.08729209
0.01184090
0.87483960
-0.07410419
0.30176574
-0.08159264
-0.33780700
0.26997617
0.17714860
0.29252574
-0.53023428
0.33107549
-0.42489275
-0.24052095
-0.70713496
-0.30479276
-0.15081914
0.18922599
0.56950086
-0.38214758
-0.40121701
0.08117503
-0.48329958
0.20248249
0.71851587
-0.15005577
0.00354129
-0.19977768
-0.51769543
-0.03999335
0.21392137
0.51726139
-0.08671588
-0.85349000
-0.08455201
-0.04630392
-0.18866082
0.07271902
0.33778813
0.43718189
-0.51892942
0.05126928
-0.69310504
0.23612705
0.39994356
-0.50016320
0.11309347
-0.25854060
0.22903112
-0.07038648
0.29369530
-0.29068890
0.71014005
0.46032661
-0.40578461
0.08498471
-0.62832433
-0.05934656
-0.62886959
-0.16504283
0.23201917
0.33511752
0.61626965
-0.05967093
-0.50930899
-0.36862722
0.30946851
-0.01321103
-0.56855261
0.65547192
-0.09161393
-0.40989679
0.67309022
-0.00517503
-0.04919197
-0.11029651
-0.08551126
-0.19076723
-0.04338639
-0.56792641
0.36682504
-0.08524758
-0.03587377
-0.01025012
-0.16177799
-0.07481447
0.03155944
0.18637268
0.12274192
0.19068500
-0.28178996
-0.16599786
-0.00086639
0.11012249
-0.14582938
-0.68847990
-0.42179292
-0.02159077
-0.50384647
0.09216160
0.43346897
0.03937232
0.17062159
0.25332448
0.37341988
0.07707611
0.05798130
-0.47868875
0.10346759
0.49340111
0.41492146
-0.16908847
0.04637238
0.16276686
0.24406037
0.01305493
0.70764786
0.13371140
-0.46877936
-0.08883466
-0.28030342
-0.00265479
-0.01309347
-0.11473765
-0.00124734
0.15400606
-0.03776079
0.64537263
0.32564095
-0.11139461
-0.00366359
0.06984714
0.14331503
0.21341456
0.19525467
0.02259609
-0.57091874
-0.50678903
0.08691140
0.38475308
-0.36947399
0.14128640
-0.11789658
-0.67566347
0.27322134
0.10838330
0.78772408
-0.23454957
-0.46831051
0.05255720
0.12116620
0.71199763
0.19620223
0.14543775
-0.21402985
-0.42374122
0.33316964
-0.11468036
-0.11045254
0.07986625
0.07214642
-0.01996762
-0.54458922
0.32576612
0.74124181
0.17234929
-0.03057268
-0.18185274
-0.58631748
-0.07627258
0.00883797
-0.24015965
0.17696500
-0.17239679
0.04599978
0.00186543
0.26694083
0.10930458
0.00133507
0.04282774
-0.11751735
0.05616586
0.07554415
-0.01343766
0.74153805
0.34351721
0.13740039
-0.89182663
-0.38690117
-0.38032192
0.04135527
-0.29866496
0.42508867
-0.04294299
-0.18793681
-1.26132846
-0.11309292
-0.10849543
0.01592887
0.04300688
0.29266995
-0.02383517
-0.04290012
0.12502295
1.01189840
-0.39833164
0.03819655
-0.08916958
-0.01206743
0.13107291
-0.16466926
0.42898700
-0.00962140
0.00746295
-0.65859222
0.07690706
0.75323236
0.02688966
0.06880196
-0.15101069
0.29729217
0.70531076
-0.09222791
-0.32622352
0.37553892
-0.31634811
-0.10109916
0.02192737
-0.23430021
0.13791306
0.41155353
0.11937770
-0.17961206
-0.12340580
-0.72438526
-0.18354009
0.15268032
-0.73430520
0.38815528
-0.42676026
0.05823852
0.06248901
0.26480412
0.11447724
-0.49881807
0.20831399
0.96582496
-0.26455906
0.06330913
0.40170586
-0.27809960
-0.41446775
0.23577821
-0.16054504
-0.51540560
-0.13410458
-0.21602471
0.37279606
-0.10885255
-0.09425104
-0.32915655
0.19859365
0.28209099
-0.17972110
-0.12374021
-0.18475719
0.05809981
-0.20724906
-0.27574077
-0.44645330
0.23829977
-0.19099928
-0.18442778
0.16257533
0.07664829
0.06026084
-0.46647885
0.23051552
0.17689253
-0.34459072
-0.25402704
0.68825638
0.18679234
-0.20024137
-0.33131152
0.09012755
0.19556931
-0.22996800
0.59537756
-0.04917173
-0.14232843
-0.37603104
-0.08112013
-0.26861972
-0.24100363
0.22859178
-0.06793344
0.19820668
0.04202170
-0.16299985
0.00814578
-0.03092885
-0.07533813
-0.08916733
-0.50074226
0.33362904
-0.35168123
-0.02344487
-0.11171106
-0.04393899
0.19418301
0.32420570
0.52805042
-0.01497660
0.16916195
-0.14872490
0.28676549
0.31721792
-0.09113568
0.46774310
0.25638852
0.27509606
0.00705418
0.10845999
0.11863174
0.12064730
0.11426602
-0.03624949
-0.78656870
-0.30506456
0.48425743
0.32612780
-0.31549805
0.35260281
-0.10949303
-0.10040992
0.04252170
0.10844985
0.48737311
-0.62426305
-0.48535493
-0.03472262
0.18177029
0.61769658
0.03361982
0.02538268
-0.22588207
-0.17284776
0.18365254
0.22905861
-0.04395247
0.08489121
0.16155723
-0.29416609
-0.32195553
0.30103293
0.85632437
-0.01260748
-0.01598724
-0.15007183
-0.35014603
-0.05219752
0.01298781
-0.19102706
0.09881568
0.18250997
0.54726738
-0.06640053
0.50866503
-0.40350667
-0.53351825
0.08143955
-0.07157432
0.17744948
0.58076209
-0.10962463
0.25447574
-0.03218775
-0.75257963
0.70899034
-0.33559045
0.24024187
-0.23738486
0.43293995
-0.08771913
0.08326568
-0.14137568
-0.18154077
-0.35345003
0.44753852
0.08508806
0.35535353
1.26434636
0.06508235
1.82250226
0.51666695
-0.04703046
0.13891679
0.04829042
0.28125829
-0.36998817
-0.15539950
-0.11216055
0.26273394
-0.02202807
0.21130715
0.07122982
-0.63562429
0.52097470
0.01374674
0.07231037
-0.26466247
-0.76441711
0.01359880
0.96475780
0.40797850
-0.10257711
-0.06244129
0.29900473
0.58010596
-0.46095791
-0.16774611
0.67583084
-0.25052828
-0.01248047
-0.30355260
-0.46399114
0.01843289
0.04088835
0.18416038
-0.41543829
0.05803981
-0.54498297
-1.13015378
0.23565382
0.17691205
-0.36372685
-0.58021164
-0.06424810
-0.17282243
-0.53194970
-0.24401158
-0.47932383
-0.36679074
0.10958331
-0.10726998
-0.08548198
0.19237012
0.41305530
0.56009221
0.18599547
-0.10735247
0.00245649
-0.70605928
-0.26804486
-0.56491429
0.22714767
0.02043196
-0.56747729
-0.02049620
-0.82309055
0.49450999
-0.47154433
-0.24572216
-0.93851608
-0.16029857
-0.12348109
0.43284085
-0.46615365
-0.80413896
-0.42030349
-0.49448511
0.25134060
0.79003966
0.40468079
0.65952379
-0.19540340
0.49563929
-0.66331363
0.58905280
-0.42059958
0.60927141
0.09114543
-0.53960961
0.50524044
-0.17430095
-0.07299881
-0.36870253
0.12732483
0.07834507
-0.13334154
-0.80526978
0.20724137
-0.54323012
-0.02864723
0.17620710
-0.17857119
0.20168179
0.36222771
0.40936315
-0.49423853
0.32201475
-0.09187437
-0.47254384
-0.25750682
0.21923709
0.07866345
-0.01265719
-0.29470170
-0.28329471
-0.00939891
0.34500360
-0.32024673
-0.27212083
-0.01496388
-0.00367299
-0.31313211
0.12239870
-0.25348833
-0.01651971
-0.57529408
-0.15664080
0.24178785
-0.16915709
-0.39841872
0.29715511
0.31423983
-0.51600319
0.04632484
0.18704347
-0.04333812
0.15417573
-0.04444728
0.19117291
0.05415188
-0.52612299
0.24779564
-0.24196817
-0.15372269
0.08922022
0.01232492
-0.53342664
-0.43293831
0.04279985
0.33576849
-0.37357363
0.26080278
-0.59094524
0.84512997
-0.45929009
-0.53964317
0.56833768
0.18183000
0.03848755
0.10430280
0.27732760
-0.65151983
-0.10862565
0.23104893
-0.18115097
0.78591949
0.25871342
-0.15822801
0.10582545
0.07340983
-0.10078184
-0.21856470
0.06302360
0.07573614
-0.10389673
0.11521456
-0.12049232
0.03722973
0.34608224
-0.24717171
-0.17575434
0.30717763
0.08802161
0.17483483
0.62335062
0.04187452
0.30011225
-0.03035967
-0.06512186
-0.07361415
0.04028236
-0.37247646
0.92375433
0.28245378
0.23076160
0.08231218
0.09518880
-0.41558537
0.23357610
0.00299398
0.03451080
-0.20573843
-0.03625944
0.04536868
0.33918872
-0.23531458
0.03301261
0.06597690
-0.17153415
-0.48902130
0.10460545
-0.00699945
0.08919004
0.38195479
0.18268459
-0.04915597
0.31061468
0.01436506
-0.06672681
0.26540202
-0.10720637
0.25072351
0.29198733
-0.38694456
0.08602244
-0.01309170
0.00696105
0.18190929
0.05216255
0.03530191
0.13127352
0.04836776
-0.03728016
-0.31259230
-0.16325419
-0.45718405
0.22428903
-0.18959905
0.40905616
0.29567152
0.29573208
0.23116307
0.44432941
0.51377815
0.03603803
0.00700179
-0.22629850
0.56238163
-0.09916142
-0.36660612
-0.07304473
-0.00076004
-0.00858704
-0.34538740
0.06204684
0.07738286
-0.03692876
0.14348444
0.23328242
0.27506664
0.25534141
0.09867235
-0.39473808
-0.53014749
0.01026576
-0.12926319
0.07656445
0.42049798
-0.29732388
-0.21155897
-0.13446794
-0.26279405
0.28532544
-0.10423482
-0.16934609
-0.30464724
-0.02218287
0.15210868
0.29857141
-0.45399493
0.27969751
-0.32546881
0.38343036
0.26378617
-0.51163346
0.05976715
-0.38674730
-0.09261666
-0.50160033
-0.28506890
-0.13551416
-0.21758164
0.34294596
0.00207301
0.10957415
-0.00953539
0.13572834
0.08077459
-0.20686167
-0.36904281
-0.25081292
0.68866748
-0.28498265
0.04308187
-0.39020330
-0.23244581
-0.08038098
-0.31390536
0.28850254
-0.57489955
-0.97380692
0.05710926
0.24133720
0.81312037
0.15489624
-0.29560849
-0.04717805
-0.04042842
0.19376712
0.07292736
-0.22398426
-0.00213163
-0.30555597
-0.21360137
-0.24654290
-1.10581255
-0.03266090
-0.02936710
0.72268951
-0.56786424
-0.42262408
0.25556850
0.12131483
-0.49686512
0.23251078
-0.07518961
0.35644284
-0.20094709
-0.39128330
-0.07532592
-0.08845980
-0.36197513
-0.00729570
0.10317285
0.62454087
0.33737803
-0.05519667
-0.45716637
-0.19129433
0.59834397
-0.10838290
0.42488432
-0.06827085
0.23262806
