0.04687500
-1.45312500
-1.42187500
-0.78125000
-0.25000000
-0.56250000
-0.60937500
-0.40625000
-1.43750000
-1.04687500
-0.21875000
-0.64062500
-1.03125000
0.51562500
-1.09375000
-0.57812500
-0.46875000
0.78125000
-0.21875000
-0.85937500
-0.57812500
-0.67187500
-0.82812500
0.26562500
-1.14062500
-0.65625000
-0.60937500
-0.73437500
-0.54687500
1.31250000
-0.79687500
-1.53125000
1.10937500
-0.34375000
-0.60937500
-1.07812500
-0.92187500
-0.03125000
-1.76562500
-0.20312500
0.50000000
-0.70312500
-0.54687500
-0.71875000
0.75000000
-0.87500000
-1.12500000
-0.73437500
