0.04594925
2.54617882
-1.42664599
-0.78856641
-0.24730209
-0.56309909
-0.61618632
-0.40298340
-1.44446993
-1.04815531
-0.21704195
-0.64428073
-1.02626991
0.51246476
-1.10029268
-0.57510656
-0.47559020
0.78507984
-0.21726058
-0.86363113
-0.58502209
-0.67154908
-0.83222669
0.26295963
-1.14310086
-0.65946001
-0.61406285
-0.73114103
-0.54696125
1.30489838
-0.79469168
-1.53843737
1.10479009
-0.33932504
-0.60919493
-1.08054578
-0.92007267
-0.03884879
-1.77237678
-0.19827834
0.50478047
-0.69668025
-0.53912818
-0.72265679
0.75101954
-0.87670285
-1.12323654
-0.74028486
