-1.13332796
-0.04108552
-0.85528213
-0.47718468
-0.51289141
-0.64072430
0.13850072
-0.31884822
-0.21680078
-0.26779586
-0.72922057
-0.47170076
-0.09848733
-0.84152293
-0.54466307
-0.44644272
-0.20978500
-0.98901129
-0.37879810
-0.02078398
-0.16240570
-0.16044855
0.23803714
-0.46728206
-0.24672920
-0.51501948
-0.59401709
-0.98977154
0.12504856
0.22419706
-0.83691597
0.13763283
-1.61700273
-0.15521465
-0.07810308
-0.20170885
-2.40499067
-0.31951651
-0.48327640
-1.29159033
-0.00064308
0.39561903
0.05788845
0.35530114
0.15617977
-0.20021783
-0.93225324
-0.55752957
0.16069297
-0.95055521
-0.48289776
-0.49108908
-0.52246791
-0.09707318
1.22255874
-0.17462787
-0.46288460
0.11410018
-0.63757420
-0.52184319
0.01115883
-0.37860030
-0.02062805
-0.20980248
0.03721220
-0.37146938
-0.75121105
-1.25027514
-0.23898520
-0.62060183
-0.43603408
-0.75492030
-0.20005402
-0.62071788
-0.85519022
-0.49529278
-0.89007664
-0.67127550
-0.53828943
-0.31332079
-1.64636195
-0.24833621
0.05293154
-0.32545987
-0.99743360
-0.45326301
0.37536505
-0.69587773
-0.79156667
-0.16815411
-0.23213397
-0.72754407
-0.82445514
-0.29956657
-0.00559676
-0.72975540
-0.36726385
-0.68016982
-0.83507156
-0.75832683
-1.06947112
0.27780786
-0.25397387
-0.59531742
-0.62118894
0.01623186
0.14142855
-0.60325927
0.11989442
-0.66357636
0.24820851
-0.55113178
-0.34948593
-0.53113085
-0.58893979
-0.42145851
-0.13913311
-0.10919192
-0.09158377
-0.21873738
0.09848773
-0.35680613
-0.65361941
-0.72708839
0.26162785
-1.13773179
-0.75015825
-0.92463458
-0.44546950
-0.52291328
-0.20284669
-0.22014043
-0.48376626
-1.04758739
-0.57055354
-0.03373511
-0.31261846
-0.53087187
0.12041461
-0.18884665
0.95010442
0.02410332
-0.54516548
0.48017076
-0.56925666
0.03035299
-0.08860449
-0.56019765
-0.52244973
-0.41131893
-0.04389375
0.32655364
-0.08626163
-1.46679139
-0.53325289
0.26198792
-0.41655511
0.31473550
-0.78741145
-0.15536797
-0.71115756
0.02442145
-0.66615039
-0.85122806
-0.76420522
-0.18663135
-0.61694407
-0.92314476
-0.56624985
-0.45290309
-0.55486321
-0.63283628
-0.71970260
-0.40176153
-0.42416513
-0.31273666
-0.38574567
-0.54608285
-0.54409564
-0.44754273
-0.47830993
-0.75899589
-0.35989466
0.21359296
-0.42336902
-0.93981153
-0.93221921
0.24066932
-1.07070768
0.29828265
-0.20157531
-0.58234990
-0.18073753
0.07835441
-0.33732563
-0.74243081
-0.09590091
-0.62375659
-0.16000408
-0.39431179
-0.77079737
-0.17864136
-0.93574786
-3.43324447
-0.52727038
0.01774273
0.03643264
-0.07166310
-0.25510415
-0.41764680
-0.57689238
-0.10834236
-0.96106327
-0.62330669
-0.29349220
-0.22712721
-0.50509906
-1.44726706
-0.28726938
-0.30744329
-1.13466740
-0.52109742
-0.15946610
0.09828049
-0.31190437
-0.44280967
-0.28329509
-0.63060606
-0.47221318
-0.14599855
-0.00872244
-0.43986651
-0.45698261
-0.31024647
-0.37123504
0.23326175
-0.11830493
-1.06617463
-0.80253839
-0.55651230
0.09236291
-0.69726580
-0.18886793
-0.06691330
-0.79165494
0.18360379
-1.18635631
-0.73058456
-0.88591874
-0.25324216
-0.28417695
0.08559109
0.03392474
0.24730484
-0.00716381
-0.68657124
-0.39844704
-0.50522214
0.12554917
-0.84788209
-0.59094906
-0.88850230
-1.63418579
-0.06895602
-0.07147595
-0.68518072
-0.01152938
0.03397990
-0.23948720
-0.43465689
-0.62591660
-0.69989979
-0.93811375
-0.20453839
-0.41873974
-0.61818981
-0.24686489
-0.35808548
-1.50339925
-0.51193410
-0.31133661
0.31975254
-0.01205568
-0.19983605
-0.37132093
0.21303579
-0.33261180
-2.16956091
-0.68665957
-0.05276297
-0.36734682
0.03210655
0.38803798
-1.00445640
-0.12155703
-0.30258507
-0.82978934
-1.25434804
-0.14549814
-0.53260386
-0.10993648
-0.29883420
-0.39318207
-0.52526641
-0.71244544
-0.69427943
-0.23759905
-0.12622032
-0.47474444
-0.08774140
-0.47874349
-0.40667635
-0.64162564
-0.66025478
-0.21851535
-1.12406754
-1.16340840
-0.46943018
-0.26446760
-0.23793086
-0.59300411
-1.00917518
-0.95272726
-0.21353373
-0.33140570
-0.03408758
1.96518040
-0.36972162
-0.52211416
-0.73892343
-0.66258812
0.16520694
-0.21248119
-0.04136615
0.04795993
-0.55309099
-0.53301656
-0.60101587
-0.74975014
-0.42197186
0.00722924
-0.26910973
0.19173527
0.04235865
-0.06802790
-0.45681727
-0.91637605
-0.32269898
0.06927732
0.12968302
-0.48245567
0.11543141
-0.38314244
0.45045191
-0.61973578
-0.30307665
-0.65864664
0.10213917
-0.85363340
-0.27715042
-1.74466622
-1.00495791
-0.61665636
-0.70090771
-0.34012491
-0.28916192
-0.45397353
-0.40181902
-0.49092829
-1.00310707
-0.59305787
0.04365418
-0.01238283
-0.35309064
-0.72291994
0.68276793
-0.47014129
-0.01695310
0.28569919
-0.94266295
-0.62870389
-0.53418118
-1.38657534
-0.58636326
-0.41589928
-0.25415564
-0.43117088
0.09310702
-0.59730572
-2.02223372
0.36046645
-0.30754954
-0.47204512
0.28043911
0.17209233
-0.53092426
0.19483782
-0.36936310
-0.32591653
-0.78666627
-0.89441764
-0.57524627
-0.09042470
-0.06088715
-0.64779496
0.40579128
0.14977320
-0.22032821
-0.11099140
-0.84502596
-0.24996814
-0.37709978
-0.28768903
-0.67842662
-0.50178593
-0.53927100
-0.34034362
0.10953895
-0.10831144
-0.05041794
-0.71139193
-0.03460454
-0.17598666
-0.61269218
-0.24032237
-1.01887417
-0.32143939
-0.73860115
0.39459610
-0.74376458
-0.26422599
0.35410950
0.12290825
-0.64126658
-0.69943261
-0.61836439
-0.42045084
-0.94288397
-0.72174066
-0.14068379
-0.60207969
0.20442444
0.01304705
-0.64246023
-1.33977413
0.03877080
0.54496539
-0.57340556
-0.86428899
-0.25704286
-0.77701074
-0.53426325
-0.25970295
-0.03239157
-0.63710046
-0.11687218
-0.65275979
-0.75389487
-0.13266331
-0.79720360
-0.95628482
-0.78591120
-0.08608641
-0.39079678
-0.40166223
-1.33058488
-0.33015272
-0.01245125
-0.69740927
-0.31032941
-0.27408701
-0.43282625
-0.70144451
-0.35542482
-0.49981862
-0.18589413
-0.37994170
-0.82625675
-0.54014075
-1.40368998
-1.08339429
-0.26407272
-1.14593792
-0.17640825
-0.64784968
-1.56539559
-0.58137929
0.25235412
-0.34592769
0.03062318
-0.49083805
-0.96384144
-0.43577152
-0.16641568
-0.49190360
-1.29884827
-0.45385468
-0.25784895
-0.05193966
-1.82027292
-0.68757993
-0.20210406
-0.35294658
0.43327332
-0.96450311
-0.07396481
-0.34336483
-0.16977610
-0.83885169
-0.44954795
-0.91794199
0.00288416
-0.22115882
-0.14552629
-0.45639613
-0.67366439
-0.49146837
-0.08661947
-0.63915664
-0.50198883
-0.60120946
-0.25350240
-1.05312884
-0.69444019
0.00859168
-0.28564322
0.00826210
-0.14320609
-0.13493420
-0.77228916
-0.00286529
-0.21177429
-0.15619063
-1.02089870
-0.86250573
-0.29183769
-0.06830010
-1.28890502
-0.36578628
-0.28776705
-0.82500374
-0.84675205
-1.20584607
-1.43411005
-0.79164416
-0.28689712
-0.41280577
-0.51461893
-0.17655733
0.01475491
0.29846987
-0.57378089
-0.38647002
-0.37810877
-0.13116549
-0.27978185
-0.59736115
-0.26332170
0.14156142
-0.20952834
0.06979563
-0.01256876
-1.23798358
-0.34814090
-0.38306189
-0.48113278
-0.13523778
-0.57585442
-0.06166728
-1.35598433
-0.49025884
-0.39561853
-0.44373575
-0.61054057
-0.26085371
-0.20278002
-0.80357921
-0.20184207
-0.63369000
-0.03995603
-0.49239564
-0.20809822
-0.49166247
-0.17215474
-0.46975267
-0.40068531
-0.25227493
-0.46702871
0.21855827
0.09325612
-0.07304995
-0.10314696
-0.76336765
-0.52239382
-0.41791570
-0.79041094
-0.47981560
-0.44219232
-0.44940382
0.37929296
-0.67822242
-0.44767520
-0.49425322
-0.60039568
-0.42604566
-0.52648872
-0.18770750
0.05513966
-0.60843271
-0.55233228
-0.25457990
-0.86652213
-0.25566217
-0.51025522
-1.00195062
-0.90050483
-0.84816265
-1.11016393
0.21036902
-0.61571193
1.61682212
-1.16229618
-0.25452226
-0.38168922
-0.22265252
-0.19033879
0.11116451
0.06238157
-0.79891455
-0.24507199
-1.45643914
-0.78289652
0.13198298
-0.32967395
-0.06578325
-0.17065093
-0.23515877
-0.22888403
-0.64457303
-0.31219223
-0.40202385
-0.81165946
-0.55444068
0.10151055
-1.22895062
0.00801234
-0.10665573
-0.29049119
0.07286409
-0.25730133
-1.97227049
-0.88014722
-0.57086104
0.27789515
-0.28469869
-0.98663425
-0.28613481
-0.49586281
-2.08382487
-0.06312186
-0.74909967
-0.50064725
-1.12955332
-0.43594769
-0.33781219
-0.28807953
-0.55124527
-0.71681017
-0.67945874
-0.55911756
-0.09417171
-0.16050440
-0.94090724
-0.32684559
-0.21560451
-0.49295875
-1.11204624
-0.64091307
-0.21310915
0.05518202
-0.76771098
-0.34664530
-2.12248683
-0.18544351
0.05239824
-0.88546586
-0.38188046
-0.16998659
-0.34497610
-0.80977625
-0.76545703
0.22432505
-0.88553649
-0.72207290
-1.00058627
-0.35801178
-0.76164126
-0.59493393
-1.32263160
-0.16761321
-0.56289715
-0.88512105
-0.11405443
-0.23144574
-0.62640041
-0.57214695
-0.39248332
0.20869496
-1.21923268
-0.69134116
0.06749823
-0.61372274
-0.07435559
-0.25160342
0.39123940
-0.99474686
-0.41641203
-0.24028045
-0.25093064
-0.76011157
-0.69329989
0.11721615
0.33615294
-0.35604650
-0.48143056
-0.65379697
-0.68769962
-0.10465905
-0.26193851
-0.60153240
-0.85839140
-0.84249616
-0.42693007
-0.61594826
0.10773916
-0.22883664
-0.54924101
-0.44913831
-1.09771788
-0.25658396
-0.25904444
-0.62643278
-0.50076634
-0.56593543
0.23546016
0.01978555
-0.54273361
-0.74187577
-0.50976521
-0.38789651
-0.15769334
-0.16288193
-0.43601832
-0.83741206
-0.13625278
-0.26011056
-0.26243398
-0.24935602
0.11334920
-0.10054535
0.00347938
-1.46450412
-0.29178241
-0.97721565
-0.71072555
-0.08406809
-0.75381607
-0.46477634
-0.35594645
-0.22059299
0.05874716
-0.50428343
-0.21377140
-1.88010025
-1.35076165
-0.04361998
-0.24838136
1.93374288
-0.51191580
-0.25182927
-0.53695929
0.45089650
0.00881722
-0.04546069
-0.84849769
-0.79735202
-0.80039912
0.65452570
-0.38945952
-0.53224266
-0.87567848
-0.53265882
-0.15460594
-0.42566106
0.07911976
-0.54685575
0.11707842
-0.13863781
-0.47044662
-0.58736467
-0.44678450
-0.70891267
-0.86997485
-0.38878009
-0.26187283
-0.36760512
0.07805820
-0.42449009
-0.50910288
-0.17778617
-0.25580841
0.47863355
-0.70779276
-0.91747731
-0.00926626
-0.35445991
-0.23857090
0.28915298
-0.53908175
-0.54907304
-0.36863673
-0.34364438
-0.94948250
-0.66975290
-0.36231470
-2.40105724
-0.99095321
-0.73427242
-0.92710072
-1.17643380
-0.37395793
0.06380590
-1.27743697
-0.46959102
0.26791990
0.12095591
0.31161848
-0.30380872
-0.15633103
-0.53130078
-0.59366143
0.06232998
-1.47397494
-1.61956692
-0.89353794
0.00030443
-0.72420001
-0.70986259
-0.38887066
-0.70749450
-0.56237537
-1.39967954
-0.34302562
-0.38407528
-1.29503274
-0.27572250
-0.67437911
-0.42878437
-0.59128499
-0.46186993
-0.16982673
-0.36700785
-0.40153110
-0.70629764
-0.44005182
0.20953257
-0.36167404
-0.25736931
-0.60899168
-0.34911448
-1.01455593
-0.41341141
-0.10193246
-0.98584783
-0.90931916
0.03016644
-0.36999941
-0.51190704
-0.32652426
-0.34368706
-0.56244606
1.43255997
-0.49034381
-0.04559124
-1.45500755
-0.90356213
0.02543517
-0.00539434
-0.77930170
-0.35998848
-0.42612204
-0.15836157
0.72916651
-0.26883858
-0.34681666
0.04931634
-0.47694331
-0.58268368
-0.63228083
-0.72431403
-0.52788401
0.12270865
-0.64865386
-0.29161602
-0.67415291
0.04251222
-0.41086134
-0.44139379
0.29170182
-0.19712918
-0.52268183
-0.43544015
-0.92157948
0.00916543
-0.22164673
-1.44258869
-1.37204432
-0.53243381
-0.39438641
-0.39861199
0.33233356
-0.71181172
-0.23137885
-0.46055287
-0.19419305
-0.84912318
-1.18046021
-0.56140947
-0.49754846
-0.45274580
-0.27294606
-0.66941661
0.10939213
0.04963687
-0.34805495
0.77481627
-1.08937132
-0.75564080
-0.10958239
-0.50701928
-0.75437784
-1.05329406
1.02637804
-0.66398650
0.14526404
-0.72107947
-0.38282752
-0.50766313
-0.00342567
-0.56257969
-1.22950017
-0.44631436
-0.36061996
-0.62937742
-0.26767406
-0.17350793
-0.53587389
-0.81590086
-0.21132872
-0.03042509
-0.09856775
-0.24241404
-0.60708010
-0.65219539
0.14566314
0.32517633
-0.30934453
-0.34663495
-0.35020238
-0.10964735
-0.80149978
-0.62614316
-0.67373884
-0.95925653
0.03559214
-0.61442053
-0.69871008
-0.21997176
-0.92034626
-0.79252589
-0.17771327
-0.27803865
-0.20340768
0.30873814
-0.97274417
0.02627666
-1.91032088
-0.35322413
-0.12007216
-0.48630148
-0.09228522
-0.19287923
-0.22070132
1.18075073
-0.25311598
-0.09594814
-0.42492288
-0.45284864
-0.11588607
-0.12004998
0.30003408
-0.23646936
-1.47552252
-0.10829448
-0.70050013
-0.55950373
-1.06860447
-0.64400733
-0.52893412
-0.28637883
-0.13172877
0.05467230
-0.60570061
-0.16788539
-0.90397590
-0.14141324
-0.57256752
-0.93291229
-0.59708041
0.51827556
0.07653906
-0.12841521
-0.86227846
-0.78399813
-1.09674609
0.33565256
-0.44395059
-1.10331750
0.38434663
-1.36619759
-0.22763397
-0.45812988
-0.88311785
-0.66175926
0.13527460
-0.16166683
-0.53497630
0.47990006
-0.12185392
-0.84147513
-1.03401244
-0.32337031
0.01336835
-0.57731599
-0.17933324
-4.34037876
-0.33223313
-0.85214096
-0.80925167
0.33728647
-0.76726264
-0.32018864
-1.61152875
-0.40706658
-0.26688495
-0.50504476
0.03103334
-0.37438565
0.06976907
-0.27769923
0.12383850
-0.18359026
0.19313662
-0.40599546
-0.03630404
-0.27187410
-1.01085842
-0.73608994
0.41541690
-0.21308574
-0.53805584
0.47986558
-0.28177685
-0.34535885
-1.31984508
-0.30495453
-0.77417082
-0.61207294
-0.28627294
-0.85817349
-0.48514631
-0.51589638
0.48014933
-0.65614194
-0.94132721
-0.34274796
0.01096108
-0.43262422
-0.77985120
0.15598311
-0.42184466
-0.80838299
-0.96775872
-0.44866857
-0.91164804
-0.83193409
0.50053924
-0.18094462
-0.15112592
-1.00092852
-0.04182298
-0.61367947
0.91987056
0.09958562
-0.51225889
-0.50606394
-0.94022262
-0.61823988
-0.09079348
-0.40943420
-0.46355504
-0.64721572
-0.39889717
-0.48052230
-0.96175194
-0.18733050
-0.56317842
-0.18665591
-0.19786458
-0.33337051
-0.82946068
0.13726923
-0.96304667
-0.17664948
-0.25259423
-0.40403017
0.18264517
-0.08677375
-0.27887255
-0.55342466
-1.55764115
-0.31043229
-0.50837624
0.06125077
-0.22789939
-0.13117744
-0.64153922
0.00771449
-0.45969945
-0.48651093
0.16653308
-1.62806416
0.31268734
-0.50788999
-1.02228940
-0.61874741
0.48325324
-0.18017627
-0.13485587
-0.87973750
-2.03144383
-0.69366986
