-0.33086401
0.14942589
-0.29743004
-0.66579324
-0.31152290
-0.47396642
-0.37757066
-0.15853931
-0.70096958
-0.56727946
-0.34645399
-0.01192998
0.11553229
-0.15652975
-0.53846711
1.09196472
-0.24877442
-0.70165807
-0.75283253
0.02462554
-0.08479661
-0.28817931
0.00399639
-0.71404308
0.23592460
-1.02899694
-0.00388665
-0.51013720
0.00363987
-0.30504969
-0.71118033
-0.01126669
-0.71944392
-0.45187902
-0.56248140
-0.37184945
-0.50231284
-1.12708437
-0.83698213
0.22075424
-0.69226140
-0.72383237
-0.80662286
-0.51325089
-0.30177128
-0.34859559
0.21563838
-0.98681021
-0.87659520
-0.41469875
0.27143675
0.07634269
-0.32985500
-0.37794650
-0.15942743
-0.17715105
-0.51213241
-0.82839674
-0.77195764
-0.33328125
-0.15860377
-0.58542812
-0.35048819
-0.13557419
-0.03612818
-0.83496815
-0.51172197
-1.11028910
-0.71202821
-0.25101599
-0.18665552
-0.44880700
-1.26884711
-0.14725351
-0.29086885
0.09075629
-0.93025714
-0.95911938
-0.81141907
-0.79041839
-0.26064551
-0.24041720
-0.70355088
-1.16060424
-0.42311731
-0.17263703
-0.68072474
-0.47733957
-0.68166721
-0.13282074
0.00785768
-0.59433270
-0.17684941
-0.49835482
-0.82288885
-0.04121047
-0.61765224
-0.61765301
-0.81616354
-0.05113982
-0.43919900
0.26220834
-0.42160586
-0.03974482
-0.40619278
0.09839471
-0.22552207
-0.44158670
-0.64946091
-0.30638075
-1.04139841
-0.43516010
-0.78120178
-0.25193068
-0.71906132
-0.18282296
0.08624203
-0.69013715
-0.11987891
-1.03029323
-0.50813299
-0.30753651
-0.21280378
-0.45634416
-1.81552279
0.03954798
-1.20596433
-0.73786175
-0.39085019
-0.01970952
-0.23666121
-0.60369813
0.20905265
-0.09657700
-0.74868256
0.07617349
0.14060922
0.33595386
-0.46001285
-0.76199460
-0.37811211
-0.50489318
-0.65816534
-0.18371633
-0.50128657
-0.21718650
-0.35074073
-0.56943905
-1.02702343
-0.37342009
-0.16990060
-0.64664161
-0.32141301
-0.91899186
0.22812711
-0.98500931
-0.37563691
0.04668794
-1.15591753
-0.74855143
-0.19253944
-0.82351440
-0.50268930
-0.96112865
-0.96297455
-0.26737118
-0.63265336
0.21989641
-0.57121187
-0.90762419
-1.37661326
-0.11805417
-0.47196454
-0.21099861
-0.24569803
-0.67329431
-0.55856729
-0.32614830
-0.15362649
-0.44043976
-0.48973548
-0.04896700
-0.36500421
-0.74178243
-0.78711200
-0.46138987
-0.49231392
-0.76600081
-0.49191636
-0.31179819
-0.03308989
-0.11223881
-0.15347876
-0.72526312
-0.38780397
-0.43303180
-0.36600840
-0.37877718
-0.09803678
-1.19936943
-0.17004050
-0.36353382
-0.45498547
-0.28451556
-0.74332297
-0.15492283
-0.64729565
-0.33793336
-0.72931367
0.07726981
-0.66667771
0.12426499
-0.32825753
-1.05871904
-0.44649628
-0.61077523
-0.80152184
-1.16824710
-0.23126893
-0.15061148
-0.94110847
0.14957249
0.19759339
-0.04034561
-0.40414396
0.13670444
0.01816710
-0.21433066
-0.53254986
-0.12610218
-0.29350698
-0.29442042
-0.28042492
-0.12946966
-0.87926877
-0.61456096
-0.56243694
-0.20396322
-0.52899808
-0.64018118
-0.14114960
-0.21034743
-0.03519368
-1.04157245
0.14426251
-0.64025056
-1.13018179
-0.44133538
0.20858437
-0.41028702
-0.37246040
-0.74855077
0.77487934
-1.16872394
-0.11411467
0.70859009
-0.84029818
0.22670767
0.01516405
-0.52285451
-0.73766440
-0.67682058
-0.47715774
-0.21463165
0.37309462
-0.61987609
-0.27497166
0.24886350
0.89616263
-0.91907114
-1.24178600
-0.25890523
-1.01330268
-0.08222117
-0.22847320
-0.28670576
-0.58236533
-0.61019671
-0.53519958
-0.34779450
-0.22689424
-0.22962113
0.43786201
-0.10764974
-1.18932843
0.07821717
-1.08961451
-0.73879713
0.16300055
-0.80337906
-0.44573361
0.04004874
-0.33379757
-0.72739953
-0.60931277
-0.10293972
-0.18794152
-1.12498391
-0.16503789
-0.46619216
-0.58305371
-0.73805898
-0.45445636
-1.02315426
-0.32347026
-0.39811826
-0.97745162
-1.73011744
-0.07862565
-0.60350400
-0.71369088
-0.50485802
-0.54368812
-0.48745275
-0.52950895
-0.60108942
-0.82088017
-0.11880379
-0.10198487
-0.51557124
-0.16674517
-0.39198515
-0.18804066
-1.14912665
-0.61933738
-1.07863331
-0.10750490
-1.23843026
0.48608539
-0.59965909
-1.51478791
-0.70816314
-0.69994521
-0.65676200
-0.61595410
-0.62619191
-0.28136617
-0.01202744
-1.05898952
0.09531093
-0.23987985
-0.52530962
-0.33189082
0.12691711
-0.28325874
-0.24875645
-0.76096141
-0.08079451
-1.08402121
-0.09341188
-0.56772339
-0.84373486
0.18205158
-0.78211635
-0.69370317
-0.44119471
-0.66734487
-0.48643714
-0.07819881
-0.89892632
-1.06040478
-0.67693090
-0.77822107
-0.20957360
-0.91092372
-0.15990928
-0.38661352
-0.04306452
-1.09904552
-0.50268650
-0.18893842
-0.59029943
-0.64870369
-0.44724807
0.15615885
-0.02389939
-0.99295753
-0.34645948
-0.87648666
-0.46104002
0.09179205
-0.71167767
-0.64373815
-0.10335600
-1.23628736
-0.56268114
-0.56978554
-1.32676017
-0.23802300
-0.19627257
0.60946643
-1.19596314
-0.27873531
-0.65133649
0.03082915
-1.36782193
-0.27227041
-0.11500706
-0.73690563
0.72803086
-0.14858247
-0.52532405
-0.82243800
-0.08296709
-0.86290479
-0.10338721
-0.61202937
-1.08440077
-0.29862267
-0.21642393
0.16019365
-0.57290566
-0.00893042
-0.37324971
0.11304460
-0.51077074
-0.41361296
-0.37041453
-0.74286336
-0.59068465
-0.47017872
-0.75547284
-0.17647117
-0.10932912
-0.83574098
-0.25878876
-0.45183426
-0.77176583
-0.50440806
-0.09095915
-0.21510258
-0.84867328
0.03486686
-0.16353540
-0.60350358
-0.37109038
-0.59568912
-0.24704571
-0.22481175
-0.97836649
-0.69579911
0.02983455
-0.06165132
-0.00580623
-0.22266482
-0.54904348
-0.34298551
-1.50876737
-1.42906308
0.02281371
-0.56474072
-0.89992970
-0.98553854
-0.05966423
-0.46875051
-0.81049448
-0.00933029
-0.58676386
-0.74395275
0.11029211
0.07077561
-0.43039685
0.14148742
-0.31438026
-0.04469067
-0.34711555
-0.66395348
-0.58744508
-0.02216934
-0.08665160
-0.66616136
-0.83430582
-0.61568290
-0.72932845
-0.37106460
-0.28244653
-1.16408312
-1.05628753
-0.56587762
-0.56589729
-0.81405562
-0.33519894
-0.89906394
-0.57017010
-0.70688134
-0.38389263
-0.83878332
-0.86685514
-0.07234140
-1.12946451
-0.79321569
-0.00291651
-0.15650912
-0.05906485
-0.70405853
-0.45960379
-0.10368831
-0.13967207
-0.25887334
0.21973650
-1.16273332
-0.77003008
0.17365566
-0.30995649
0.03367284
-0.75646144
-0.48429659
-0.39280379
-0.40785977
0.05041541
0.23961186
0.00165349
-0.71167600
-0.49102601
-0.79994476
0.02609834
-0.79112417
-0.35716867
-0.60872805
-0.18198669
-0.61531907
-0.46579134
-0.89045876
0.08061904
-0.67563409
-0.41991910
-0.87328643
-0.16626148
0.19966772
-0.85088027
-0.12426756
-0.82412690
-0.31154439
-0.35249701
-0.30118966
-0.22176346
-1.96270144
-1.01504111
0.00878134
-0.62076223
-0.55965823
-0.16765369
-0.56902301
-1.12073267
-0.45919332
-0.33858129
-0.21902774
-1.01775050
-0.25925010
-1.41899610
0.28430760
-0.44161525
-0.41904658
-0.32073402
-1.10118902
-0.16925183
-0.61023164
-0.90697360
-0.83984655
-0.18324997
-0.68418342
0.13407645
-0.49294078
-0.19695364
-0.43316582
-0.46315685
-0.12758435
-1.73732102
-0.51817459
-0.61337966
-0.43312258
-0.25695542
-0.49041414
0.18311687
0.44591844
0.27379692
-1.16931653
-0.27017793
-0.65418404
-0.38360503
-0.55946338
-0.47616908
-0.45750993
-0.67410797
0.87846041
-0.06744426
0.08107732
1.08856153
-0.56684738
-0.32569960
-0.52678347
-0.30871260
-0.67643493
-1.15769613
-0.85788417
0.20869948
-0.30937681
-0.08336478
-0.54895067
-0.30071020
-0.48047629
-0.92495322
-0.30730280
-0.88095421
-0.69077760
-0.29161435
-0.54506868
-0.23220749
-0.68866765
-0.82852471
-0.05640791
-0.10178380
-0.22276092
-0.17588548
-0.52634740
-0.46997806
-0.70798999
-0.16189887
-0.25743753
-0.05230179
-0.43021524
-0.04314476
-0.53314257
-1.02872396
-0.31398532
-0.79812521
-0.27500930
-0.48163450
-0.62621146
-0.27870315
-0.21633518
0.13899767
-0.37556714
-0.82045698
-0.45962396
-0.53582758
-0.81317681
-0.25197029
-0.33769199
-0.38871804
-1.67382431
-1.35697091
-0.63548100
-0.38434261
-1.04011989
-0.27094096
-1.20457613
-1.56781161
-0.38271928
-0.78313488
-0.12845857
-0.80421400
-0.49439955
-0.77151656
-0.64082485
-0.20556611
-0.58984756
-0.02852744
-2.03595328
-0.01716848
-0.79600441
-1.06060374
-0.08476382
-0.40779084
-1.11384797
-0.61307347
-0.82013565
-0.02458734
-1.64903367
-0.56778979
-0.31759343
-0.80191696
-0.17598666
0.01448052
-0.24687849
-0.05048258
-0.59779066
-0.53092140
-0.66482466
0.39054143
-1.20095170
-0.13605517
-0.44929087
-0.28505149
-0.33928445
-0.74600589
0.44167039
-0.27703971
-0.71814972
-0.66282654
-0.12712011
-0.29720432
-0.47654429
-0.23133107
-0.86476922
-0.27653787
-0.54799491
-0.57628906
-1.06541765
-0.57928354
-0.60316718
-0.05788513
-0.34145966
-0.32786539
-0.90723747
-0.22595493
-0.97009468
-0.95780188
-0.59938216
-0.55346906
-0.74512792
-0.95427543
-0.74678099
-1.31277180
-0.53486592
-1.12806201
-1.02465105
-0.22833414
-0.32141414
-0.97938603
-0.38763946
-0.74060309
-0.56355149
-0.45234549
-0.20600738
-0.88954335
-0.50297278
-0.48136619
-1.15005386
-0.49141005
-0.42178249
-0.46256536
-0.20199072
-0.85720927
-0.80415326
-0.91127539
-0.15570065
-1.03333020
-0.03705404
-0.13248642
-0.13907439
-0.25060147
-0.45188785
-0.61204314
-0.41735280
-0.58836538
-0.49058786
-0.82037711
-1.59811699
-0.78290272
-0.69057459
-0.46429479
-0.51956159
-0.63486713
-0.88671410
-0.04196125
-0.72901893
0.01318738
-0.55138266
-1.63309348
-0.34676334
-0.74573207
-0.53254139
-0.46930891
-0.40595609
-0.71368903
-0.34852296
-0.30873191
0.39396620
0.40301883
-0.50614870
-0.32440400
0.35789007
-0.06270631
-0.80299574
-0.70710975
-0.39557618
-0.83166242
-0.07488368
-0.65993482
-0.09877490
-0.63875169
-0.91466808
-0.51555467
-1.24349272
-0.56316346
0.52160019
-0.79688954
0.09519079
-0.26295277
-0.18338448
-0.98277783
-0.27521878
-0.49270707
-0.12063284
-0.15489380
-0.59297997
-1.05614364
-0.07663184
-0.53308183
-0.99612409
-0.24311127
-0.50439638
0.08566003
-0.35688716
-1.30620944
-0.22998656
-0.83731973
-0.58927959
-0.49414328
-0.03963608
-0.61034310
0.02062532
-0.17661725
-0.86496425
-0.82697064
-0.27501544
-0.37541875
-0.10742720
-0.48092747
-0.55961400
-0.15325902
-0.80106854
-0.29753923
0.02278581
-0.47819293
-0.88970137
-0.22238955
-0.03969537
-0.39064190
-0.91100752
-0.26432273
-0.89955926
-1.24024749
-0.29485103
-0.09305082
-0.01641013
-0.48653209
0.01961434
-0.46917960
-0.25658289
0.12600860
-0.46953028
-0.73316568
-0.55341387
-0.46112749
-1.02358055
-0.85836047
0.19361199
-0.50915539
-1.61694586
-1.24024320
-0.70100957
-0.64189291
0.16635777
-0.41330072
-0.64883488
-1.11386454
-0.15748726
-1.20368457
-0.13378055
-1.04272401
-0.31674874
-0.94599915
-0.71862340
-0.10910797
-0.52105206
-0.44161969
-0.55356848
-0.02811709
-0.59954393
-0.56159264
-0.32149169
-0.44554871
-0.63715547
-0.67276192
-0.08204272
-0.85829920
0.07662833
1.29238975
-0.99942756
-0.30317214
-0.79259002
-0.68400025
-0.39537463
-0.33110616
-0.39681980
-0.77627861
-0.56898868
-0.56992352
-1.31228387
0.35922748
-0.38166401
-0.17873344
-0.22231294
-0.61068165
-0.32648432
-0.22470988
-0.39855456
-0.36699206
-0.78163064
-1.42991495
0.10857673
-0.65521389
-0.56312889
-1.09475279
-1.11417377
0.54065454
0.09649379
-0.64994556
-0.50763071
-0.47688201
-0.71068931
-0.05838854
-0.81579852
-0.89184183
0.10924212
-0.28697777
-0.08033504
-0.98885471
-0.14857453
-1.26173162
-0.64773226
-0.21743703
-0.09028641
-0.55578989
-0.50176138
-0.65944326
-0.76458436
-0.32673827
-0.60180092
-0.01965423
-0.47639179
-0.11080363
-0.47958955
0.09034171
-0.53232247
0.12383474
-0.55856180
-0.57491755
-0.14555599
-1.74731112
-0.55447054
-1.04773700
0.11995810
-0.17833626
-0.24111930
-0.21098335
-0.18659456
-0.28086886
-0.40935448
-0.59016591
0.22515175
-0.45981655
-0.85346824
-0.70036507
-0.33399290
-0.17656668
-1.00132740
-0.12065765
-0.58400309
0.13668907
-0.53740221
0.05710511
-1.02232969
-0.71671718
-0.59745276
-0.44372576
-0.64283782
-0.80851227
-0.26022187
-0.89950985
-0.03792325
-0.28324017
-0.77402467
-0.54313380
-0.47004336
0.45089754
-0.82730788
-0.04817258
-0.61998981
-0.43994328
-0.30006644
-0.62609619
-0.44287461
-0.26974112
-0.30098528
0.15362725
0.14021094
0.16778509
0.16111457
-0.30816644
-1.21384478
-0.83224422
-1.08651447
-1.01702452
-0.83447742
-1.05981541
-0.05420770
-0.73874301
-0.42893741
-0.27013683
-0.51521194
-0.06773496
-0.00668090
-0.94891775
-0.51109529
-0.17907342
-0.11437079
-0.59807223
-0.27224892
-0.96821594
-0.04743908
-0.56746638
-0.78955507
-0.52126968
0.10362983
0.61733472
-0.27939481
-0.64041001
-0.39288649
-0.63798183
-0.24509750
-0.86114985
0.00500318
-0.86629742
-0.10941572
-0.15868588
-0.57174993
-0.44272724
-0.55621684
0.08282580
-0.66336668
-0.07458271
-0.57992327
-0.54110062
-0.64232963
0.46867552
-0.58367378
-0.41667131
0.19862680
-0.31089735
-0.63523531
-0.72246253
-0.50899464
-0.01651193
-1.08285487
-0.36715248
-0.93733740
0.16287430
-0.02123422
-0.67080760
-0.26842067
-0.42239010
-0.27263173
-0.70036620
-1.12410223
-0.48062247
-0.88051385
-1.06159115
-1.33528459
-0.25574598
-0.40369093
-0.28737357
-1.08248115
-0.85165519
-0.25171110
-0.71285599
-1.27286708
-0.50976473
-0.04625207
-0.34973145
-0.49467218
-0.32971886
-1.12809002
-0.47364026
0.15053914
-0.70908606
-0.34777132
-0.56311852
-0.63702863
-0.72068322
-0.41483140
-0.68584746
-0.65017730
-0.39340895
0.07071465
-0.51146221
-0.58085334
-0.13735658
-0.75983554
-0.60123146
-0.15365018
-0.14458810
-0.63799614
-1.63505805
-0.54481822
-1.69427979
-0.28955314
-0.12874256
-0.07127945
-0.02596152
-0.47163373
-0.51928818
-0.44293326
-0.71409208
0.07642236
-0.70195460
-0.25981411
-0.26980147
-1.30962062
-0.30458125
-0.74800920
-0.72039312
-0.74590725
-0.74009401
0.32188839
-0.12865767
-0.56275213
-0.33309257
-0.36791825
-0.79538143
-0.63668245
-0.00429658
-0.06201499
-0.74527359
-0.32770288
-0.57404828
-0.09641405
-0.40553272
0.27783298
-0.25807887
-0.58644497
0.27910009
-0.85604578
-0.76144660
-0.48113129
-0.13717695
-0.60184693
-0.31015438
-0.98718363
0.08295654
-0.42774791
-0.81139398
-0.43501016
-1.00039363
0.09258639
0.17825884
-0.56235301
-1.20656919
-0.24751803
-0.90515399
