-0.00079889
0.02648638
-0.00710153
0.04120516
-0.05400603
-0.00314850
0.02217762
-0.22191229
5.51630354
0.59795600
1.99644065
0.07161462
0.82264423
-0.20827819
-0.33076128
-0.17712687
-0.14943023
-0.30874255
-0.05266540
-0.03196895
0.42825034
4.41363430
-0.06335583
-0.27292448
0.60633659
1.07996786
0.07302515
0.20100090
0.00610343
-0.08770859
0.69263142
0.07245294
-0.10724675
0.02883052
0.05203048
-0.01197111
0.03954578
1.16085851
0.04642774
-6.37552261
-0.13861577
0.14522266
-0.06184601
0.00627684
-0.04496881
0.03589455
-2.20713425
-0.38644397
0.07777416
-0.17922969
-0.00922152
-0.12130915
-0.10425532
-0.19112526
0.15235689
-0.39569905
-0.09270889
-0.03691700
-0.09741705
-0.05909945
-0.35408652
-1.83569264
-0.61239493
-4.81328297
0.51304799
-0.25681821
-0.20732954
-0.10955442
0.02159686
0.02823283
-0.03291082
-0.11686053
-0.02878828
0.22673278
0.20116842
-0.26704624
-0.07322765
-0.36658230
-1.33208239
-0.00305774
-0.05305036
-0.18265322
-0.06594975
-0.11521158
-0.17142865
0.02293683
-0.06117738
-0.46603799
-0.20237248
-0.02955281
-0.10758761
-1.59296823
-0.29718959
-0.04517884
-0.33362988
0.01445585
-0.00558710
-0.11974245
0.19868156
-0.23692411
0.13058048
-0.05454132
0.00134382
-2.90016723
-0.40791586
0.00443596
-0.77402967
-0.25705972
-0.12104385
-0.18571346
0.00616996
-0.21139710
0.05175475
1.24469912
-0.79200619
-0.11988764
-0.02718616
-0.08988927
-0.22431797
0.04949240
-0.04097069
0.43545309
-0.01207975
-0.04878923
-1.36075592
-5.14832640
-0.02909906
0.27069399
-4.42934227
-1.73916817
-0.01941867
-0.08564908
-0.00163546
-0.04706353
-0.26280141
-0.30784172
-0.13936734
-0.13075583
-0.17214274
1.71717036
1.66649973
-0.62178642
0.07809594
-0.00569525
0.75197691
-0.03192611
-0.03893434
0.19258390
-0.02120058
0.33927387
-0.07107578
0.15148343
-2.71889424
0.21937440
0.03157570
0.42006820
0.17790851
-0.16749251
-0.30710009
0.01435956
-0.49217176
-0.16280080
-5.13897133
-0.07513707
-0.08514403
-0.18785673
-0.10012483
-0.02757052
-0.05256441
1.32619679
-0.24824710
-0.04956104
-0.07799430
0.16901305
-0.25241697
-0.00732471
0.88431567
0.01521686
0.00868381
0.00857888
3.15908575
-0.04554231
-11.32790947
-3.62948132
-0.18039100
-2.78197861
-0.01252753
0.15275408
0.35263914
-3.17977405
0.78065211
-0.11563326
-0.18314263
-3.55287194
0.87430006
-0.19776428
-0.04503134
-0.00935221
-5.28611326
0.30284697
-0.39152592
-0.95336127
-0.07190594
2.77932787
-0.01782462
-0.34940073
0.03134608
0.84234977
0.02764182
0.03430369
0.11706132
-0.05371976
0.44958192
-0.13202323
-0.02010487
-0.01301022
0.90686673
-0.05831437
0.29664478
-0.42181560
1.31224179
-0.22687536
-0.33708704
0.22716442
0.31452358
-0.00819552
-1.10974205
-1.02055228
-0.10560439
4.21485901
0.03684779
-0.07631283
-0.33658314
0.14413711
-0.67207485
-0.07696672
-0.01342107
-0.07595994
0.86734045
1.08140171
0.58004963
-0.03111476
-0.47793320
0.06308418
0.22145078
0.05023252
4.78415442
-0.27971795
0.53642040
-0.13922118
0.38587993
1.27414346
0.61062080
-0.66265392
5.23415804
-0.10461726
-0.26674029
-0.08142644
0.48941424
1.11791801
-0.00585350
3.81856060
-0.03721803
-4.14589787
-4.97986221
0.64279902
-0.15186781
-0.66710240
0.01635377
-0.50265801
-0.05468010
4.53479815
0.53783941
-6.91919327
-0.08389647
3.88985872
0.17324720
-0.36957827
0.01419121
-0.21341559
0.31205997
-0.36278841
-1.29775453
0.47017139
0.20346183
-0.31095392
0.00988166
-0.59239596
-0.03550320
0.61881179
-4.53511000
1.99515808
0.16339312
-0.71524286
-0.01689207
-0.06182809
-0.06604499
0.08048338
-0.76465094
1.17388034
-0.14981773
-0.05646471
-0.31831795
-0.25286269
0.01832041
-0.09740724
1.03568327
-0.06944373
0.31274104
-0.67785615
-0.11725910
-0.18171640
-0.54275781
-0.09292785
-0.03868943
-0.16568927
-5.27203131
-0.05007811
-0.13413891
0.28174680
0.13025740
-0.15897092
-0.31398192
-0.23501375
0.56960404
1.14767635
1.62205851
-0.05496211
0.51162374
-0.19723131
-0.05984223
6.22164011
-0.40799266
-0.07465013
-0.04180011
0.00677246
-0.46780047
0.83750445
0.19508755
0.02375986
-0.57494777
0.17141241
-0.47681817
-0.13130885
-0.23861831
-0.18425140
-0.02704336
3.30619144
2.29603767
-0.15988317
-0.32741457
0.60668582
-0.16326922
-0.83733797
0.27483290
0.26578045
-0.11538004
-0.07913958
-0.24315271
0.45319360
0.25572833
-1.76739264
0.04409600
-0.33230788
-0.17912307
3.86953306
-0.02875924
-0.18269442
-0.22301914
-4.90959930
0.09681128
-0.12420270
-0.02771278
-1.94909132
-0.03201671
-0.81602508
1.16391444
0.26256490
0.55127466
-0.15111546
-0.01970208
0.02286560
-0.20452991
0.01842112
1.62778020
0.03434009
-0.02276776
0.00873901
-0.14562796
-0.00237478
-0.08196605
-0.07655559
-0.07212601
-0.01149836
4.48980522
-3.14608359
-0.12320870
-0.10885996
-0.15791880
-0.30163878
1.20967412
-0.41346911
-0.37719226
-0.04088219
0.21985811
-4.73563910
1.36294925
-0.31332919
-0.02432290
0.06442189
-0.80963081
0.05469328
0.81942505
0.03913083
0.09376499
-0.75039291
4.43227005
0.20589593
0.20481767
-0.19609281
-0.06125860
-0.01391832
-0.30291972
-0.07146927
-0.35373423
-0.13435735
-0.05071745
-0.03996943
0.03519171
0.15985280
-0.04607774
-0.38180527
-0.14421470
-0.15938142
-2.41401935
-0.85984129
0.80964404
-0.17427471
-0.39647901
-0.16233560
0.08677235
-0.74088448
-0.07927015
-0.05941659
-0.05356780
-1.98741746
-0.85705990
-0.16692747
-0.04460261
5.52970552
0.00996296
3.91227722
-0.01805268
0.00826585
0.36091891
-0.05880687
-0.05533230
-0.02261675
0.02401199
0.05862781
0.05077203
-2.26732826
-0.04943144
0.55196756
-0.11629510
0.09084564
0.08110314
0.50446254
-0.04307995
-0.08872512
-0.01871663
0.06307232
-0.14518452
0.14482793
-0.70939910
0.41066128
0.27760169
-0.03692969
-0.11407728
0.31735247
0.32188165
1.38482225
-2.56920648
0.02897329
0.51482385
-0.16406402
-0.01852977
1.00591326
-0.14934574
0.64109403
-0.03136069
-0.03862773
-0.38209429
-0.25616497
-0.42015031
0.27850208
-0.03821842
-0.07369380
0.19428626
-0.15809624
-0.04779926
1.29124486
-3.15019417
-5.32129097
-0.34053519
0.00820218
-0.02954909
0.07059766
0.12111377
-0.91508895
-0.11966201
0.65639746
0.37735477
-0.51969892
-0.03407406
-0.02324211
0.22546598
-0.15326189
-1.41244566
-0.06278189
-0.25864765
-0.12265600
0.06339450
-0.20553443
-0.07268221
-0.80170786
-0.24957956
0.05883161
-0.02466772
-0.28862497
0.04336830
0.04852504
6.38358831
-0.83766800
-0.61907506
0.02611008
-0.16719940
-0.07131619
-2.66068053
0.04540310
3.64703822
-0.05846342
0.00671696
-0.14239305
0.76375300
0.69129831
-0.25145409
-0.07273284
-0.04624392
-0.05417962
-0.01208911
0.00406227
0.23835351
-0.28935888
-0.17352659
0.03165635
0.01039255
1.26136076
-0.01987837
0.02884456
-1.21883583
-0.09831727
0.04809258
-0.05585881
1.14472651
0.76083916
0.03794012
-0.04915638
0.05117066
-0.14797638
0.04063325
-0.24595542
0.23768666
5.01594543
-0.33227843
-0.05218556
-0.14886130
0.11341581
-0.07763249
0.22643267
0.23204015
-0.03536903
-0.06437899
-0.10173528
-0.51003659
-0.63923502
-3.94142127
-0.81421536
4.01890659
4.10821199
7.56013346
-0.18751697
-0.51380813
-1.01687717
0.06031558
0.01470657
1.27720606
0.35169625
0.04059857
0.25645363
-1.14027572
-1.06207800
-0.18888424
-0.20544228
-0.19075453
-0.08073063
-0.70451617
-1.23057067
-0.96317905
0.06303523
0.06524356
0.11536421
-0.28551516
3.59381318
-3.49746466
1.82602549
-0.35434800
0.13013506
-0.16070966
0.22456129
0.05728997
-0.00413768
2.09795642
-0.70634282
-0.03636609
0.36570939
0.05089466
0.16448146
-0.19227810
-0.50070924
0.77450633
0.31740567
-0.15437226
-0.01599697
-0.05666677
-0.03536309
-0.11775085
7.88347244
-0.93407720
-3.60262990
2.55141973
-0.98257154
0.07335015
0.01696254
-0.10683398
-0.37385964
-0.03807470
-0.17648782
-2.14965343
4.50989771
-0.77079600
-0.46468496
1.10767710
0.08336262
-2.47021008
-0.01611104
0.01191859
1.68035412
-0.21968809
-0.26894045
0.18190022
0.01666781
0.26958621
-1.31604648
0.07371549
-0.06690919
0.13538633
0.06460325
-1.19542384
0.02757760
0.30970454
-0.45864493
0.08759575
-2.09352541
-1.27638233
1.04504824
1.40770519
0.03660960
0.10509284
-1.31878340
-0.62039363
0.03628048
0.42739743
0.20290999
-0.26052037
-0.60300016
-0.05127069
0.08850490
-0.01138769
-1.14160824
0.17939319
-0.03541375
-0.11822507
-0.46076208
0.01460599
0.34630972
0.02905676
-0.53401875
0.00649035
-0.10222083
-4.13869572
-0.08119745
0.03682914
0.13145463
0.24097507
-5.47091198
0.05144854
-0.13012019
-0.21057746
0.18865266
-0.21999906
-0.16391169
-0.09377116
-0.29167622
1.08578396
-0.11852366
5.61324739
1.60055566
0.04769283
0.02148961
0.44536132
-0.10623141
0.06386922
10.18636990
-0.22301194
1.31736577
-0.14882022
-0.23130585
-5.85558939
0.78369397
0.67921287
-0.08369214
4.23297977
0.06840990
0.94404095
-0.06387545
-0.76254606
0.57947314
-0.00781135
0.18203366
-0.07453822
-0.18696028
-0.21891396
-0.08991680
-0.09493368
4.12013149
-0.00151366
-0.13422626
0.04649783
1.06596589
0.58947420
0.06899533
-0.79730582
0.05697951
0.05507064
-0.47241196
12.62654114
0.12556592
1.22039652
5.80661917
-0.68588161
-2.87805581
1.95139086
-0.23276645
-0.54124188
-14.44745636
2.55624866
1.92708564
0.06535421
-6.48789454
5.76068687
-0.20452946
-0.11156407
0.19702357
0.10565244
2.36292863
-0.48823991
-2.07303119
-0.13231474
-0.52651691
0.05149524
5.83056593
0.02575929
-0.14533113
0.14064932
-0.94237274
-3.78999805
-0.11241902
1.23125422
-0.22568004
-0.01743998
0.43885788
-1.25002551
0.71040493
-0.15283321
-0.67815983
-0.31215656
0.37749839
-0.59113604
1.07520187
0.60036463
1.72681606
0.66045606
1.54132855
-0.05092272
16.37016869
-0.03473270
-0.20320897
-0.31850791
0.03112798
1.85470974
-0.28032944
0.04893921
0.16516165
1.04927444
1.05576205
0.81891006
-0.08756528
1.25893056
0.08476685
1.25579214
-0.21711145
-0.63223249
-1.08696675
1.04032648
0.56100124
-0.29656553
-0.05470878
1.34564400
-0.61368364
15.77511311
-0.08701887
-0.53985107
-0.72696632
0.67619801
7.31316519
-0.02244374
0.59790903
0.01294073
-0.28667098
-18.32222366
2.20832133
0.19720781
0.22663400
0.04393791
-0.67111695
0.21851397
-0.07505053
0.54495960
-20.95673180
-0.17688864
0.33736965
0.46558264
0.46108183
-0.04131037
-0.78844631
0.88312417
1.78173578
0.52932584
2.31316495
0.91922098
-0.19515458
-0.79871249
1.14740360
0.16121536
-0.46737117
-12.60980415
-1.58590961
-0.06305128
-2.50938177
0.03975422
-0.22476768
0.13044624
-0.18653719
2.80453682
-1.61597109
-0.73253888
-0.03511576
0.34732899
0.05088899
0.11352714
-0.42881918
-2.85949993
-0.10527845
0.83199662
0.63085580
-0.04974371
-0.57953876
2.42238069
-0.30488357
0.02217138
-0.19235079
-21.45619583
0.13971549
-0.72791123
-0.67643386
-0.06587454
0.09340364
1.50548363
0.88427651
2.16449594
4.87349176
-0.84582126
-0.02315731
2.35497808
-0.90450841
-0.18097462
-2.78132319
-0.67405218
-0.17107867
-1.34891725
0.02590335
-0.14216489
5.87352657
0.67575306
-0.15319516
0.07112002
-0.06595720
-0.98153704
-0.94675553
-0.72677219
0.15232103
0.02049052
11.36704826
5.38586760
-0.00369519
0.23195460
1.12143505
0.07363166
-10.93020535
-0.08800574
-0.32412231
-0.17797290
1.05218649
0.67267740
5.73500013
1.31550682
-8.95134640
-0.18848750
-0.30388582
0.10301864
-0.39414471
-0.03350709
-0.19003731
-0.61669874
-0.62031657
-0.40520316
-0.17307082
1.11623895
-5.27479458
-0.25502273
-0.05071949
0.29843026
-0.09835655
1.33655393
1.94221342
-0.65322560
0.03221523
-0.26269796
-0.09795572
12.37100124
0.11833856
0.01236058
-0.03609280
-0.30331111
0.06813078
-0.01797120
0.00893774
-0.23094858
0.05302750
0.61313146
-2.86537266
-1.12655640
0.41690049
-0.21859187
0.83703142
4.27061796
-0.63988405
-0.38732406
0.20885895
-1.96397245
0.48670328
9.59848022
-0.53315675
-0.35820955
-0.01455909
2.25381589
1.86622155
2.34884977
-0.43282583
0.24481319
2.07230425
2.09599519
2.01200747
1.53460324
-0.00018575
-0.10279260
0.31753704
-0.12858847
-0.32643104
-1.80339241
-0.37476161
-0.31512919
0.05430854
-0.54921216
0.50018829
-0.51044995
-0.77800453
-0.26319417
-0.68602383
-1.63238657
-2.91569567
1.00717950
-0.19012915
0.01537572
-0.12303074
1.35984743
1.69209862
-0.23018461
-0.20104197
0.02764265
4.95606279
4.51026201
-0.01464972
0.03786371
-0.08275060
-0.10050434
13.53313065
-0.16433184
0.00090745
2.72269702
-0.40963662
-0.09361171
0.01564619
0.04333537
-0.01899167
0.14801173
-3.64612961
0.00249594
-2.48016286
0.04954005
2.11243677
-0.77153617
2.29317069
0.07236553
0.12930335
-0.01971719
0.26311836
-0.39674577
-0.23150736
1.05331647
0.63357484
-0.15306336
-0.11168130
-0.29883796
1.67291725
1.04726076
-2.49249625
-5.30604076
-0.89315456
0.08375087
0.16101012
0.07186625
3.58476806
-1.07474148
-0.30743539
-0.35562468
0.03970183
-0.34433317
-0.33934477
-0.82574821
1.35530019
-0.37438795
-0.01547364
0.45534202
0.13371539
-0.14032498
4.20492506
-9.97931099
-20.56740379
0.19842704
0.17841563
-0.06295005
0.46240288
1.39512134
-0.93130749
-0.02696369
3.89727306
0.65116787
-1.11931705
-0.02220858
-0.40004501
-0.09880877
-0.45291945
-4.47916269
-0.12545075
-0.48835975
0.62328357
-0.56455505
-0.45551229
1.13807952
-1.65055215
-0.13269934
-0.29625112
-0.46393350
-0.61505300
-0.21298762
0.29538316
22.61694527
-0.78130317
3.35382819
-1.01533926
-0.26786172
1.03383160
-1.18376708
0.18631817
11.77386475
-0.21680793
-0.15917185
-0.14532864
2.43483877
2.87272525
-0.04184712
-0.28830054
0.15416948
-0.06454677
-0.05380567
-0.33481631
-0.44930914
0.13126706
-0.33857110
-0.17035002
-0.08692386
1.14514720
-0.10168376
0.09883875
2.90588093
-0.18768826
0.99316919
-0.01498443
6.79688454
0.89834607
0.32293966
-0.02200548
0.20847240
-1.77502787
-1.29284286
1.47126174
0.42393959
14.90397835
0.26540035
0.00327976
-0.03190769
0.00622438
-0.01412433
0.03565072
-0.16960987
-0.00650506
0.01324992
-0.16496950
-5.44006395
0.45453250
1.13044930
0.05900135
0.51448959
-0.17255616
1.08608985
-0.15525106
-0.03123759
-0.22445320
-0.05296730
-0.02729123
0.46285337
-4.67928791
-0.07586519
-0.39334971
0.39854813
0.60986805
-0.06842079
0.12906145
0.04031048
-0.08471262
0.29358232
0.32902822
-0.18755789
0.03029925
0.03801183
-0.01767340
0.04299924
0.84263802
0.49848491
4.65486336
-0.07692976
-0.40737435
-0.02489703
-0.04176262
-0.04581263
0.05883998
-1.32393265
0.79412735
0.08875104
-0.30276644
-0.00888218
-0.11306781
-0.07291763
-0.26532978
-0.11551817
-0.25334647
-0.07625346
-0.01416107
-0.09155422
-0.04170026
-0.28600830
-1.77093685
-0.64341909
-2.85810471
0.94551003
0.01112113
-0.16002087
-0.18887350
0.00414174
-0.00022316
-0.02427919
-0.09186584
0.66556066
-0.76010716
0.29158577
-0.08933619
-0.16085435
-0.40703446
-1.18092966
-0.08698928
-0.02372624
-0.60890621
-0.07997963
-0.10238075
-0.14942050
-0.00711340
-0.03351346
-0.20846057
-0.16460507
-0.02761397
-0.04556595
1.66019499
-0.32772553
-0.04299176
-0.24283944
0.05620489
-0.04123862
0.21005660
0.28329200
-0.09223203
0.06569361
-0.05102596
-0.02665178
-1.38605201
1.93756926
-0.00432719
-0.84472609
-0.27462411
-0.07675161
-0.14712089
-0.08926927
-0.15312712
0.06720017
-0.10825173
0.32298499
-0.11013315
-0.01989054
-0.08690244
-0.30899835
0.00640510
-0.05025010
-1.04594862
-0.09947184
-0.05018939
-1.87400854
4.89021111
-0.10748006
-0.00988001
4.56152487
-1.59227681
-0.02199923
0.02483813
-0.02153822
0.04951781
-0.31034628
0.52192914
-0.01341010
-0.03332157
-0.59119010
1.45817828
0.90775168
-0.36924520
0.05518515
0.00236345
0.81401074
-0.03055572
-0.04821308
-0.74711478
0.00963455
-0.00741163
-0.03406877
0.02929921
-2.37615013
0.02975329
-0.19356307
-0.05468692
-0.08376916
-0.21379198
-0.71331519
-0.06535362
0.08321112
-0.11774507
5.02794552
-0.04626553
-0.07538287
0.32499412
-0.07588678
-0.02016141
-0.00783697
-5.23625660
0.11357697
-0.11309052
-0.01870384
0.18078615
-0.32109919
-0.01216217
2.04504442
0.01629483
-0.00390545
0.32328367
1.57720077
-0.05684031
8.47765827
-0.61478651
-0.86059964
-2.28165627
-0.21562332
0.13752833
0.04858992
-2.73171473
0.69195467
-0.53609127
-0.21580905
3.06384254
-0.02787347
-0.14789577
-0.03269486
-0.02408016
5.13318586
-0.98592740
-0.29371464
-0.55636841
-0.08481895
-2.38990784
-0.03249619
-0.77563161
0.03387640
-0.88142794
0.01143265
-0.17491585
0.54333216
-0.04718944
-0.01429474
-0.08024915
-0.01863126
-0.07366191
-0.27809888
-0.40610471
-0.10325920
-0.32043481
1.30962658
-0.37388548
-0.20133288
0.07922754
0.12819758
0.23793451
-1.04685640
-0.08206461
-0.07466490
3.72756410
-0.04575141
-0.03123958
-0.06710784
0.13060068
-0.37423676
-0.05947158
-0.00784870
-0.10482758
-0.03874679
0.98076808
0.59260565
-0.03537881
-0.96636015
-0.06774911
0.13191220
0.04953913
-4.33546066
-0.21048898
0.59951746
0.18581451
-0.28235739
-0.08164065
0.17812859
-0.78768331
4.09199619
-0.10217672
-0.16880883
0.00123467
0.49076930
2.68084645
-0.02320149
-4.00058603
-0.04340430
4.79050207
-3.77824783
0.24616671
-0.19258951
-0.70640278
0.02666848
-0.37560648
-0.11798828
-5.16837406
0.59386629
-4.86377430
-0.08319726
-3.66329575
-0.13570361
-0.59784901
0.02765436
-0.23892955
0.24837689
-0.41404733
-1.34611154
0.11457867
0.12940399
-0.25167945
0.08612606
-0.84772837
0.03489625
0.47287810
-3.89712143
-0.73712039
-0.13317324
2.27694702
-0.01989629
-0.23120953
-0.13661194
-0.00132300
-1.12168121
-0.50544506
-0.07960474
-0.04429573
-0.06591486
-0.32835466
-0.01775614
-0.10420797
1.42378461
-0.06906909
0.21598935
-0.64857465
-0.12099279
0.17852809
-0.20873399
-0.30834737
-0.03204883
-0.09248719
-3.99228191
-0.02053452
-0.07011881
0.58513260
-0.06401400
0.03045928
-0.55862242
-0.43768081
0.73610944
0.93709999
-0.06471249
-0.04106696
0.22586186
0.22186504
-0.05428965
-8.38667870
-0.45760140
-0.04730062
0.07420611
-0.03883407
0.04109268
0.17313480
-0.38225672
0.03354650
-0.85831130
0.35082564
-0.56453627
-0.07699402
-0.21127678
0.08461483
-0.02635510
2.15650082
1.95502734
-0.11933141
-0.34411061
-0.49402672
-0.21838102
2.05875349
-0.28427267
0.17670520
-0.37673992
-0.08904099
-0.38613904
0.16068675
0.42835957
-0.81109017
0.02670699
-0.21615049
-0.16019365
-3.83377719
-0.00316319
-0.17717083
-0.04437161
5.73457050
0.02754192
-0.12295262
0.65153342
-1.74310434
-0.01737696
-0.77980345
-2.64231300
-0.23341261
0.31722572
-0.38751715
0.00094991
0.00496026
-0.10921885
0.02362824
0.25917783
-0.03329560
-0.01994394
-0.24443424
-0.08629477
-0.02017354
-0.05380296
-0.02836020
-0.09551018
-0.04320323
-5.58965683
3.45770979
-0.18879983
0.11462920
-0.15008980
0.25584668
0.81340384
0.93102294
-0.42494428
0.02094231
0.49549195
3.79048181
0.22302321
-0.44862157
-0.08699017
0.03357429
-2.52405620
-0.11442358
0.57421142
0.05235526
0.04501782
-0.85202438
-4.32884979
0.09235787
-0.15280704
-0.15454775
-0.03331676
0.10801514
-0.20383872
-0.03085184
0.99509043
-0.17587444
0.02072854
0.04827326
0.07844783
0.21984258
-0.00470474
-0.34216470
-0.12715659
0.00695738
3.40993381
-0.39266893
0.68217546
-0.15442415
-0.57783955
-0.13207193
-0.06035526
0.45056480
-0.04216013
-0.00947475
-0.05075349
-2.61167645
0.52526808
-0.16810744
-0.02918772
-5.23710823
0.01766348
2.99172521
0.21846598
-0.04138400
0.36114690
-0.09920389
-0.14315188
-0.18114652
0.01308966
0.04876498
-0.00492709
-2.16239929
-0.04830276
0.29525799
-0.10236055
0.00481526
0.15511194
0.02724139
-0.05732742
0.00656933
-0.01536021
-0.09301236
-0.26482651
0.20277700
-1.14321566
0.38227648
-0.24184203
-0.00540395
-0.09755749
0.17106803
0.23362413
0.32819763
-1.45788920
0.09167520
-0.47533339
-0.15183078
-0.02086231
0.90157676
-0.12081681
-0.16559948
-0.01043843
-0.03384388
-0.37073153
0.09980001
0.43281433
0.23807158
-0.02550207
-0.06796850
0.13985886
-0.21185297
-0.09925046
1.07391894
-2.45876002
-6.05465269
-0.40147948
0.01911930
-0.03638988
0.10032510
-0.03632061
-0.42438129
1.16770065
0.20852843
0.34019357
-0.51482457
-0.02277184
0.01443321
0.14371771
-0.11276374
-1.19383883
-0.01120953
-0.21089634
-0.31015447
0.47615084
-0.24934913
-0.47701165
-1.37403810
-0.21252410
-0.13155110
0.01792227
-0.28267267
0.07642639
-0.05356827
4.73337269
-0.63134539
-0.75817579
0.15840560
0.28284207
-0.91781485
4.18401718
-0.04244725
2.10661697
0.00627584
-0.00037997
0.03961000
0.49150255
0.44360831
-0.24902441
0.01276537
-0.04293653
-0.04850038
-0.01975254
0.04758069
0.20456879
-0.11222561
-0.11623261
0.04564084
0.04227833
0.95960325
-0.00511175
0.03682224
-2.15070581
0.04755471
-0.05683851
-0.05697794
-0.25554496
0.45672107
-0.00594853
-0.03339925
0.01098477
1.49536443
0.15021071
-0.04456666
-0.18900251
3.89109540
-0.36619058
-0.04923531
-0.34685877
0.11634176
-0.08991299
0.65142047
0.23500837
-0.00750217
-0.18356010
-0.16754927
21.80379677
-0.90685725
9.48437405
-1.18994427
-0.74862450
0.90849072
0.76615500
-0.05824472
-0.60327733
-0.06276386
0.07601441
0.04244400
1.50358081
21.42082214
0.00106470
-0.01265855
1.96298122
4.84955978
-0.20506679
-1.42159057
-0.16455653
-0.07396141
6.21149588
0.94140178
-0.20918828
0.10827305
0.12314649
0.09979847
-0.70681477
-0.63448638
3.97033048
-1.55031288
-0.34961572
1.40050268
-0.24097686
-0.03296936
0.06745545
-0.04183147
-4.84146500
-0.43421096
-0.06411789
0.38800499
0.08643416
0.09932519
-0.12376828
0.56119794
0.75332874
0.27535871
1.30106854
-0.00407493
0.23282145
0.01824360
-0.00321797
0.44628242
-1.06989777
-2.86253500
0.91230851
-0.79578876
-0.02201992
0.00667840
-0.10795712
-0.23836662
-0.03891598
-0.09186894
4.26991415
-10.01303673
-0.43009555
-0.06711943
0.51148999
0.15637250
0.05071317
-0.50409126
0.05026247
1.50097299
-0.08457525
-0.32238838
0.26636791
0.04746355
0.44565853
-1.20847511
-0.14150017
-0.10311404
0.19105107
-4.77137566
-1.04295659
0.06605826
1.18934047
-0.16504693
-0.24517818
0.18584926
-0.68935508
0.78024024
-0.17364424
0.03399774
0.12417438
3.57822752
-0.13963886
0.02977880
0.88159865
-0.08425497
-0.42942250
-0.40635026
-0.16903108
-0.04857678
0.00623281
3.13021326
-2.01880741
-0.01724202
-0.12146895
-0.41479251
-0.07873745
-0.24121581
0.02176726
0.14921288
0.00206425
-0.09567279
-0.74275720
-19.41565514
0.17768767
0.58598381
-19.09948730
-4.32630205
0.05419706
0.02656188
1.68836808
0.18661283
-0.18052252
-0.78205472
-0.06736971
-0.03088847
1.34464157
7.50393772
-3.05551386
-4.41176653
-0.01039384
0.08355827
0.50566393
-0.10012323
0.07989774
-0.48315528
-0.30384657
1.11043060
-0.15574676
1.21121418
-0.14363715
-0.10039018
0.46254873
-0.54315221
3.39206338
0.05532734
0.77248174
-0.08304735
-1.88311994
0.08165216
-19.87831306
0.32673144
-0.09113083
-1.09251916
-0.17364196
-0.13672744
-0.11138704
3.99011493
-0.34859720
-0.21164842
0.07725692
-0.17648190
0.22413740
-0.07391899
5.28621960
-0.01121791
0.12859631
0.15037452
1.31912005
0.01840670
1.65768445
-3.31176329
0.55716062
2.67144680
1.92440808
-0.34401616
3.23946023
-0.92555475
-0.24769583
1.96081710
0.08619171
3.71314740
-1.07260239
-0.25720400
-0.11869189
0.15026110
-20.40625572
1.93747747
-0.29086813
-1.67046475
1.33575308
11.76054192
0.06963575
1.36670721
-0.30549750
-0.12592334
0.17675981
0.39565977
0.95302612
-0.12601605
1.76925349
-0.30880931
-0.01977222
-0.48650441
7.14935446
1.39884067
1.39712882
-0.74222553
0.43380359
0.58352995
-0.73508930
-2.19246387
0.77404696
1.53059244
0.97429806
-3.33075571
-0.06783747
0.17990543
0.94039440
-0.19196773
-0.75906205
-0.37089378
1.51245666
-0.03093816
0.01987748
0.10235319
-0.08194074
1.21356630
0.42073801
-0.06757137
0.99221027
0.14758351
-0.25805104
-0.63758993
21.11329079
-0.13626660
1.44007623
0.39154136
0.98582596
-0.16520782
0.36709389
-0.20699711
0.02775645
-0.06449600
-0.40756842
-0.21362725
0.51143050
-4.39131641
-0.00383075
13.17832851
0.05444830
-16.09580803
-0.65976244
2.59911871
0.36380592
0.21322766
-0.00350651
-0.62659508
-0.71830130
16.04699898
3.89505291
-1.39263880
-0.19049299
-2.74614739
0.81146663
0.91981786
0.01319090
-0.81610823
-0.22959082
0.95100576
1.97380149
-0.64413005
0.58734894
-0.15254046
0.04461326
1.37039471
0.12104397
-0.50369620
-0.05619730
11.42091846
-1.22610807
-0.54433542
0.03171618
-0.37687796
0.30688393
1.76657879
2.59425449
7.52758026
-0.10272105
-0.05712110
1.10796440
0.22892782
0.19913699
-0.53972721
4.36773109
-0.15747184
-0.15253483
-2.00978398
-0.00048350
0.59062779
-1.74729073
0.89968216
-0.00482040
-0.21221337
-1.76916313
0.92735028
0.27995569
6.72710419
0.84271413
-0.65170759
-3.63121939
0.95106655
3.93588114
-1.85439110
4.31782484
0.02593854
-0.57321560
-1.07347155
-0.35147113
-4.54209137
-0.31298614
-0.12669161
0.63310164
0.02868433
1.26070750
-0.80445117
0.33611375
-0.40700114
-0.35383230
-0.10683713
-1.17551243
0.41844907
-0.68560904
0.62750739
0.01053424
0.69919312
-3.00052428
0.01093651
0.19959007
0.90195853
0.02426477
-1.27539372
1.07806051
1.43327332
0.04757821
-0.27994713
0.73871815
-0.46954849
0.90686190
-0.29711649
-0.44607988
-0.41256559
0.15305193
13.84267426
0.02823424
-0.20707989
-0.20698550
-25.01772690
-0.47832811
-0.18731430
-0.25884303
-0.38894987
-0.21536967
-1.46267653
10.77993584
1.10257483
1.56544662
-1.06828654
-0.39000425
0.07101683
-0.31077847
-0.13108547
-1.23727441
0.13579349
0.01276507
1.42490757
-0.26884145
-0.17012756
0.04328330
0.05795225
-0.17375921
0.07639749
20.51558685
3.78012371
-0.90697581
0.29252928
-0.28893340
1.89895904
-0.83857948
-1.52692735
-0.66708344
0.16971332
-2.15439963
-9.66251469
-2.81884217
-0.17655689
-0.45928720
0.04556306
2.51330924
-3.50499511
4.11850739
-0.27086985
0.12860809
-1.45229018
-1.67295277
-0.28747648
1.04987848
0.01804225
-0.16180246
0.44599411
-0.06880005
-0.33263651
1.94611132
-0.52728498
-0.12965809
-0.33651242
-0.10769092
0.23380715
-0.11083577
-0.53126711
-0.27817684
0.20907266
3.71867490
-0.22180705
1.33422363
-0.17191032
-0.14917630
-0.07002085
1.39812207
1.57565880
-0.18571669
-0.23378856
0.07984254
-3.13334703
-0.16274431
-0.16118376
0.00504875
19.72120476
-0.40262264
-0.24107669
-0.10999588
-0.40371609
-0.66232920
-0.85565758
-0.29515797
0.98424274
0.03739086
-0.07441905
0.17004362
-0.31085491
0.03324684
-3.73949170
-0.03916654
-0.27856028
1.12570310
2.88574219
0.01527735
0.38155684
-0.00274260
-1.64717638
0.58135462
-0.37843347
1.34019792
0.60519671
1.10052991
-0.11201166
-0.27337140
-0.54545462
-0.19934151
4.07717991
2.35065556
-0.97126263
3.32870650
0.18234845
0.11843771
3.02073884
0.21847147
2.40105581
-0.01223695
-0.04781900
-0.39393345
-1.66320765
-0.70165884
-0.29651019
-0.45517185
0.00132405
0.33357748
0.09077074
-0.26488099
4.36249113
-0.89220762
2.79407048
0.53807956
0.23494412
-0.05318537
0.81167310
-0.22311521
-0.15177481
-0.15683591
-0.39129436
1.59071863
0.19169192
0.06427671
-0.09375063
0.08809236
-0.34440735
1.57041287
-0.10121798
-0.28332031
0.61610740
-1.02087808
-0.43831521
1.70959818
0.15622069
-0.15990835
-0.34961706
0.05411870
-0.68712777
-0.22436799
0.39133886
-0.31239232
-1.16366446
-10.05297756
-0.98313844
0.43484005
0.32161984
3.16621494
0.15857574
-3.04900360
-0.20386480
-0.16145320
-0.87673932
2.73122501
1.59785867
-0.52537775
-1.06360388
-0.18774825
-0.03928958
0.46825334
-0.21759872
2.55137396
0.85879987
0.24541551
-1.24783540
-0.15817092
0.57942694
-0.07402932
0.16956015
3.04704475
2.79182982
1.27497625
0.00010429
-1.09915304
3.62055302
0.35038802
0.02498568
0.21250810
-0.06110439
-1.43985677
-3.91958332
0.64739156
-0.11488752
0.40892050
0.02661902
-1.82591903
-1.49543881
0.98986357
7.30515909
2.71201372
-0.69958472
-0.63894045
4.24127388
-1.00656712
-15.97995090
-16.62317848
-1.63905883
-3.85929799
-19.17380333
-18.13896370
2.89274430
-1.45914304
-0.00325699
0.51110488
0.62147492
1.71884739
-0.09622504
0.84671253
4.94045973
-3.99189830
-10.62823009
1.31997025
-2.76265883
-1.07622671
1.51234841
-22.00678062
6.95172691
-0.46223548
-1.33058512
-1.14072716
0.61565214
-2.71706939
1.50942183
-21.19384003
0.75793976
1.50147009
0.21888597
-0.38214481
0.95000327
0.98147941
-2.72493720
13.53191662
-2.18842459
-2.64426446
5.09312820
0.75094986
2.20407391
-0.29848945
-0.13831300
9.00840473
8.29699898
-0.33492908
0.51474190
2.42993522
0.98629791
5.34475803
-1.44781065
-0.71759063
-1.34372187
7.98803949
0.23590361
5.66379738
2.48389530
1.61247957
-2.64159107
0.94025159
1.06791174
-22.25625801
2.78700018
-4.19023371
-0.03106083
7.77102995
11.13403893
7.87125826
3.10026097
1.04794741
5.87606621
-0.19480456
-0.56394148
3.56020927
1.00863612
5.69109249
-2.35241866
5.59473515
-0.43381199
1.36646974
0.51427042
-0.95851892
0.92721158
7.69771719
1.24990761
1.19540560
10.71668434
-2.61664534
7.72014952
-0.95880789
0.79320800
0.66170514
10.81489944
-3.82619357
0.59519571
9.90248013
2.29776073
-0.20256448
0.37305912
-0.47438362
3.59243655
-1.19560671
-4.96332073
1.00047684
2.14436817
0.93671197
-0.98895121
5.50460815
-1.37044883
0.90779483
10.93978214
2.11089945
-0.83455396
16.90387726
0.22307380
2.31609154
2.48471594
1.74063587
13.27244473
0.58095723
0.61287630
-0.68635595
0.88105941
4.93052530
-0.51714921
6.62160540
-0.17618859
6.21246386
-18.95286751
-10.32841206
11.30212212
-1.90675783
-1.12818813
-15.48419857
-0.26311669
1.04079711
-3.34467649
-0.46853203
3.49932718
-0.26703957
-1.42218685
0.97070354
-0.09954600
4.16381168
1.12372482
9.71262550
3.21258211
5.44454193
2.46562123
13.67551327
-6.57928610
1.34335113
1.45977330
1.31773698
-0.43161681
1.37430441
-0.83541477
-0.24229050
17.73858261
0.12103557
-0.01866879
0.90694720
-0.56719607
7.49323750
0.53870070
-22.12924194
-0.55549669
0.67892003
-2.04468966
3.13256502
1.90409696
0.43573725
15.08688259
7.74874258
10.62478256
7.73344088
-1.29717386
-2.39000988
0.11345132
-0.44928369
5.66187382
2.71604276
11.13631821
-20.95138931
-0.09350468
-1.00144541
0.68877757
2.07340908
0.92395020
-1.96811569
10.78631115
-0.96630853
-0.72982228
0.84897184
-7.40366888
-1.93126917
0.01676643
-1.56755662
0.03426622
12.09703255
0.64035195
5.70847034
-0.40008858
0.80506617
1.89437759
-21.36593819
3.71003246
-0.36959225
5.38640213
-22.64852142
3.40768600
-1.04479456
11.49446201
3.46147037
7.94549179
11.30577946
7.20552731
1.95868409
-0.66596156
0.14653181
-0.29255641
0.15584886
-1.74731624
8.85380554
2.04137945
0.71315610
1.74393320
0.07658107
3.16600323
7.30711079
1.07467306
5.68912697
0.63565564
-0.90118945
-1.05786741
-0.51673919
-0.17879666
-12.23306465
6.68115282
-1.04763758
-0.27590764
-9.64258194
13.65147495
-2.11314154
1.59803653
3.65152931
-2.05335975
0.63083535
-17.85732079
-1.04543495
0.27781019
1.09188366
1.25999641
2.60002875
-11.33753395
7.53383064
11.46049118
-1.31712866
-1.93878663
2.36447120
-0.73467803
-13.83953571
1.12710905
-0.25095180
10.72802734
5.32817793
6.18966770
-0.64499396
-2.22500515
-0.30905297
11.20485973
8.63338375
-2.18052363
-7.14879656
3.49307728
2.54084659
9.49319649
0.83871073
-14.62853909
1.03967571
-7.37165594
-1.19790673
-6.85552835
0.58750385
-0.42427847
3.39052892
-1.82348740
7.74295664
-4.75871325
-0.31406105
1.85102856
7.81236362
5.41100359
0.54655421
1.73162949
-9.75517941
1.03440595
-0.28352234
10.58091640
1.73254859
0.86776191
11.08531284
0.11878394
1.13641727
-0.16211231
-1.29151046
-0.34873071
1.30049801
2.04927588
-1.13546145
0.69174886
14.32127571
6.39643049
-17.28212166
-22.34595871
-3.98493552
0.90401715
-0.64114553
-4.62199879
-0.62045926
16.11502075
10.19047832
1.33634698
5.93052530
1.06764734
0.59138197
-4.41369247
-16.76415443
-0.53216630
8.77662182
-6.38797045
-0.91306484
3.87709761
3.82254076
6.99700499
0.68547547
-0.43810979
-7.83456898
1.94832110
5.31182337
7.09292507
1.94123220
17.83219719
-0.13608488
-2.33196354
9.95871544
-0.08217502
7.69017982
-4.33497477
10.12622166
-0.40330872
-3.44124961
8.69242096
2.18007851
-1.71756184
0.91044623
-0.20045273
-0.53630656
1.24492800
-2.66994834
-0.27125463
0.10220713
16.96551323
-0.28844687
17.67415810
-0.59963477
-0.12205081
2.34239149
7.65983009
-1.21430194
0.64922422
-0.29181013
-0.42715356
-5.89514542
0.78107494
0.65387982
-0.19423215
-0.23340727
-0.80411845
0.75466210
2.47874737
-1.09775746
1.43907928
-1.70843196
10.29069614
5.25424242
3.89534473
2.43988872
9.75359631
-21.47643471
-1.64813197
8.42420483
0.94007564
-10.25537777
-0.71990776
-31.83290482
6.60734177
-1.82445788
-1.01835561
5.28157425
12.18707943
7.25977039
-2.42982435
1.01921153
-15.47940922
10.14201641
-1.74001837
6.73665285
2.26777339
-0.37701908
0.37046984
6.25485373
-0.99981147
-18.14653778
-0.48485431
-0.67883271
0.44342926
-0.77646959
-4.99664402
1.77904880
7.89264870
-0.25404161
1.92378271
8.23184586
3.92546201
-10.30629063
-0.17058891
8.56762218
1.55038667
-1.47443986
7.66639853
-0.18022707
-0.52090287
0.83227056
14.37790871
-3.63353658
0.32546955
0.79932368
-2.07522154
1.30067217
-1.48329949
1.09257483
-1.79524672
-1.93744278
4.38312244
3.19370961
5.17953444
-0.79813629
-2.58736682
0.82304794
11.82449532
4.92932081
-10.41149330
1.70973396
-1.40708554
-2.54346871
-12.95245552
1.08536577
2.74255514
0.58133036
2.92050862
2.87715387
-6.02840805
8.80547810
-11.90625763
-0.20796555
1.57932699
-0.35430154
-0.91241592
-0.95195132
-24.70676613
14.02833652
-2.26254487
-4.06996346
3.02593160
-2.07042241
-18.29231262
1.19597781
-0.94551951
0.93861330
0.63809103
-0.36546415
-0.24171908
-2.07488108
-0.54882431
-1.65967023
1.69651139
2.11191058
3.59499741
-1.08594823
-21.36336136
4.82249641
13.05064583
7.52198410
0.74625319
0.76311469
4.21182871
-1.06631112
7.33989573
-0.24133204
-1.82504344
-7.42496777
1.69489765
1.28702271
-0.83096468
-4.03388071
-0.28865603
5.30834198
3.58359361
7.73463249
3.78056431
-1.77769375
-3.19079828
6.09765530
4.97884417
2.63956594
-3.08751917
1.22768211
-0.43579635
-1.43540418
1.07416368
-2.52316737
-0.71225774
-0.19618380
-1.73463154
-3.84770942
-1.36049318
10.60800934
0.91959012
-10.84100628
-0.89348823
-1.36639202
0.15585260
-13.85950089
5.61208963
3.02026224
-3.72782946
-0.78513861
1.16123962
1.84576690
-0.68295157
-4.00614071
5.28502750
2.54094744
-3.15041423
-0.65737981
-19.53371620
1.05054808
0.80727541
6.86976480
-0.89856339
-4.31778336
1.00834846
-14.55565739
-9.49302292
3.92632222
1.06850958
-1.54083622
-7.02055502
-3.73758936
7.79350328
-16.12156868
-0.92914212
5.65457678
0.75831646
-0.10297981
0.19967586
-0.12151480
1.45652759
-0.03651485
0.03563960
-0.11836268
-0.71142709
-22.79145432
1.07227421
6.22574329
-0.89301777
-0.29981998
1.48809671
0.22901769
-0.32302305
-0.38909546
-0.06620736
0.02563288
-0.05129793
0.88913059
-22.70960045
-0.09062967
-0.85708725
1.67277741
3.57706499
-0.15187646
-1.45855498
-0.03009356
-0.20844322
4.01803446
-0.18823887
-0.07891585
0.18226555
0.21284334
-0.01879159
-0.65470606
-0.59219801
4.98659801
0.25604361
-0.48955154
-0.99021107
-0.17728379
-0.10220566
-0.08900671
0.15097138
-3.35350347
2.00920367
0.05096823
-0.01324348
-0.03264137
-0.27315262
-0.14864093
-0.06196984
-0.71389419
0.07552245
-0.06863457
-0.04174850
-0.08617487
-0.11351475
-0.53068936
0.74550676
-0.91704130
-3.04953551
-0.41707808
0.32723504
-0.46674335
-0.21616137
-0.21114974
-0.03355751
-0.10006513
-0.22125946
3.60650301
-11.07721615
-0.06377682
0.38472167
-0.23500787
-0.95431387
-1.49023128
-0.52804178
-0.07800233
0.50463188
0.99981165
-0.23376842
-0.20395118
-0.07436905
0.01418779
-1.02482831
-0.85143977
-0.03609063
0.12905398
3.76465392
-1.15737653
-0.03066891
-0.13317858
-0.27455080
-0.20491779
-1.04485929
-0.45817769
0.15500477
-0.06007740
-0.01871495
0.01327142
-0.76659763
4.75665998
-0.06105536
-0.83978510
-0.28688294
-0.25868014
0.20511967
1.03268385
-0.06823279
0.18037525
-0.15985218
2.11124015
-0.34070370
-0.15505533
-0.22893764
-0.60504562
-0.10418526
-0.11952636
-0.96605486
-0.10031814
-0.05075765
-4.41558075
17.44899559
-0.14085069
0.05641306
16.04696846
-0.05908906
-0.03561725
-0.16679585
-0.40451950
0.16653651
-0.74070644
1.34003103
-0.95507336
-0.26698095
0.06058575
3.69968867
-1.57212961
-2.84589458
0.13577877
0.13520853
1.72165143
-0.01307369
-0.04073650
-0.08247379
-0.27035326
0.55880880
-0.07369196
0.11069975
0.29640687
-0.04496720
-0.17670913
0.05273939
2.35155463
-0.36067328
-0.84837288
-0.18555143
-4.24959183
0.67370945
17.61494064
0.02449045
-0.15151078
1.43294883
-0.26102227
-0.01905249
-0.04507304
-5.31167221
0.53187597
-0.21990509
-0.04203881
-0.20351033
-0.72524506
-0.07910310
7.68451834
0.01921780
0.01795995
1.73799539
0.69587076
-0.24574658
-1.48173392
3.65530086
-0.19317274
-4.39703608
1.28615415
-0.15715520
-0.69124401
-0.70715237
-0.18817568
1.07760143
-0.30180961
-5.86726761
0.27138308
-0.21500464
0.03271546
0.04064064
17.34891701
1.95972109
-0.37920493
-1.48416805
-0.04914711
-11.46120262
-0.03401786
1.48083198
-0.12796631
0.13859972
0.25536129
-0.76704842
-0.18561402
-0.12551509
1.08633041
-0.23767765
-0.08731156
-0.71797043
2.77553606
0.40581474
-0.45648438
-0.92696911
1.36087680
0.01217397
-0.68151063
-3.61245894
0.50656509
0.54515415
-1.26905620
-0.73411298
-0.19271635
0.59526533
-0.28971660
-0.12768035
0.95493978
-0.18945542
1.45324063
-0.25439933
-0.08773853
-0.12802638
-0.23024356
0.53175896
-0.58647293
-0.18131629
0.89987034
0.10583747
-0.21454723
-0.38037696
-22.62124062
-0.16317382
1.98443234
0.47329605
-0.27853432
-0.18610732
1.27675509
-1.63021171
0.57062918
-0.21503329
-0.75756699
0.05673074
0.54068559
-5.31156540
0.10664490
-16.02781105
-0.12782376
12.86133862
-1.03010631
2.95069194
-0.32086569
-0.78649700
0.10703135
-0.52091873
-0.61566508
-17.96289635
3.68185902
-1.56748176
-0.12377064
3.45296431
-0.15495318
-0.28724509
0.04826576
-0.47574741
-0.17600372
-0.42612916
1.13879383
-0.41763100
1.19613397
-0.24454381
-0.04057235
-0.14059445
0.09518061
0.37754428
-0.46886003
-0.73340988
3.61030126
8.74733353
-0.03755270
0.06905031
0.01799281
0.20302016
0.72531992
-0.27411687
-0.10068720
-0.15137029
0.00993306
-0.51723582
0.10280779
-0.56872618
4.78851223
-0.23687996
-0.04957755
-2.32650518
-0.23939097
0.11824405
1.16844249
-0.81455666
-0.12511139
-0.19551633
-1.60969687
0.01543530
0.07770004
-1.41613185
0.04616573
0.11045576
-2.05414510
-0.28055218
4.50581598
-0.05800091
-0.45259598
-0.09872802
-0.31656012
-0.42593735
-0.26772124
6.08138227
-1.49130261
-0.17195135
-0.02351203
0.00856020
0.01029117
-0.55259848
2.35271215
-0.37107253
-1.22603738
-0.17006031
-1.12735128
0.10882358
-0.83092546
-0.01734587
-0.08907158
-0.56756115
-2.21046281
-0.13045759
-0.60995102
0.63659221
-0.23968397
-7.43298244
-1.01812232
0.90443474
-0.45560113
-0.29084250
-0.48297107
-0.14372669
0.38655934
-0.41300076
-0.23388311
-1.18143165
-0.15845236
-14.38947487
-0.06838273
-0.19725978
-0.17019962
22.85154915
-0.22683577
-0.18764377
-0.02166484
-4.86608887
-0.15206315
-2.61851740
-8.35574245
-1.05395246
1.29868078
0.14603277
-0.36219552
-0.03104406
-0.26592097
-0.08698031
-0.28805074
0.09803841
-0.05111163
-0.83305496
-0.25958690
-0.09433177
-0.00484670
-0.12658437
-0.11874742
-0.14100894
-20.68499756
-1.41232359
-1.03329265
0.75648600
-0.31665853
0.35097057
1.87900889
3.33656907
-1.90955675
0.10432860
-0.84759897
10.62625885
-0.01174218
-0.63902164
-0.25521353
0.10597286
1.50011945
-4.52461815
3.99155974
-0.15114300
0.03218267
-0.01357210
6.83122492
-0.21487339
0.72492224
-0.25019056
-0.07640198
0.35865390
-1.09891343
-0.21762604
11.62054443
-0.42656180
-0.03482011
0.47575149
-0.14877786
0.72296768
-0.23441023
-0.78991127
-0.29715478
-0.10646546
-3.26125145
-0.60077906
1.77672517
-0.13398713
-0.81890744
-0.19646820
-0.25298718
0.12018663
-0.13027935
-0.15746881
-0.02652046
2.91153765
3.89040947
-0.15500987
-0.05799301
-20.24897957
-0.25864080
0.17319416
-0.38656387
-0.17664751
-0.33254534
-1.01036811
-0.43413746
1.11100805
0.11378551
0.19419026
-0.02241139
-0.01424821
-0.49581987
-2.03939819
-0.20034224
-0.19009782
0.80775267
4.86057425
-0.09283260
0.15578103
-0.05806406
-0.54047310
0.34783781
0.58030158
-0.03625282
1.87425089
-0.95471722
-0.30400565
-0.22955272
-0.41296199
-0.21065466
5.73448658
-0.74877185
-0.71919829
0.12547648
-0.21115883
0.11145165
4.23372030
0.08152613
-0.21222843
-0.04062054
-0.10330474
-0.38335431
2.88264012
4.84428072
-0.25323775
-0.35611212
-0.15025875
0.04843847
-0.30904764
-0.11604777
5.17977953
-0.22122733
1.54124975
-0.54170847
0.07699642
-0.09393813
0.16272952
-0.09480521
-0.51657033
-0.17224145
-0.24923684
1.91741228
0.12341944
-0.12451262
-0.01071975
0.38603681
-0.28754857
0.40082446
-0.35561645
-1.01792789
-0.15024604
2.64010930
-0.04542441
0.58926851
-0.99188465
-0.47014725
0.11920831
-0.04917721
-0.42644164
-0.07473668
0.08087147
0.16828452
-0.83778781
-10.96935844
-0.86953557
2.87911248
0.77695495
-1.33829176
0.12518416
-2.16508389
0.03134493
-0.13584927
1.05845106
3.19521308
1.08287930
-0.70269608
-0.50432849
-0.09070118
-0.19241659
0.08804715
-0.09151213
1.39296591
-0.05528368
0.07620431
-1.02255571
-0.11711753
2.08036518
-0.10625771
0.02481449
1.05563772
-0.61560577
1.39427698
-0.07510415
0.81048006
2.96950483
-0.15330721
-0.10812761
0.33480009
3.94408512
-1.05741155
-1.80607212
1.74354088
0.11630961
0.02389297
-0.09168582
0.29096052
0.00148844
-0.02042388
0.23549165
-0.09259393
-0.02283597
0.00808078
-0.19205083
5.04220486
0.38190067
0.98601162
0.03142024
-0.17470641
-0.42477745
1.26398194
-0.17852691
-0.07480498
0.26860923
-0.05760759
-0.02914075
0.34102800
3.62949157
-0.06699786
-0.26196966
0.12135665
0.19693683
-0.10384529
0.02896458
-0.03794799
-0.11357752
0.51250958
-0.91836691
0.32890022
0.00903190
0.05065889
-0.01015289
0.32274905
-1.50259137
0.26156664
1.33619475
-0.06984323
0.00288838
-0.00025291
-0.01780283
-0.05028563
0.07153949
0.01640081
0.45011652
0.12002013
-0.37166727
-0.02061675
-0.10267922
-0.05885724
1.43449867
-1.58009934
-0.52808183
-0.07228501
-0.01984684
-0.08917411
-0.08320370
-0.22569270
0.07541592
-0.73898041
4.85145664
-0.92756236
-0.37641624
-0.20003511
-0.20246704
-0.01266455
-0.25606927
-0.02813218
-0.03715051
0.82766587
0.40642333
0.09219410
-0.26004106
-0.45460701
-0.48085958
-0.02507850
-0.11210165
-0.02015285
-0.58288562
-0.04020039
-0.06828696
-0.23524860
-0.03513534
-0.15362316
-0.19291097
0.00879430
-0.02209309
-0.02845154
-1.41798425
-0.63329393
-0.07577341
-0.59350586
0.09611616
-0.17390822
-0.48402369
0.60895175
-0.16442457
0.01307270
-0.04377825
-0.03682960
-2.08987236
-0.24548110
-0.03892322
-0.93942577
-0.03508126
-0.10283080
-0.17654888
-0.13996918
-0.23859374
0.07556957
0.70669508
-0.55691099
-0.12273238
-0.04763261
-0.05712001
-0.31060830
0.13848749
-0.01478916
-0.12885040
-0.02940175
-0.08516692
-1.41556382
-4.56704760
-0.08274123
-0.10513170
-3.40420747
-3.13428426
-0.01965441
0.07082587
0.09832431
0.00702799
-0.27714369
-0.28297213
-0.46368840
1.04115653
-0.53476280
0.83037412
0.72169507
-0.35458931
0.13015628
0.03760435
1.12250233
-0.03698160
-0.03606399
-0.60652232
-0.03410610
-0.18631952
-0.09416802
0.04942803
1.97132659
-0.06189511
-0.00458985
-0.05781735
-0.30114019
-0.24483170
-0.27115861
-0.06333978
0.28001398
0.01369597
-4.99754858
-0.15107712
-0.08947299
-0.14657055
-0.05813559
0.00993067
-0.01893259
-6.93048763
0.03415783
-0.08739172
-0.03985641
-0.01494913
-0.27734163
0.00554786
1.27820683
0.00416786
-0.01672871
-0.04269767
-4.27812386
-0.04680528
7.96699572
2.47617030
-0.43289950
-0.04653449
-0.27256799
0.13328469
0.28537998
3.21580791
-0.65918481
-0.31274027
-0.23385085
-2.00799775
0.73132229
-0.19897220
-0.02975025
-0.06968750
-5.35241556
0.53848934
-0.33015841
-0.69484544
-0.02749524
1.05029345
-0.02809452
-0.39874479
0.11307351
-0.78282595
0.02801844
-0.16628988
0.00549621
-0.06436508
0.24420850
-0.07637828
-0.04175564
0.00689323
0.69031239
-0.18240823
0.37321529
-0.48073667
1.19822299
-0.10318561
-0.22297570
0.64000946
0.14287879
0.48050043
-1.25031400
-0.36613017
-0.09528243
-5.54568100
-0.06505343
-0.04383746
-0.03017359
0.11327699
-0.26814941
-0.04809544
-0.01289720
-0.10544278
-0.01974253
0.79938012
0.51834112
-0.03306091
-0.70871848
-0.06358842
-0.05840486
0.15292425
5.06707335
0.35539541
0.82712764
-0.35738352
0.03075967
-0.07890588
0.34653369
-1.00969028
-5.04723978
-0.14511445
-0.28894338
0.08212023
0.45972964
1.32095039
-0.00342627
2.98389196
-0.04126417
-2.78709388
4.34476709
0.53033012
-0.45865074
-0.55592573
0.08261918
-0.40867904
-0.03794780
3.70456123
0.57649612
6.31983757
-0.13887177
1.92656088
-0.07617310
-0.37785167
0.00902592
-0.21418984
-0.25784218
-1.48933792
-1.62291265
-0.15994863
0.30676150
-0.28909668
-0.08607286
-0.57256889
0.03061334
0.79026860
3.80469227
1.61985016
0.33156621
-0.86150140
-0.02683938
-0.06962110
-0.17837356
-0.03055325
-1.80116606
0.83377939
0.13056530
-0.08731708
0.27370861
-0.43558547
0.03103836
-0.07515774
1.53754807
-0.05222912
-0.22955629
-0.05469310
-0.15865436
-0.04105452
-4.07764101
0.41773379
-0.02002777
-0.14348294
5.84239006
-0.01494160
-0.09232853
-0.62165785
0.08089101
-0.05065496
-0.39724249
-0.44839260
0.11945126
0.93379259
1.18882501
-0.05167551
0.03908509
0.15510134
-0.05447369
-6.95763588
-0.85108501
-0.09356843
0.25763559
-0.03159404
-0.11222138
-0.13487437
-0.15943460
0.07481240
-0.90854120
0.22873369
-0.26631150
-0.15669619
-0.24179864
-0.28332385
-0.04341128
-3.57399654
0.38316959
-0.18766022
-0.46147534
-0.92175049
-0.10520034
-2.76574183
0.24390066
0.19037455
-0.53898734
0.01812199
-0.24293002
-0.12627119
0.30324048
2.54076242
0.28719312
-0.29474363
-0.19445671
2.21215272
-0.04505805
-0.20532548
0.39766717
-5.21166325
0.12533312
-0.10707164
-0.40837628
-1.45534039
-0.04474572
-0.89507830
-0.34843889
0.22453618
0.47607985
-2.07809591
-0.06552224
0.01374261
-0.11444855
0.01479489
-0.73806924
-0.05197887
-0.02802889
0.18934534
-0.08887553
0.10325820
-0.04527795
-0.02826849
0.24690273
-0.03670840
2.95940876
-1.55527806
-0.31541783
0.07701735
-0.20406018
-0.85691381
0.50538290
-0.34187543
-0.77497935
0.03242164
-0.08550496
-0.45630831
-0.47774950
-0.25133482
0.40454310
0.04377664
-2.58040786
-0.38159609
1.25541222
0.34984326
0.05871643
1.62441874
-4.66399479
0.02151797
-0.12473488
-0.19679517
-0.03309796
0.01834340
-0.30718067
-0.02649301
-0.78183246
-0.20555441
0.00504437
-0.01252511
0.02402386
0.23240191
-0.08616822
-0.54140830
-0.12737350
-0.06172945
-2.12564039
-0.51558328
0.84299141
-0.17719026
-0.71373081
-0.11549805
-0.07889268
0.09411164
-0.08238986
-0.04274548
-0.05310839
-0.25801930
-0.89317232
-0.10155953
-0.03539124
4.97101736
0.01319675
-4.10656357
0.06956159
0.27809763
0.00134739
-0.03422714
-0.12147718
-0.31789622
0.01473472
0.02807940
-0.00944786
-0.38062960
-0.11424173
0.23036416
-0.22802487
-0.00751513
0.08492813
0.00955266
-0.02613358
0.04908431
-0.01935186
0.12194963
-0.36497122
0.25647762
-0.72061855
0.28477728
0.25097591
-0.04545861
-0.10641361
-0.04344838
-0.13147090
0.30466142
-0.08041925
0.15192109
0.04337125
-0.02108918
-0.01379005
0.73193687
-0.04992896
0.08492033
-0.09219828
-0.01781683
-0.35806903
-0.49352813
-0.32070634
-0.03076144
0.02215723
-0.07146463
-0.07351020
-0.13566789
-0.03489783
1.05448198
2.37583518
2.90780950
-0.33875939
0.00975564
-0.02432146
-0.06443719
-0.11259570
-0.36319289
0.02699366
-0.32305732
0.35460618
-0.20179671
-0.05241201
-0.05819105
0.04629600
-0.28592554
-0.01631828
-0.14995745
-0.43157369
-0.46701729
0.08317986
-0.11776602
-0.36642018
-0.09167216
-0.24031623
0.22241378
-0.01144653
-0.45533824
0.09630856
-0.05845152
-6.24417639
-0.40946448
-0.46621129
0.22438280
-0.10315799
-0.05581601
-3.33032274
-0.00845849
-0.10117304
-0.01754720
-0.00055933
-0.14371024
0.39136937
0.14538580
-0.25210020
0.70086533
0.00917539
-0.03705461
-0.13129653
-0.01197716
0.11127955
-0.30932388
-0.22905152
0.19387764
0.12106023
1.21554852
-0.01455286
0.00221860
-2.45525122
-0.10445067
0.02063977
-0.05828766
0.77684486
0.58423436
-0.15944998
-0.05091390
0.02357228
-0.33594531
0.21437083
-0.09975208
0.73180026
-5.11967182
-0.36431110
-0.05544080
1.67140388
0.12061948
-0.12921816
0.17293429
-0.05989695
0.02316327
-0.02949452
-0.63548177
-0.52272147
1.00163651
-2.04567623
-0.66308290
-0.03451555
6.88510370
4.33128166
-0.43947798
-0.28878206
1.03457797
0.02184392
-0.05097886
0.52106965
0.01728515
-0.04532405
-0.34065044
-0.46836981
0.37864184
-0.12945071
-0.71244133
-0.13940410
-0.21047290
-0.18770637
-5.81191683
1.34275937
0.15687238
0.18259349
0.03481102
3.01605988
-3.63952041
-0.98766947
-0.24771875
-0.41042429
-0.16847289
-0.19270854
0.05925150
-0.09112660
-0.04200492
1.38162363
1.96963465
0.05617942
-0.12739970
-0.01675400
-0.08350191
-0.15224589
-0.08998615
-0.58171624
0.24606213
-0.11870106
-0.06585771
-0.01774457
-0.16442791
-0.83293200
-1.97407949
-0.81271607
20.03881645
-14.47603703
0.65790570
-0.21549530
-0.06766661
-0.17051707
-0.35020122
-0.08506539
-0.12279090
0.40834925
4.38786840
-0.17151636
0.13732094
0.16459726
-1.02691376
0.71975738
-0.06816388
-0.07209443
0.58201790
-0.19020095
-0.26203215
-0.14534447
-0.03882912
-0.24068917
-0.63725269
-0.70893127
-0.06642977
0.09444726
0.20998129
-0.87610763
-0.11051010
0.27700174
-0.15886185
0.03600739
-3.32224894
3.62232232
-0.21007302
-0.03704831
-0.06447135
-0.01373289
4.90637827
-0.37365335
-0.02108435
-0.77086407
-0.10797009
-0.30462942
0.44913977
-0.42207029
-0.01126273
0.20178398
-0.80917162
-0.38842976
-0.31047499
-0.12636581
-0.27856496
-0.61236906
0.55063486
-0.11333416
-0.39815488
-0.08271736
-0.07091989
-1.04341054
0.12153767
-0.12240458
-0.13304383
-0.59751737
3.17576146
0.02259808
0.05852831
-0.42450860
0.11970119
-0.79248047
-0.07429413
-0.56982088
0.17063518
-0.24714012
-1.03898704
3.12336206
0.74666721
0.07761165
0.11393492
2.42665696
-0.09200218
-0.05834243
-1.43102145
-0.24075349
0.84070104
-0.15293434
-0.14336352
6.79736900
-0.01154896
-0.40176779
-0.35465527
3.05867863
-0.44571555
-1.06784749
-0.23343177
2.15519285
0.72981083
-0.28751302
0.04992906
-0.12736590
-0.16685940
-0.22642548
0.02152938
-0.02364936
-3.73641014
-0.14388649
0.93601859
-0.08992641
-0.66611284
-0.76970643
-0.03267045
-0.42336595
0.05751465
-0.06108692
-0.21494912
-16.83633423
-0.16088517
-1.23275363
-3.85264397
-0.28570795
2.57625127
0.66740727
-0.09005031
-0.51145750
14.16988182
-2.42295170
0.97999364
-0.28874102
4.89566278
4.95893669
-0.21870093
-0.03821016
0.08017750
-0.22946385
1.64379609
-0.31092358
-1.40207732
-0.13223192
0.44338644
-0.02058580
-0.37730533
0.05855392
0.20220363
0.20172918
0.74649131
-3.24184418
-0.12787358
0.93030089
-0.17629965
-0.01427169
0.07877457
-0.96487594
0.42205936
-0.12421590
-0.77602452
2.30944657
-0.15197203
-0.44711047
1.42332423
0.45939469
0.62848151
-0.72561276
0.94632810
-0.17563610
-17.31037521
-0.11208013
-0.10945062
-0.03032944
-0.04029975
1.28840053
-0.22564024
-0.03158273
-0.11423997
-0.80666554
1.08978248
-0.49622291
-0.15797929
1.16011167
0.06195484
-0.16214396
-0.10453046
-0.23189487
1.15286195
2.09196949
-0.04799438
0.93489110
-0.12508999
1.84244990
-1.13111627
-16.49463463
-0.23605435
-0.69950283
4.21150732
0.38362631
5.37750244
0.02829094
-0.13357668
-0.07322110
-1.10198486
16.53884697
2.54215360
-0.17542328
-0.10789611
0.10809764
-0.97371864
0.05610972
0.77875555
0.50831664
20.71544266
-0.12399326
1.04838073
-0.17390615
-0.44173959
0.01391535
-0.52191633
-0.54528672
-2.24947667
0.62834346
-0.10261504
1.12910807
-0.24038021
-0.42547551
-0.35555443
0.07580170
0.51314163
11.02851677
-1.04648149
0.13745601
-0.07931321
-0.04591743
-0.01898143
-0.00903033
-0.25687411
1.60256946
-0.87876081
0.98662728
-0.04584641
-0.14337748
-0.58418995
0.09123689
-0.59088314
-4.30190563
-0.14461349
-0.56906778
-0.30494320
-0.17961721
-0.26320165
-5.83082151
-0.00357929
-0.04511341
-0.13909300
22.30645561
-0.04987553
-0.02822667
-0.53451777
-0.03489884
-0.08742065
0.60032499
-0.44091016
3.36025906
3.93988514
0.17409755
-0.06819592
-1.76677227
-0.09297810
-0.17911392
7.61337948
-1.25825083
-0.22552268
1.03357339
0.04082762
-0.49364147
0.09639231
2.58877134
-0.13369818
-0.93581933
0.16324863
-1.16373587
-1.09442556
-0.63415962
-0.35682595
-0.12560955
-13.34964848
1.62720644
-0.14635698
-0.47507444
0.81869125
-0.07849825
2.25606632
-0.06093533
-0.24395230
-0.20023176
-0.16683766
-0.32250232
-0.25256833
1.11991906
9.55280399
-0.45986453
-1.26014113
-0.18191119
1.05992210
0.00021934
-0.20500533
1.06922269
-0.08950490
-0.39701083
-0.14371563
-0.74601245
1.68793654
-0.22518064
-2.04797912
-0.54832494
-0.10410172
1.21619046
-4.18795300
-0.33974785
-0.05225285
-0.24981445
-0.13055055
0.42487186
0.06741448
-0.04927739
-0.15591961
-0.24376251
0.67818564
-0.05909048
-0.10813776
1.33465624
-0.15785696
-0.16371249
6.34385443
-1.43712592
0.00955754
-0.38481650
1.65455258
3.04682016
-0.51005405
-1.89498901
0.09522040
-0.47316968
-0.00842306
7.27775717
-0.71195167
2.13773251
0.08595410
2.15543342
0.29760143
1.89691675
2.44224143
0.08212448
9.92484856
3.79638481
-0.41070965
0.62759465
-0.06989331
-0.04535658
0.17709425
-0.80838650
-0.19114822
-2.11766243
-0.26550183
-0.03238003
-0.08735134
-0.51380867
0.57188135
-0.46379188
-0.58897728
-0.27270705
-0.36149579
3.05284524
-3.01230907
1.30129290
-0.14576742
-0.93935394
-0.22062828
-0.15610275
0.67276758
-0.16386367
-0.17576733
0.05191310
-5.44514656
-1.29826212
-0.39689016
-0.11139841
-0.61919200
-0.07509410
-13.77663612
-0.27602062
2.11389661
-0.44821754
-0.76564854
-0.23266916
0.09323680
0.09737606
0.01388992
0.02620160
2.20636511
-0.42388445
-2.32325292
-1.35264206
-0.11760793
-0.28093079
4.90798807
-0.08122597
-0.05089703
-0.05293759
0.12917535
-0.62364650
0.69681221
-0.54887670
2.30828595
-0.11194649
-0.29462630
-0.23484953
-0.12628239
-0.28562561
0.53969997
6.99809599
-0.76572675
0.02099753
-0.21019752
0.15944177
3.59270644
-0.08806861
-0.03200896
-0.35747626
-0.03547970
-0.37094042
-0.56181335
1.36958206
-0.91927433
-0.40532514
-0.10995840
0.02766709
-0.20234428
-0.02016741
3.67691684
7.66898680
7.16798878
-0.28320941
0.00636145
-0.07448643
-0.10838761
0.01007433
0.33695027
-0.11147301
-0.56421810
1.98423028
0.19589539
-0.11242275
-0.33867624
0.21326751
-0.53087783
0.70888740
-0.43385628
-0.90366560
-0.12246368
-0.50804120
-0.27567118
0.54062128
0.91224116
-0.30178931
2.93156886
-0.23511977
-0.43613505
-0.05412447
-0.11357204
-23.04955673
-0.46220347
4.46112871
-0.77182436
0.00459759
-0.14804199
2.01378155
0.08104302
-2.87096524
-0.05176875
-0.09152251
-0.07595770
3.61764240
2.30231762
-0.41348818
4.08427763
0.09837305
-0.18334509
-0.21550821
-0.24609517
-0.09353092
-0.60430384
-0.20473103
0.10966842
1.27757907
2.19983077
-0.11240081
0.00820784
1.87098026
-0.17680585
0.97000515
-0.03420862
5.32923841
-1.10605109
0.15411846
-0.11392922
0.32694766
-1.41725600
-1.87032628
0.79361391
1.71237469
-16.33344078
-0.23002207
-0.07186243
0.33631733
-0.01355056
-0.00550870
0.12694772
-0.03666843
-0.02460018
-0.00519685
-0.18530861
-4.84039593
-0.05148133
0.33955219
0.13281302
-0.23572962
-0.84054792
0.33086720
-0.14938569
0.01812303
0.20834281
-0.05189238
-0.02166042
0.28840074
-4.24813700
-0.07953327
-0.31561700
0.05902948
0.21917935
0.01364373
-0.03075889
0.01460682
-0.11373168
0.39592746
-0.56864876
0.17680474
-0.03167349
0.04159840
-0.00849218
0.28042993
-1.49991059
0.61479634
-0.67003781
-0.03533752
-0.28386262
-0.00293337
-0.02325508
-0.04056600
0.01993718
0.16550115
0.12226651
0.07049209
-0.36257544
-0.02606494
-0.09110774
-0.03485762
-0.33661714
-0.00912704
-0.10393577
-0.00638598
-0.01972605
-0.16113454
-0.05214360
-0.17287020
-0.08469911
-0.51699501
-2.53149486
-0.39468947
-0.16650760
-0.19541878
-0.09867218
-0.02427712
-0.15887728
-0.02770903
-0.02185954
0.28577736
0.22251736
0.16150066
0.92242968
-0.29658961
-0.51976115
-0.71275657
-0.10105680
0.00139445
-0.44055790
-0.05858004
-0.07032493
-0.14157325
-0.01768886
-0.03041052
-0.20046717
0.13475110
0.00536007
-0.03764011
1.45265520
-0.37312210
-0.06634326
-0.04505409
0.13838920
0.05135363
-0.11952645
0.30720282
0.00358465
-0.02655872
-0.03901949
-0.04698164
-1.66767693
1.52538002
-0.02467451
-0.83320886
-0.06462493
-0.09209134
0.69564581
0.15231541
-0.01658261
0.04349773
-0.16461772
0.16884208
-0.04277690
-0.04462245
-0.07086892
-0.23236227
0.10078094
-0.00598207
0.26711914
-0.07939415
-0.05366408
-1.43007112
4.11522627
-0.04430338
0.23685588
3.41859627
-0.19273970
-0.03071526
0.01186167
-0.19600783
-0.06978180
-0.22141926
0.53622985
-0.06812467
-0.06442816
-0.51905584
1.44578159
0.32345363
-0.37056062
0.09125484
0.01949501
1.08358061
-0.02977014
-0.01957642
-0.75274408
-0.02785100
-0.08079080
-0.04734939
0.01385771
1.82784414
-0.06904157
-0.11334054
0.08235472
-0.11602391
-0.15306076
0.09522875
0.00541204
-1.27595711
0.00346809
4.67413807
-0.09346815
-0.07115938
0.25334576
-0.02706045
-0.00889838
-0.00888900
6.92792368
-0.06052769
0.05155082
-0.03513854
0.02842771
-0.09677892
0.01124631
-0.11773562
0.01991522
-0.02586727
0.05886250
-3.12587905
-0.03942038
-6.77613544
-3.72789335
0.44553840
-2.19309449
-0.89497733
0.15396708
-0.01301684
2.67702079
-0.52949965
-0.54737449
-0.12939782
-3.34734821
0.37529987
-0.08606213
0.00033927
-0.09888417
4.88500071
0.58013415
-0.40225548
-0.52906090
-0.12969869
-1.08934212
-0.01093651
-0.57389253
0.10339712
0.51871198
0.00120750
-0.38717052
0.01925994
-0.03733292
0.08998992
-0.05667237
-0.04588002
0.00679922
0.23534422
-0.31194812
-0.20159216
-0.40857941
1.18117189
-0.21614549
-0.06826944
0.18212244
0.25281635
-0.26034462
-0.79121339
-0.50796914
-0.08575868
-4.30999756
-0.00982478
-0.00649888
0.43319061
0.08927947
-0.05031078
-0.02070726
0.00611079
-0.09434583
-0.43358994
0.73916733
0.60462278
-0.00235058
-0.81160432
0.03384483
-0.04548741
0.13500080
-4.34417152
0.23795246
0.59941363
-0.66155452
0.14050768
-0.01191665
0.18659090
-1.04044712
-4.36806917
-0.11699604
-0.15044080
-0.20746428
0.45691705
1.19915688
0.00516352
-3.26841450
-0.02919384
3.57868910
3.76254725
0.31311765
-0.48961297
-0.02318718
0.05361297
-0.32787943
-0.01685027
-4.23333216
0.45668921
5.05362511
-0.11511382
1.19193876
-0.04377294
-0.30862463
0.02526123
-0.13303742
-0.10971770
-1.34028637
-1.76989329
-0.08092467
0.13493611
-0.26498109
-0.08078839
-0.60443121
-0.04657464
0.57343304
2.93826485
-1.29905760
-0.31096593
1.72946882
-0.01698683
1.79809213
-0.18720184
0.04759807
0.61585134
-0.68171173
0.19790965
-0.08389996
0.14587069
-0.45351064
0.01798630
-0.09537583
1.27586246
-0.03916133
-0.28394499
-0.10580654
-0.13273531
0.04651001
-2.49342918
0.04396531
-0.06142674
-0.07370023
4.83241034
-0.03874473
-0.06908882
0.78814888
-0.07545104
-0.02606212
-0.56878191
-0.25510028
0.00183891
0.36960357
0.10682196
-0.03099694
0.13717295
0.32416123
-0.04877393
1.06816971
-1.00474906
-0.08964477
0.27626905
-0.05071141
0.08493164
-0.23097281
0.18527241
0.08302254
-0.55495673
0.28158826
0.02196324
-0.07984990
-0.18342856
-0.22951020
-0.02859123
-2.46360564
0.11500046
-0.19349104
-0.19536656
0.16719513
-0.09001336
-0.48209682
-0.27689412
0.12062100
-0.65102738
0.01060610
-0.18404448
-0.09669079
0.49401727
1.34354246
0.21720211
-0.20121448
-0.17193161
-3.21793008
-0.05235713
-0.19145700
0.17261814
4.97994471
0.04805101
-0.09024897
-0.06491138
-0.83623511
0.01377557
-1.11326015
-0.27001521
-0.20064670
0.64938718
-1.38750601
-0.09726754
0.00709853
-0.12063123
0.03209006
-0.93811893
0.03124463
-0.00867708
-0.27036154
-0.06764298
0.07165799
-0.05516197
-0.08550208
0.19871400
-0.00261671
-4.14630985
-1.10327339
-0.48539767
-0.14358053
-0.06591880
-0.62732399
0.09956728
0.48241338
-0.54554749
0.00176033
-0.06435475
0.40286851
-1.44981396
-0.01653385
0.26229051
0.04458924
0.72884935
0.19517767
0.87905681
0.30165169
0.05462639
0.84931195
-5.62858152
0.01821830
0.46622443
-0.14194198
-0.03080412
-0.15140498
-0.17891847
-0.02970134
0.75923181
-0.12578627
-0.00229879
0.04805113
0.05521398
0.21777099
-0.03753858
-0.41351172
-0.12797350
-0.01538959
0.94805878
-0.27744332
0.57166237
-0.11616995
-0.44088989
-0.13241120
-0.31102109
-0.73364162
-0.05387717
-0.02567586
-0.04456108
-3.77630186
1.24603069
-0.10065360
-0.03489538
-5.19311333
-0.06309409
-2.96057510
-0.00122666
0.15470083
0.01127201
-0.03642075
-0.05312543
0.40644145
0.01632877
0.01344983
0.02451645
-0.38520604
-0.11903261
-0.30037218
-0.17361024
-0.02680638
0.00144671
-0.54578358
-0.01567050
0.04136910
-0.00936146
0.20398068
-0.37136272
0.14154860
-0.62970591
-0.14563422
-0.20992349
0.00210655
-0.06908954
-0.06514084
-0.13530065
0.43207592
-2.37026501
0.16434747
-0.20045990
-0.00110207
0.02198223
0.52898562
0.03765313
-0.26433954
-0.06209828
-0.02054838
-0.33860093
0.19466466
0.02610710
0.00098541
-0.01451270
-0.07010829
0.00432320
-0.07868400
-0.10314751
0.77274859
1.87205732
3.59391499
-0.44750932
0.00806023
-0.01897060
0.12878616
-0.13559313
-0.37941992
-0.10350488
-0.28833130
0.16157764
-0.06655500
-0.02679350
-0.00918228
0.02517141
-0.27196747
-0.32094869
-0.13081497
-0.24768664
-0.52072096
0.32229364
-0.11476175
-0.75623709
-0.19487084
-0.18699884
0.28413326
-0.02236381
-0.28404829
0.03616910
-0.05402500
-4.88569403
-0.33751282
-0.49611023
0.23859830
0.11407025
0.13750069
-2.77731729
0.03296621
0.29100025
0.02186162
0.00949598
0.09792234
0.05033693
0.52089584
-0.18407451
0.22114418
-0.02887291
-0.02115240
-0.08684550
0.01598709
-0.01711854
-0.17747821
-0.14631240
0.20776992
-0.07550094
0.72770363
-0.00476355
0.00105265
1.28613520
0.28991231
-0.00967740
-0.02972543
-0.39912209
0.48029998
-0.27904975
-0.02934659
-0.01409072
1.18894613
0.20838709
-0.24297725
0.60409087
-4.25359058
-0.57296622
-0.03049404
