-0.17186349
-0.76352856
-0.50791194
-2.25524544
-0.98524106
-0.83643931
-1.52377930
-1.32497357
-1.06403307
-1.12127843
-0.55782830
0.38615635
-0.86180683
-1.20498939
-0.83974546
0.15858046
-1.11451359
-0.84873729
-1.35306760
0.56882869
-1.19036504
-0.50281318
-0.03032633
-1.84628147
0.04990922
-0.63087858
-1.21800832
-0.60288203
-1.33790922
-0.06628636
-0.85220264
-1.46426178
-0.87784329
-1.31089683
-0.85107202
-0.67239711
-0.75065238
-0.72692423
-0.68482501
0.18838677
0.42059053
-1.79491662
-0.31459432
-1.33935448
-0.34068792
-0.69032158
-0.77530983
-1.00448349
-1.14568976
-0.91283243
-0.79700578
-0.84341045
-0.78041261
-1.19910747
0.20497408
-1.24442634
-0.28510701
-1.43337489
-1.57299186
-0.64262865
-0.99552478
-1.14878641
-1.72446192
-0.67551734
-0.29978896
-0.47948642
-0.37589599
-0.64234964
-0.99971714
-1.27012304
-1.66520338
-0.80777987
-0.14373102
-1.07909515
-0.51381150
-1.10774723
-0.66024629
-0.48718426
-1.05039557
-0.45640393
-0.38671636
-1.45481962
0.35453799
-0.87019652
-1.07578232
-0.42730651
-0.27640813
-0.45580542
-0.97243324
-0.53621833
0.21702735
-1.08921128
0.04151103
-1.16882985
-1.07904949
-1.43975929
-1.49024638
-0.54737420
-0.50186014
-0.37210023
0.56741577
0.38046139
-0.01841675
-0.79815848
0.20935283
0.05974398
-1.15901796
-1.25010961
0.11028081
-0.52736449
-1.14347406
-0.51400416
0.12356463
-0.72027743
-0.67292601
-0.38267722
-1.47716449
-1.50013040
-1.43777351
-0.71421817
-0.01740380
-0.06216026
-0.41192298
-1.31582681
0.10916023
-0.92831098
-1.70442025
-0.49783038
0.15608670
-0.66578887
-0.68904801
-0.56674981
-1.08957281
-1.36934089
-1.05472006
-0.79221386
-1.43036518
-1.26793145
-0.40692649
0.04706585
0.11433656
-1.50298113
0.46992192
-1.41610492
-0.61411790
-1.45286084
-1.27261532
-0.71190519
0.54154568
-0.70784360
-0.61236962
-0.88298989
-1.21339892
0.42342692
0.21602570
-0.75703095
-1.16481587
-0.80472509
-0.52873604
-1.20942602
-0.70274047
0.97817761
-1.20142507
-1.07838595
0.55148820
-1.07590773
-1.40933295
-1.46191308
-0.51249451
-0.53492559
-0.42021990
-0.90196805
-0.88100578
-0.99118345
-1.15293955
-0.29650034
-0.80572740
-0.99806390
-0.43484496
-1.04856656
-0.20980397
-0.23673452
-1.60347646
-0.31042655
-0.65355906
-0.22919051
-0.55270512
-0.29653238
-0.77692900
0.19224431
-0.76777279
-0.81070089
0.00072740
-0.61742925
-1.40117668
-1.14903729
0.17969802
-1.02384343
0.14311813
-0.97415848
-0.28755621
-1.28183228
-0.28874601
0.15931430
-0.70703949
0.10915857
-1.06547486
-1.05483003
-0.68142174
-0.98072267
0.24740671
-0.60891983
-0.78549499
-0.57685122
-1.23614231
-1.35549207
-1.00125705
0.77350818
-0.07301045
-0.80344246
-0.43267903
-0.95590420
-1.31676474
-1.41339208
-1.05267266
0.11294807
-1.22051845
-0.71529740
-1.07181328
-0.30936314
0.02170339
-0.90415213
-0.04264641
-0.73014439
-0.92460937
-1.31221537
-1.49479513
0.25518896
-0.61634557
-0.26700027
0.26489734
-0.99406403
-0.18892028
0.17431615
-0.31806136
-2.04749940
0.04021786
-0.29055896
-1.39865750
-0.98788497
-0.83437567
0.04840390
-1.48952351
-1.07601707
-1.07219229
-0.22857178
-0.62192955
-1.59736175
-0.32892275
-1.48430799
-1.46025716
-0.66981499
-0.10209456
-1.01932705
-0.72618747
-0.89146785
-0.20888285
-0.75021139
-1.17614006
-0.03437206
-0.29954295
-0.51327547
-0.56842401
-1.82692793
-0.91770737
0.35212695
-0.13211765
-1.16386740
-0.91611410
-1.15973452
-0.50473429
-1.11333150
0.00529828
-0.97704688
-0.31278890
-1.05278387
-1.52080298
0.47863334
-0.44668295
0.14510500
-0.74256073
-0.52767273
-1.24218338
-0.22222276
0.48932331
-1.08937732
-0.46309835
-1.23495995
-1.78733589
-1.13514318
-0.24025548
-1.01933449
-1.19803856
-1.04299114
-0.89849604
-0.20492294
-0.97776315
-1.21050974
-0.80783577
0.13559633
-0.91547313
-0.86263315
-0.89347832
-1.14648724
-0.61866416
-1.22255377
-0.82171650
-1.56943629
-0.71130554
-1.16213349
-1.32602125
-0.41415822
-0.26564214
-0.41976401
0.34898529
-1.07838559
-0.53294586
-1.06195669
-1.10993693
-0.38197664
-0.92323491
-1.28340867
-1.09494790
-1.06607395
-0.37596384
-0.82800414
-1.27471745
-0.56231622
-0.50946811
-0.20212612
-1.24738717
-1.13325215
-0.47515491
-0.08964119
-0.35214572
-0.73872215
-1.35783196
-1.57546356
-1.32751087
-0.40535519
-1.45245659
0.68733098
-1.10162378
-0.38858622
-1.00853942
-0.66687967
-1.24137863
-0.56576888
-0.23694764
-0.93429824
-0.47510682
0.28162912
-1.38579268
-1.12316611
-0.34627540
-1.42648230
-0.84412710
-0.72254350
-1.40204573
-0.89434537
-1.07940829
-0.02127726
-1.54339656
-0.53221830
-1.11727965
0.50735883
-0.04499668
0.95570992
-0.59897108
-1.03113146
-0.69496076
-1.22544799
-0.04809579
-0.64429824
0.04366931
-0.85670679
-1.11882695
-1.16392159
-0.19927806
0.31028862
0.11368403
-0.84828483
-0.51245297
0.03456404
-0.11924404
-0.69206716
-1.21088628
-1.02454444
-0.56623376
-0.12458254
-0.78543429
-0.94054229
-0.57260318
-0.68096465
-0.88697812
-0.30607358
-0.94538416
-0.88640633
-0.41681065
-0.17002569
-1.41237431
-0.87074920
-1.06859561
-0.64014326
-0.97789702
-0.03482931
-1.55375279
-1.65049771
-1.37841632
-0.77241631
-0.11274125
-1.44163501
-0.70482781
-0.91384540
-0.95566678
-0.72962241
-1.07004039
-0.55610942
-1.14296831
-0.42641719
-1.35416710
-1.10342416
-0.28997713
0.67956705
-1.06668625
-0.94323113
-0.78494510
-0.78867088
-1.02011006
-0.82394578
0.09199185
-0.48164865
-0.47565984
-0.45890387
1.21461701
-1.44154495
1.08362428
-1.61686528
-0.68360898
-0.40453657
-0.78768325
-0.77060549
-0.40788312
-1.16593829
0.25533908
-0.84025652
0.13918045
-0.46588377
-0.78235404
-0.38457172
-1.22665509
-0.03002458
0.20794437
-1.26997803
-1.19526089
0.12720879
-0.48806942
-0.21598518
-1.49755705
-1.05900067
-0.73738742
-0.12335812
-1.33373080
-0.81862204
-1.36955499
-1.06454962
-0.67541970
-1.57670513
-1.32336120
-0.48249107
-0.72886237
-0.45176606
-0.62631490
-0.74954781
-0.06593573
0.43920020
-0.92700354
-0.97078471
-0.21159434
-1.68732463
-0.72675317
-1.19973195
-0.75391364
-1.72264226
-0.89438972
-0.44407777
-0.36668443
-1.29496981
-0.34522620
0.01056242
-0.95664731
-0.82290392
-1.35432598
-1.32879014
-0.93706367
-0.40963879
-1.05656820
-0.38888869
-0.74841900
-0.98553833
-0.60960321
-1.12676296
-0.22443246
-0.65449919
-1.12384103
-0.49876289
-0.66154590
-0.47393837
-0.96285544
0.30849643
-0.99308521
-0.95443019
-0.99012722
-0.41309852
-1.09607765
-0.92634224
-1.67530903
-0.95856127
-1.47962165
-1.27940606
-0.14785705
-0.98684104
-0.47227836
-0.85968715
0.44508837
-0.91718226
-1.21561436
0.06349446
-0.84338684
-0.80813354
0.25102360
-0.47599265
-0.90873462
-0.25267514
-0.04509870
-1.13478893
-0.65471611
0.58111982
-0.25955147
-0.85197111
-0.18855273
-0.86201344
-0.89503000
-1.16264114
-1.62147732
-0.23467468
-0.89814925
-0.77544126
-0.67135292
0.13134575
0.02141017
-1.14954207
-0.82166851
-0.83030017
-1.13912080
0.55233322
-0.97088356
-0.79361554
-0.55415288
-0.65000044
-1.27525608
-1.25959879
-1.04067296
-1.15175891
-0.94998119
-0.49272931
-0.62115274
-1.13466032
-0.23591686
-1.29186141
-0.86263581
-1.30595794
-1.08123315
-1.06718604
-0.34964567
-0.44105007
0.15922500
-0.23066438
-1.13656235
-0.32112795
-0.08707062
-0.22454174
-1.23720425
-0.71126689
0.09683745
-0.15778067
-1.25612836
-0.59162714
0.35155905
-0.47480925
-0.21855109
-0.56334856
-1.62265244
0.87723131
-1.46759845
-0.46487854
-0.67589813
0.11746828
-1.37037316
-0.84265432
-0.53029396
-0.84431788
-1.21518137
0.05468347
-0.91419666
-1.52458487
-0.08573935
-0.45087448
-1.94864477
-0.46461220
0.80663438
-1.61118128
-0.09082082
-0.26090054
-0.33826003
-0.49993338
-0.14752864
-0.43204200
-0.67308676
0.19619053
-0.58105394
-0.32244599
0.10634658
-1.03290962
-1.27754015
-1.25186570
-1.14433632
-0.39841491
0.33579142
-0.34273233
-0.58867875
-1.52621195
-0.30978355
0.03162317
-0.61911893
-1.55113235
-0.83947334
-0.58574761
0.25143283
-0.65721765
0.12005352
-0.06371116
-0.44526346
0.15219823
-0.49930699
0.36489997
-1.18995393
-0.64322732
1.30605271
-0.35908629
-1.06224011
-0.47799636
-0.28578937
-0.52295419
-0.81876179
-1.09934775
-0.41440329
-0.92069613
-0.18901708
0.31139574
0.02115795
-1.20374884
-0.14837337
0.86426595
-0.51784755
-0.52969658
-0.87827394
-0.98167956
-1.11667844
-0.42894024
-0.59488578
-0.75410392
0.03329328
-1.19136215
0.40797646
-0.31989135
0.27437159
-0.06730952
-0.58018527
-1.30150413
0.00855613
-1.11956376
-1.20980391
0.34623660
-0.41073227
-1.04514806
-0.83859861
-0.13433893
0.44026154
-0.87499852
-1.23323018
-1.33180806
0.05523938
-0.84591368
-0.71616237
-0.80638893
-1.16311782
-0.07029442
-0.30587360
-0.97699598
-0.28238103
-0.69571745
-1.35691561
-0.96248633
0.18125873
-1.01034575
-0.38592738
-0.90138746
-0.74724280
-0.91738491
-0.92549136
-1.25558957
-1.42760528
0.18872021
-1.06820618
-0.95738305
-1.11546027
-1.20045133
-1.22162481
-1.49135774
-0.53521590
-0.12378754
-1.78767972
-0.29923196
-0.91696887
-0.58116059
-1.48219190
-1.24948571
0.19155090
-0.64178510
-0.08998442
0.03402899
-1.11066708
-0.87583021
-1.11735988
-1.16755628
-0.77862035
-0.67223528
-1.48993579
0.00655668
-0.14139336
-1.44446173
-1.03367114
-1.12393152
-0.53405572
-0.98730574
-0.53276715
-0.62782278
-0.25440602
-0.36446746
0.08041946
0.28346604
-1.00673380
-0.00517628
-0.57098746
-1.16468843
-0.23149701
-1.17443230
-0.96969109
-0.37025060
-0.50842248
-0.93560603
-1.40594545
0.35770708
-1.11338982
-1.12396556
0.62138978
-0.82660744
-1.22747387
-0.50799037
-0.05958511
-0.70516526
-0.60704186
-0.94606945
-0.70961317
-1.25378199
-0.66068223
-0.89541165
-0.73185270
-0.24091295
-1.04046943
-0.28492189
-0.49008760
-0.63466786
-1.06567008
-0.64022531
0.04070652
-0.11996241
-0.65572151
-1.04216401
-0.50337173
-0.17237835
-0.85336775
-1.72358667
0.44140000
-0.61192022
-0.66562680
-0.91833972
-1.13624776
-1.46412285
-0.14263836
-1.21308827
-0.78777380
-0.35483229
-0.95582375
0.08221742
-1.43884389
-0.47338361
-1.14248632
-0.37074120
-1.50858353
-1.32431333
-1.33249654
-0.74887255
-0.99854587
-0.05163363
1.37562590
0.01884873
-0.30227986
-0.13669853
-0.40874755
-2.02980004
0.11719409
-0.50826554
-0.89343464
-0.48553800
-1.09440497
0.38588034
-0.92301007
-1.27762605
-0.30605778
-1.08586068
0.18797200
0.55508005
-1.06437414
-0.56390560
-0.83617917
-0.52414362
-0.77162613
-0.70424012
0.57040441
-1.08544266
-1.35182680
-0.79717707
0.08100834
-0.86585712
-1.02153803
-0.53419841
-0.76586101
-0.63315568
-1.23344370
-0.61651811
-0.72152191
-0.95584619
-0.52917971
-1.56939450
-0.90021966
-0.82802701
-0.69799128
-0.66665811
-0.60686490
-0.79397357
-0.73226704
-0.08361504
-0.61105406
-1.35963402
-0.98018567
-1.13029827
-0.39035914
-0.91653683
-0.69467542
-1.26556408
-1.02033649
-0.43839907
-0.75502145
-0.45409727
-1.58212701
-0.75434621
0.05208973
-1.30989241
-0.52566947
-1.03627240
-0.90651341
-0.79756664
0.03939117
-0.89580737
-1.23388805
-1.23902396
-0.29378739
-1.00047086
-1.02602839
-0.46973123
-0.21029959
-0.76773309
-0.70651211
-0.02367901
-0.30788516
-0.47958271
-0.13361196
-1.54149341
-0.87448475
0.22275544
-0.02880353
-1.38560359
-0.96073507
-0.60833558
-0.62343535
-0.61746560
-1.68602246
-0.63303464
-1.10121834
-0.56980515
-0.79014330
-1.46389569
-1.20877969
-0.91374163
-0.58655117
-0.36817890
-0.66858673
-1.29082267
-0.73187652
-1.54987371
-0.22770473
-0.35998260
-0.63402718
0.12940630
-0.04714972
-0.91732020
-0.29929224
-0.53628867
-0.85433210
0.44488678
1.76700606
0.84137931
-0.81227926
0.53149332
-1.39018601
-0.82378872
-0.87984234
-1.17279610
-0.09028395
-1.41233369
-0.41186031
-0.69264812
0.07658791
-0.75335217
-0.85321339
1.22638908
-1.33920023
-0.35071672
-1.40952076
-0.44382342
-0.33323977
-1.10019429
0.18784110
-0.18532675
-1.24038009
-0.56692086
-0.80192351
-0.66333546
-0.71670807
-0.48659001
-1.20906181
0.24264009
-0.47544792
-0.26411038
0.16899847
-1.13227111
-0.86161350
0.12822062
-1.14629149
-0.42612047
-0.04823996
-1.02697244
0.03242988
-0.89027787
0.36624787
-0.82741014
-0.66286615
-0.14074275
-0.18484699
-0.68811055
-0.39064703
0.13930189
-0.65595133
-0.67549085
-0.56633283
-0.22702817
-0.98949346
-0.66774420
-0.12387699
-0.88900487
0.09717106
-0.44794909
-0.61386022
-0.60621871
-0.12540918
-1.74741971
-0.97110897
-1.45797847
-0.99847386
-0.32350159
-1.10211722
-1.32590751
-0.85686250
-0.68894635
-1.53351760
-1.03719683
-0.23133716
-0.27018314
-0.09631777
-0.42425098
-0.58846142
-0.67138085
0.18455483
-1.32105670
-1.19351652
-0.08985942
-0.37253662
-0.09994381
-1.36833212
-1.09117488
-0.13763004
-1.28036449
-1.04174513
-0.48409952
-0.49036822
-0.76133466
-0.95084874
-0.92982976
-0.92867323
-1.25240603
-0.70722967
-1.56475690
-0.38427252
0.39735534
-1.10584456
-0.17819271
-0.82278188
-0.79809911
-1.14065513
-0.64648960
-0.45031806
-0.83200675
-0.42070790
-0.37615827
0.20352250
-0.87283707
0.29202100
-0.92042083
-0.13211407
-1.24452930
0.49009111
-1.66497391
-0.06442722
-0.18001452
-0.71610740
-0.54432092
0.00218378
-0.66254297
-0.89221505
0.19432563
-0.58010485
-1.34082983
-0.67930507
0.82453986
0.11759283
-1.34655325
-0.52032237
-1.11576362
-0.12186742
0.76009830
0.65138744
-1.10866461
0.03661186
-2.11551482
-0.52293516
-0.92730784
-1.22323596
-0.47748539
-0.84949734
-0.87566622
-0.10043791
0.32093469
-0.41211403
-1.00341193
0.56576126
0.33972457
-1.17597041
-1.26242700
-1.73684047
-1.22089457
0.35397382
0.60105100
-1.47577898
-0.99704729
-1.98996114
-1.01600317
-1.54596658
-1.11947682
-0.87774424
-0.07205425
0.13264146
-0.37838739
0.22075191
0.02879035
-0.55498535
-0.54160468
-0.74638983
-0.84868558
-0.93529414
0.35560406
-0.86308989
0.13391499
-0.63811040
-1.06729472
0.08801822
-0.48760811
-0.64524285
-0.27698651
-0.35027302
-1.49387541
-1.12472925
-1.50352514
-0.39233739
-1.07845134
-1.21188748
-1.19175581
-0.68944432
-0.19894227
-1.14437747
-0.15723930
-0.11064129
-1.11506225
-0.33360135
-0.97020734
-0.34339036
-0.37617692
-0.07708437
-0.19532683
-0.56929207
-1.42058566
