-2.82471656
-1.82380370
-1.57699606
-2.07134555
-0.73883373
-2.48083442
-1.27601397
-0.58294447
-1.93331601
-0.61867254
-1.90219136
-1.96357564
-2.07562763
-2.09777393
-0.48855641
-1.33689811
-1.50592565
-1.61288117
-0.06846430
-1.86523017
-1.74631275
-0.67044632
-0.98175304
-0.34652268
-1.70004099
-2.82803181
-1.97450507
-0.30750318
1.08078675
3.13281402
0.30124499
-2.14848906
-0.76964088
-2.05337324
0.46212727
-1.10261970
-0.38670368
-1.28487305
-0.43245877
-1.45148021
-0.83334347
-0.23545304
-1.10329151
-1.69983047
-1.77697783
-1.29670094
-2.35417084
-1.22967280
-0.10352816
-1.37800905
-0.74603573
-1.56557604
-1.25353451
-1.88262501
-0.10238343
-1.23722527
-1.32974931
-1.71385522
-1.26480252
-1.58134569
-0.75275041
-1.21785016
0.01230188
-0.91545177
-0.26515678
-0.81705268
-1.38105178
-1.24331502
-1.04142205
0.48779022
0.50383137
1.08871777
-1.24028572
-1.24233735
0.17819806
-0.04665652
-0.38620178
-0.97912278
-1.28859848
-0.68312025
-1.90617923
-0.92180930
-1.71794458
0.33396217
0.09952464
-1.23243938
-1.52401743
0.37353360
-1.49526068
-2.16028976
-1.65799758
-0.84100270
-1.62695806
-0.86170008
-0.97483256
-3.23640442
-0.80953942
-1.72416846
-2.95910398
-2.06101794
-1.20736951
0.16749723
-2.59392418
-1.88599422
-1.31694204
-1.06015066
-1.17924882
-0.95391800
1.03011499
-0.99725858
0.75018754
-1.59764514
-0.80445993
-0.83132633
0.60397749
-0.72951497
-1.01529354
-1.47726378
-0.87182899
0.36162196
-0.10127589
-0.92405526
-0.60111205
-0.64164404
-1.52773376
-2.11409575
-0.48237311
-0.72973860
-2.13141536
-1.14330355
-1.25615977
-0.86206930
-0.37981629
-2.04046174
-1.61635392
-1.19365876
-1.60371975
-3.52784858
-1.82941673
0.08952065
-2.50748298
-0.76503973
1.27951294
-3.15257554
0.01107640
-0.20406512
-1.01551280
-0.50706511
-1.78629760
0.74534883
-1.29777212
-1.43650439
-0.96022117
-1.79850613
-1.81526182
-2.14278718
1.03562158
-0.63513967
-1.11462494
0.18849220
1.93884756
1.12194401
-0.72121662
-1.42277544
-0.69311773
-1.93615152
-0.87295964
-1.04757430
0.77887532
-1.25156932
0.00676601
-3.17579084
-0.85959912
0.29411424
-1.24779525
-0.21702788
-1.19081956
-0.29595968
-1.17285626
-2.49859948
-2.12408764
-0.65859649
-2.39300305
-0.57279137
-0.93154968
-1.64902942
0.98121595
-2.33649700
-0.62308960
-0.99349299
-2.66563203
-2.25545860
