-0.03203718
-0.03917309
0.04247522
-0.01776961
0.07218531
-0.00098117
-0.07368895
0.12339765
0.04623979
-0.01588095
-0.04185398
-0.00504473
0.03611124
-0.02380639
-0.00562958
0.01246282
0.11115257
-0.07476658
-0.14570943
0.08562278
0.05310724
0.08009098
0.08616007
0.14102250
-0.08954642
0.04385839
0.00406134
0.10666833
-0.05325188
0.11068806
-0.18885633
-0.12323317
-0.07611176
0.17597200
0.03240051
-0.02318464
-0.05574596
-0.15035063
0.00826987
-0.11444500
-0.01564389
0.01596137
-0.00159977
-0.25166065
0.04015408
0.02816567
0.12275208
0.07409336
-0.04462346
-0.03661339
0.00036908
0.29264414
0.04185395
-0.55330604
-0.01274066
0.06322409
-0.00324687
-0.08031294
-0.00980662
-0.22007944
0.11075567
0.02826858
-0.03052110
0.21308535
0.15933290
-0.02404127
-0.03267073
0.24232754
0.04555810
-0.19229782
-0.03031899
0.03501819
0.01569527
-0.08168913
0.00624677
-0.06575347
0.19543347
0.12215061
-0.08108966
0.08450449
-0.07977612
0.29086766
-0.00725716
-0.11462351
0.00400921
0.12090784
-0.01927238
0.01534551
-0.13636833
-0.02607943
0.03455810
-0.27016035
0.08160190
0.07474110
0.05125659
0.05681622
0.01695438
0.00772942
0.09668310
0.09551848
0.02293568
-0.07623512
-0.07209641
0.06104283
-0.00881302
-0.12796348
-0.06606983
0.17369822
-0.09731936
-0.01484273
-0.08670016
-0.07114496
0.04440893
0.02305778
0.01538684
-0.00800344
0.03428892
-0.00700111
-0.37232545
0.13520975
-0.17989124
-0.01784746
0.61525309
0.04840112
0.02923559
0.03943039
0.08440036
0.00399724
-0.18513392
0.29773042
0.00393070
0.01588765
0.02035257
-0.19471189
-0.01180014
0.04070885
0.04147668
0.00886064
0.02461996
-0.72563905
-0.01969054
0.18894270
-0.01515214
0.03303514
0.38965183
-0.07468109
-0.00521322
0.00749505
0.01471700
-0.06562752
-0.03260207
-0.00470674
-0.01582287
0.04620399
-0.00262344
-0.34750202
0.14925477
0.38758299
0.08801902
-0.00764861
-0.01509321
0.04849235
-0.01641393
-0.04727688
-0.36079609
-0.01850836
-0.35771319
0.34356388
0.02278869
-0.02676151
-0.00114612
0.04827667
-0.05061901
0.05519761
-0.01164169
-0.02479695
-0.18245719
-0.04654314
-0.12642810
-0.01008516
0.05611458
-0.03929490
0.01802475
0.07976277
-0.02985771
0.04789159
-0.02726454
-0.00027890
-0.29378912
-0.10679969
0.26408848
-0.03961277
0.01951573
-0.23114257
0.09055295
-0.67415977
0.03638645
0.30016765
-0.01925998
0.06363975
0.00558440
0.03067083
0.01355657
0.08010613
-0.01943367
-0.06240370
-0.04422649
-0.19837826
-0.04310372
0.07068498
0.01056325
-0.03636644
-0.00862844
0.02726971
-0.03005505
-0.03477237
0.02654722
-0.01480477
0.06525134
-0.04160184
0.00016187
0.00890728
-0.01030274
-0.05861013
0.02994037
-0.01016144
-0.02187381
0.06739388
0.06050196
-0.00004298
0.13745153
-0.15599597
0.09406620
0.06125089
-0.09497508
-0.00908251
0.02112377
-0.04440449
0.06094987
0.03249960
-0.00634883
-0.00225653
-0.02871710
-0.03421666
0.23648295
-0.00510779
-0.17367846
-0.01464453
-0.35110965
0.00136062
0.46497497
-0.04558308
0.09714714
-0.02424722
0.02989792
-0.01828289
-0.04458089
0.04307420
-0.00749867
-0.04515327
-0.19780187
0.05008789
0.08561303
0.08103123
0.20650703
-0.00466901
-0.49262083
-0.05277475
0.08898675
-0.01494870
-0.00446433
-0.03368757
0.12189471
-0.17292397
-0.02440716
-0.08263545
0.07105073
-0.06967743
0.00195871
0.11608570
0.01421072
-0.02763663
0.01420945
0.23767954
0.16114867
0.00763160
-0.08698107
-0.03065396
0.00169984
0.01600949
0.02353143
0.05736745
-0.14797547
-0.01357406
0.26963145
-0.26576620
0.60972762
0.03605043
-0.48025072
0.03406591
-0.02476207
0.03576368
0.05326148
0.01890335
-0.01979241
0.06815948
-0.00045484
-0.04191492
0.39260915
0.09418362
0.21880077
-0.41619998
-0.07040428
0.03463453
0.25859246
-0.02515513
0.04855550
0.04712147
0.05657054
0.04364235
0.01615816
0.06714794
0.03949119
-0.23217165
-0.01726340
0.12186353
0.00501266
-0.00600903
0.16397657
-0.02720165
-0.04354695
-0.04773396
-0.03503012
-0.02797438
0.03445237
-0.04545791
-0.19394818
-0.17951398
0.05168695
-0.28324237
-0.03339221
0.18707083
-0.01213291
-0.07202747
-0.00072482
0.06216543
0.00218771
0.10150578
-0.09726308
-0.19115649
0.10856416
-0.05329813
-0.01137465
0.13769777
-0.07612149
-0.01290975
0.00783673
0.16901617
0.06810362
0.03159117
-0.10855614
-0.04352919
-0.06577106
-0.05694156
-0.24578473
-0.00607559
-0.01248528
0.03678343
-0.00566356
-0.17219649
0.03683591
0.03626007
0.17145850
-0.03359696
0.11536814
-0.14764845
0.04699804
0.05350230
-0.11106638
0.11874530
-0.01167800
-0.06562749
0.04037814
-0.02699220
-0.16398728
-0.01075388
0.03241137
-0.02861696
-0.00816106
0.02431128
0.02879770
-0.00330710
-0.03975223
0.06542058
0.01681026
0.04595953
-0.03674449
-0.08022780
0.06230388
-0.06463376
-0.02762055
-0.28569236
0.03541042
0.09739006
-0.05035146
-0.07959267
-0.14729138
0.07922521
-0.18367608
0.05862622
0.17606504
0.19833060
0.01086211
-0.09110329
0.06691083
-0.04919495
-0.02722764
-0.07725129
-0.02387876
0.34185225
-0.07267511
-0.30251285
-0.03058797
-0.02188784
-0.01996578
0.08199367
-0.03248909
0.06934396
0.11863326
0.06536039
0.15902591
0.06376259
0.10728315
-0.30097920
-0.04193932
0.31826577
-0.08801011
-0.27842224
-0.04917919
0.16757248
0.08674634
0.03610906
-0.05576329
0.22718762
0.07058310
0.04299291
0.03324664
-0.05566219
0.00703268
-0.00722680
-0.15198451
-0.03934503
0.02213224
-0.03343032
-0.01707004
0.01728982
-0.04226170
-0.01048911
-0.02278129
-0.05169486
-0.10927688
-0.09251434
0.09501444
-0.03783258
0.32323813
-0.36026558
-0.02452986
-0.10435966
0.02373522
-0.03793347
-0.00816074
0.02714423
-0.00302920
-0.05139806
-0.00822979
0.22749382
0.06705024
-0.00002106
-0.03299351
-0.08583277
0.04036554
-0.01273290
-0.03051160
0.07069124
-0.10181554
-0.05264780
-0.03896502
0.00473214
-0.01980790
0.03287904
0.18740100
0.04031586
0.02594335
-0.04155133
0.01548362
0.01538970
0.03974373
-0.03200926
-0.03162413
-0.05931496
0.06452110
-0.04141237
-0.04936171
0.09900417
0.08136169
-0.00441439
-0.02127159
-0.03299616
0.07003076
0.00391448
0.02699762
-0.02547527
0.02837494
-0.00966479
0.01793044
-0.03762402
0.11320505
0.00053442
-0.03138000
0.14221658
0.02589045
-0.02349219
0.00240510
-0.01722250
0.00865089
-0.01620953
-0.02713722
-0.01551441
0.16392203
-0.03211346
0.13649161
0.15023792
-0.04356556
0.15072027
-0.07771365
-0.09805931
-0.02056846
-0.00755627
0.02045256
-0.06097765
-0.09879933
-0.45555928
0.27060011
-0.26419893
0.03550569
-0.26724517
0.79024982
0.03247841
-0.03426640
-0.17789434
-0.00904165
-0.04034071
0.02845528
-0.10755341
0.01774773
0.23863277
0.17403115
0.11942130
-0.04511459
0.17842250
-0.08743180
-0.23599696
-1.66679525
0.76563638
-0.01330153
-0.97458750
-0.02218348
-0.08536445
-0.02081263
0.02795224
-0.01981787
0.05036972
-0.25652349
0.04030691
0.00578463
0.55972874
0.00068409
0.14488928
-0.01581604
-0.25261390
-0.05297993
0.10163812
0.02079849
-0.03931491
-0.01246814
0.10406423
0.02540550
-0.28287038
-0.06458296
-0.08323623
0.11244462
-0.06772064
0.10569210
-0.09416135
0.57968330
-0.46363619
0.00136826
0.56514519
-0.00242237
0.09076919
-0.15843362
-0.03069854
-0.02117326
0.13336618
0.14211977
-0.23356780
0.45141804
0.05729483
0.09799049
0.15768857
0.13176379
0.02203706
0.03470894
0.02800741
-0.04758123
0.05768352
0.00679725
-0.07859898
-0.02433564
-0.29667553
-0.00339654
-0.13277455
-0.07378703
-0.15287162
0.00813161
0.01392999
0.04378707
-0.04361363
-0.12153614
0.04081392
0.18121772
0.16437125
-0.23607692
-0.03491179
0.58656669
-0.02185609
-0.04888017
-0.04626362
0.00956963
-0.03205142
0.00055499
-0.03508769
-0.06445216
-0.23825024
0.00129012
0.13102724
-0.04102713
0.01027723
0.01302369
-0.06348109
0.00162500
-0.07675593
0.06086608
-0.14789294
0.09383815
-0.03640807
0.01239436
-0.12270608
-0.02795322
-0.00241625
0.02553604
-0.08437622
0.01836379
0.06290245
0.00992692
-0.08676672
0.03712864
-0.03864882
-0.12327913
0.16269529
0.14160928
-0.05352936
-0.01612406
-0.08086746
-0.02947804
-0.07896391
-0.31517422
0.08247164
0.16690309
0.25796583
0.02200892
-0.04638297
-0.00586771
-0.02371001
-0.04470012
-0.03605536
-0.16867976
0.01990868
-0.00538968
0.00287674
-0.24454580
-0.02493865
0.02043869
0.04187177
-0.00974513
0.08341856
0.04780608
-0.00481173
0.04922963
-0.01403711
-0.28618711
-0.00438993
0.19933079
-0.07751652
0.09126773
0.06963325
1.31683779
-0.93435669
0.05421434
0.74905795
-0.03480314
0.11753101
0.03936362
-0.02000394
0.03032186
-0.26193225
0.03173830
-0.12777799
-0.06430179
-0.62335175
-0.11432396
-0.01043433
0.09441419
-0.26396015
0.01075208
0.32454863
0.00879283
0.00870999
0.00434929
-0.00408809
0.04821549
-0.02174691
0.00248467
-0.03231539
0.10127714
-0.11742894
0.03266021
0.04409862
0.00568778
0.25908783
0.10726269
-0.23913690
-0.15528978
-0.18520987
0.09327568
0.05358745
-0.11690666
0.00460406
0.08676556
-0.02711670
0.12868388
0.11941201
0.03179265
-0.02285474
-0.04704951
-0.05931844
0.15206178
-0.02136781
0.06170492
-0.01985941
-0.28359684
0.02174620
0.46981567
-0.05084330
-0.03289837
0.02102651
0.03951223
-0.01025740
0.06175038
-0.07541313
0.18960753
-0.07021821
-0.17798923
0.07611381
-0.10606453
0.19312847
0.22764789
-0.03767773
-0.37041992
0.05044315
-0.02152909
-0.02957582
0.05764142
-0.10210882
-0.05905111
0.20579918
-1.07298470
-0.14415215
0.02177418
-0.11532787
-0.02170967
0.02195477
0.00027647
0.06048149
-0.01176077
-0.22537400
-0.15317252
-0.13481003
0.08143103
-0.01307054
0.01815537
0.10561475
-0.03473366
0.03446560
0.00763758
-0.07485107
-0.25380352
-0.25587532
0.57530773
0.02806109
-0.51301378
0.00372164
-0.02378111
0.03316240
0.03218927
0.01492497
0.04292558
-0.01511910
-0.04737246
-0.07132827
0.42248967
0.04771487
-0.34755027
-0.40436709
0.07380941
0.04399479
-0.01254399
0.04413078
-0.03091106
-0.02019703
0.02727971
0.04148452
0.06636578
-0.13023481
0.07141031
-0.17805380
0.04711816
0.15668464
-0.06503847
0.01668574
0.09720055
-0.05090963
-0.01436440
0.00333177
0.02396369
-0.04999215
0.05934626
-0.13047636
0.00616281
-0.33003116
-0.10234289
0.26713231
0.02576877
-0.40300333
0.02796741
0.08322994
0.00937374
-0.04810093
0.01151287
0.24442169
0.11714239
0.32715592
-0.05148374
0.05012410
-0.25680918
-0.10575606
0.04711963
0.06892338
-0.01461763
0.17279854
0.05841880
-0.06392591
0.02790491
-0.13943124
0.00103720
0.11999917
0.13172229
0.28953108
-0.22006841
0.23079687
-0.08461014
0.10438079
-0.27336743
0.28324461
0.22225016
-0.27809215
-0.03744001
-0.14824541
0.04935906
0.06777301
-0.12849577
-0.06825013
-0.02258668
0.15563534
-0.02699671
0.01141254
-0.06772391
0.00821570
-0.07228559
0.06124736
0.02645131
-0.05427087
-0.05763114
0.03943074
-0.00256905
-0.02074363
-0.00985157
-0.03536325
-0.19142321
-0.03912995
0.11461578
-0.05200845
-0.06400137
0.11657376
-0.29878435
0.46751368
-0.01573137
-0.40739620
0.07943850
0.18050039
-0.26020858
0.05950150
0.13116848
-0.08073328
-0.01901400
0.15232757
-0.01434503
-0.02907289
-0.09601761
0.03341759
0.14050914
0.28967819
-0.02885571
-0.23936224
0.02572695
0.02090419
-0.00830373
0.06100313
0.00522741
-0.05816111
0.09328182
0.01191287
0.12455064
0.13355139
-0.19090815
0.33286968
-0.37543580
0.31124464
-0.05956514
-0.26863888
0.01758098
0.03012906
0.03124806
0.10774051
-0.05107942
-0.22633031
-0.05238751
-0.18473130
0.18488765
0.00910365
0.00274467
0.01672715
-0.08211905
-0.02971823
-0.00090510
-0.03327027
-0.05590890
0.03760534
0.00970529
0.01794935
-0.00113830
-0.03489805
-0.06922350
-0.07751572
0.04603481
0.02724563
-0.12510587
0.13293673
0.07515188
0.19202127
-0.03446129
-0.11741896
-0.00897041
-0.06856184
0.00183908
0.08141805
0.01365100
-0.10944465
0.09862595
-0.03528793
-0.04283515
0.08182760
0.05931078
-0.02633782
0.03837334
0.36485526
-0.10243334
-0.35903376
0.04296138
0.03580863
-0.09727826
0.00796839
0.16492134
-0.01449160
0.08430550
-0.03679450
0.14277032
0.12274134
0.05500923
0.03876594
-0.11641760
-0.15456432
0.11892420
-0.02389342
-0.08080375
0.16940053
0.01222074
0.00887509
0.00258535
0.01912591
0.03836443
0.09393061
0.02377643
-0.11930259
0.01024445
0.04210206
-0.03621165
-0.00264568
0.00459816
0.02236289
-0.02426711
0.03532097
-0.02439115
0.01775529
-0.01746899
0.03952966
0.07055341
-0.01072390
-0.02311749
-0.01747489
-0.01872690
-0.01402233
0.06667999
0.10769068
0.01204240
-0.01561712
0.11822174
-0.03959928
0.02291723
0.03108513
0.00253092
-0.12324089
-0.01895948
-0.00133330
-0.07618138
-0.20086759
0.01995913
0.04234879
-0.07457288
0.00485466
-0.01258753
0.00605200
0.02076049
-0.02785614
-0.02328383
0.04393423
-0.00885468
0.00933107
0.03179294
-0.02330890
0.00861533
0.00384905
0.03295483
0.06373798
0.04149285
-0.16953368
-0.01374563
0.06361056
0.00527923
0.01238141
-0.01931481
-0.04229953
-0.00761402
0.01789534
0.06729147
-0.03741567
0.01510631
0.03243058
-0.03753410
-0.08094320
0.05156828
0.06981346
0.00072472
-0.03957358
-0.00801994
-0.01801305
0.00081338
-0.03975847
-0.01676725
0.04832430
0.05184782
0.05907775
-0.03861254
-0.02694196
-0.06427835
-0.10930868
0.22640479
-0.06049310
0.00387407
0.07936488
0.08689193
0.03410457
-0.00886474
-0.00670295
0.01913643
0.16536149
0.14060365
0.12953913
0.05070119
0.06660157
0.10554192
-0.36073828
0.03793418
-0.01914660
0.02280554
0.01581867
-0.02955620
0.03916874
0.00031880
-0.03092969
-0.03336782
0.15761356
-0.08038924
0.05370663
0.04144259
-0.09417445
-0.02739149
-0.02136857
0.05714308
0.08776414
-0.06951801
0.03394681
0.43669626
-0.04200295
0.03325789
0.01243113
-0.33125803
-0.03071536
0.03500702
-0.01836229
-0.00188127
0.00441533
-0.02135342
-0.03023464
0.03999154
0.05754353
-0.00683294
-0.01623842
0.01085683
-0.02320349
-0.00860000
0.00304186
-0.02203746
0.06062263
-0.04647220
-0.02878656
-0.00519986
-0.03137603
0.01014614
-0.01167250
-0.01251175
0.01393917
-0.01330016
0.04144759
-0.00810144
-0.01070970
0.00833337
0.03552439
0.00035794
-0.01567706
0.06432141
0.02986037
0.00095690
0.00277548
-0.00240169
0.01499144
0.01363957
0.05774511
0.08227547
0.00756630
0.46485221
-0.13987733
-0.08420943
0.05074612
0.04942732
0.00813412
0.01247814
0.01928318
0.07036317
0.03747630
0.01510065
0.01933456
-0.02757727
0.02987952
-0.02201047
0.01206698
-0.00731468
-0.03834941
0.01765668
0.00554249
0.02306750
-0.01480793
0.01983745
-0.00414462
-0.01295447
-0.02217617
0.00137476
0.05245234
-0.04272104
0.01547108
-0.05518926
-0.14822137
0.01097135
-0.10950045
-0.02010600
0.04737844
-0.01738612
0.07861909
0.09253690
0.08603629
-0.02480615
-0.02642304
0.02315430
-0.09006418
0.01788631
-0.04090587
-0.01319976
0.00362485
-0.06058532
-0.01322435
0.01806122
0.01042747
-0.01219502
-0.02455153
0.00871493
0.06937959
-0.03896606
-0.14100716
-0.01252805
-0.02049085
-0.02995924
0.01359248
-0.01075131
0.03512599
-0.26674134
0.04771189
-0.00994655
-0.04992323
-0.00841083
0.00918053
0.01279712
-0.03517311
0.00870420
0.07695543
-0.02713932
-0.00497818
-0.01556991
0.01014339
-0.16834968
0.03417442
0.12414196
0.04104617
0.13723654
-0.01110808
-0.55645740
0.06912789
0.04361531
0.00818668
-0.06218104
-0.02956795
-0.04954644
0.01703212
0.01361070
0.04093155
0.19298948
0.01913667
-0.02198520
-0.15400653
-0.33917096
0.03315369
0.26326743
-0.00802821
0.03664482
-0.00748262
-0.04108449
-0.00988196
0.02828232
0.01404690
0.05597243
0.02824553
-0.00926930
-0.03538280
-0.00506134
-0.00854802
0.01051289
0.00405686
0.00790818
0.02748216
0.04348282
0.04899953
-0.00582784
-0.05390260
-0.01201508
-0.02207674
-0.00457039
-0.02658330
0.06345151
-0.01154872
-0.42010576
0.04973600
-0.46594894
0.01551956
0.18922529
0.02831728
-0.00408853
0.04659740
0.08475807
-0.00066591
-0.03397950
0.02337955
0.02667690
-0.00339670
-0.27522266
0.01951272
-0.36004820
0.25540504
0.07375933
-0.01983358
-0.07766426
0.05478149
0.02731252
0.03074459
0.04054086
-0.02741370
0.04160818
0.02088625
0.01508504
-0.03709230
0.00720440
-0.03596120
-0.04426352
-0.02678202
-0.04384650
0.03303219
-0.00228762
-0.01864845
-0.05405352
-0.02672071
-0.06498929
-0.00158000
-0.02696779
0.02865769
-0.00812914
-0.00788354
0.00660397
0.07753671
-0.00212824
0.00553807
-0.01871319
0.06044510
-0.00846168
-0.07345588
-0.03711321
-0.11037292
-0.03692310
0.09318092
-0.00234571
-0.11165827
-0.13785329
-0.08636677
-0.02185574
0.01007222
0.03573646
-0.06839570
-0.02702537
-0.09990026
-0.04875243
-0.22522871
-0.26396602
-0.04488372
0.09346460
0.20272350
0.08410396
0.03671510
-0.14130275
0.01236529
0.04470977
0.04496570
-0.34897396
-0.06108123
0.05662778
-0.02947843
-0.10474091
-0.08459113
-0.05060599
-0.09775840
0.04342425
-0.03027056
0.00666561
0.02130845
-0.00908328
-0.01725182
-0.00573459
0.01767265
0.00334737
0.00093837
0.02577662
0.00277780
0.01575742
-0.00500212
0.03598902
0.00143151
-0.00515127
-0.00470584
0.09934008
0.10250006
-0.13670771
0.07024778
-0.06157650
-0.02955289
0.30722585
0.01238006
-0.03730792
-0.01854150
0.13998882
-0.17292909
-0.05160349
-0.11722722
0.03404602
-0.08664200
0.00880935
0.04609444
-0.04198473
0.02782542
0.00193151
-0.03278728
0.00850174
-0.00769048
0.04487501
-0.04315614
0.02326920
-0.03935439
0.02118211
-0.02850407
0.01087145
0.02843490
-0.04854817
-0.01273028
0.08795025
0.00861858
-0.00602600
0.03002629
0.02385570
-0.03859796
0.02644064
-0.07205199
0.04180195
-0.02973898
0.01767372
0.11297064
-0.05632449
-0.05735373
-0.00024379
0.01445325
-0.03002859
0.00982377
0.01084388
0.02196830
0.01815316
0.00600450
0.00343383
0.00746173
-0.00372977
-0.00187659
0.05645211
0.01492849
-0.01927577
-0.00415397
-0.03521621
0.01792854
-0.03314616
-0.03368812
0.01691700
0.02212279
0.02487080
0.03985079
-0.02085434
0.00911163
-0.01540958
-0.02626086
0.00761870
0.00738158
-0.01640764
0.04065820
0.03380048
-0.02151463
-0.03492251
0.07437319
-0.01930811
-0.01846761
0.28289124
-0.03825515
0.01816817
-0.04721159
0.02053807
-0.04318342
0.02379260
-0.04837062
-0.05481831
0.08308643
-0.00577401
0.01836253
-0.03643452
-0.00016162
0.01516437
0.03219590
-0.04786316
0.05568864
-0.04358750
0.00533675
0.01517267
0.04314634
0.04698850
0.01816458
-0.03839459
-0.01065136
-0.07354839
-0.04906009
0.06257707
0.03036966
0.14574541
0.00880532
0.05814123
0.16312213
0.06383105
0.01656110
-0.06029056
-0.07605740
0.04873820
-0.10372475
-0.05308963
0.05067955
-0.30649421
0.15489942
-0.28235561
-0.10444281
-0.06106664
0.07657216
-0.00434434
-0.13253236
0.02744324
0.03991360
-0.05368083
0.04159656
0.02337886
0.11686690
0.16594136
0.42547074
-0.22070315
-0.32671496
0.02829594
0.17948459
0.17954814
-0.39683685
-0.03156941
0.32081628
0.03139251
-0.05488979
0.00455856
0.12307440
-0.08698606
-0.17269188
-0.05950446
-0.19848970
0.01943343
-0.16862601
0.05099535
-0.00669750
0.01566856
-0.01449560
-0.00096351
0.02866785
-0.00764292
0.09601844
0.02157846
0.23001383
0.11077667
-0.07086451
-0.09405749
-0.02880143
0.91597790
-0.05670393
0.01797100
-0.21888572
-0.03515941
0.21553312
0.01488977
-0.11619023
0.00018766
0.03090352
-0.00418333
-0.05417582
0.05098115
0.19239385
-0.07948067
0.05160988
-0.07293981
0.30998343
-0.18005352
0.09506607
0.04415703
-0.04576482
-0.09837811
0.08015026
-0.02780053
-0.04337953
0.04643462
-0.27546886
0.04252523
0.16515008
0.04889291
0.01798797
0.09710351
-0.01028837
-0.02913584
-0.08957499
0.05411929
0.15414603
0.05937533
0.06690147
0.00406525
-0.12783359
-0.02094033
0.22949100
0.10546173
0.06292656
0.02227938
0.09566876
-0.00391625
0.05736734
-0.02159934
0.01206406
0.00766567
0.00909179
-0.85622352
0.04627736
-0.23424134
-0.02330281
0.50274241
-0.01804009
0.07216159
-0.00531568
0.05913907
0.04383905
-1.05103779
0.85412008
-0.11047386
-0.22917761
0.00164698
0.07893413
-0.04218146
-0.01004559
0.04308195
-0.03671509
0.02175480
-1.04550707
0.01397376
0.43617240
0.03040132
0.01402068
0.35435048
0.12582681
-0.04778055
-0.03095251
-0.04163524
0.06874327
0.03702562
-0.09393141
-0.00971661
-0.02050708
0.00300765
-0.22730801
0.03642515
0.48234606
0.04998695
-0.03466853
-0.02865200
0.04753141
0.01470506
0.01139055
-0.17667103
-0.06293716
-0.75906664
0.25223383
-0.05934890
-0.03534570
-0.09872161
0.02215766
0.04117453
0.00240669
-0.02616125
-0.09545801
-0.21132213
-0.05113392
-0.04284442
-0.06616039
-0.00589330
0.08198541
0.02843042
0.03272969
0.07848316
0.03781969
0.04493355
0.00251837
-0.25933212
-0.08341257
0.11268049
0.00533055
-0.10611933
0.08487802
-0.11640196
-0.07324404
0.00337641
-0.01375612
0.03689777
0.00202424
0.04001556
-0.05793057
0.00356964
-0.28793684
-0.06266525
0.03625370
0.05896184
0.05567611
0.03594895
0.37907192
0.07171750
0.03722060
0.01988782
-0.00420105
0.04028994
0.00582505
0.00602837
-0.01770609
0.06394678
-0.29180190
0.06167119
0.17037390
0.07611123
-0.00158475
0.00553949
-0.30163425
-0.08035403
-0.01361898
0.11014377
0.05263545
0.21125771
-0.08075659
0.09581494
0.08641843
-0.08741571
0.23991250
0.02790791
-0.11736725
0.11030795
-0.06182327
-0.03471217
-0.00008796
0.00636759
0.05240142
0.14215487
-0.02031512
-0.26850131
-0.06021800
-0.25446424
0.00079555
0.51350361
-0.00718832
0.03526437
-0.06445850
0.07926033
0.03493159
-0.07325649
0.09245270
-0.06460588
0.04990313
-0.15989925
-0.07276757
-0.10588020
0.23419267
0.21921724
-0.01845662
-0.32452354
-0.10378832
0.00889370
0.02006930
0.05654078
0.05337666
-0.10863099
0.09165961
0.00021907
-0.38021556
-0.08393417
0.22454961
-0.01758092
-0.14225645
0.00532884
0.03400804
0.01358264
-0.20599172
0.03589584
-0.03090362
-0.04512665
0.29083568
-0.00453023
-0.10605302
0.05922492
-0.00569275
-0.06558418
0.08498999
0.76241171
-0.14497635
0.64562011
-0.00382381
-0.51580322
-0.02207693
0.02255130
-0.02772244
-0.00579745
-0.07445730
-0.04951372
0.01697603
0.00897222
0.05227714
0.28116241
-0.04833120
0.91345364
-0.37456310
0.02273533
0.01361136
0.09450926
-0.08357614
0.00117314
-0.07963705
0.03599147
-0.04433137
-0.30269271
0.37564537
-0.07693502
0.15464793
-0.00113210
-0.09165595
0.04425984
0.06457254
0.16892768
-0.03003751
-0.11788737
-0.33487788
0.05812931
0.00375444
0.21258689
0.07704132
-0.30675596
-0.33924946
0.00970790
0.17075315
0.04667765
-0.31360850
0.02285973
0.12275465
0.00874787
-0.02368119
0.01623342
0.28217843
0.03647645
-0.32635224
0.08611016
-0.07817034
-0.19885640
0.35963744
0.24992803
0.07288184
0.08961615
-0.20916395
0.03790146
0.12527169
-0.00637100
-0.14386840
-0.02907868
0.06657209
-0.07171512
-0.15072198
-0.15536107
-0.37777579
-0.02423531
-0.20479268
0.04985569
-0.09833112
0.05723120
0.01229679
0.22804059
-0.06867346
0.02542186
0.06391568
-0.03120140
0.13904262
0.02413487
-0.07751339
-0.00495513
-0.05710318
-0.12975881
-0.09424070
-0.01390059
-0.06071005
0.05128012
-0.02064755
-0.00746801
0.09684984
0.05100842
0.01125694
-0.01759336
0.03548246
-0.13544793
-0.09817581
0.11335938
-0.06162691
-0.03267079
-0.32138327
0.05031484
-0.10093661
-0.01706735
0.04142218
-0.17876853
0.04473294
-0.08641071
0.06784374
0.06153709
0.20411886
0.03118972
-0.09981871
0.08110401
-0.03675620
0.37451139
-0.55533665
0.06299310
-0.02593492
0.02947328
0.14902049
-0.01718682
0.18637136
-0.05546232
0.12725230
-0.10314903
0.45926213
0.07575436
0.07646244
0.11378050
-0.20066731
0.47030613
-0.31870195
0.10741090
-0.25019088
-0.08063246
0.33916074
0.05447024
-0.03439490
0.02719777
0.10365925
-0.04856854
0.31822369
0.06657477
0.11311209
0.08160100
0.10574859
-0.18399642
-0.14826004
-0.07160040
-0.11921788
0.07286522
0.07729653
0.06500785
0.12070925
0.01985351
0.04269709
-0.03665571
0.00922146
-0.43697894
0.04640083
0.24358982
-0.07937177
1.46471655
-1.06483567
0.06841902
-0.05409428
-0.01792732
-0.17883889
-0.00424157
-0.05921872
-0.00029265
0.02671539
-0.01337870
0.76153451
-0.07241904
-0.51731348
0.05593414
-0.13525221
-0.03526891
-0.39089543
-0.12838927
-0.05082443
-0.04682310
0.03056616
-0.31459993
0.14238159
-0.08828219
0.07125971
0.10224989
0.30898935
0.04004027
-0.13440190
0.12881413
-0.03674239
0.05121013
0.01613071
0.01003315
-0.01646373
0.06745838
-0.02094084
0.10960184
0.05158550
0.05534614
0.00669961
0.00266643
-0.06032761
0.04133272
0.07248309
0.01655647
-0.00084889
-0.01714816
-0.08657927
0.04236517
0.02973387
0.12277727
0.00290370
0.13528353
0.18712537
0.07758021
0.00380734
-0.05734096
-0.02098169
-0.09533393
-0.04446287
-0.05074802
0.04691844
0.12721945
0.10847016
0.02731514
-0.04048107
0.10267800
-0.03286889
0.10682487
0.17379619
0.05665297
0.09758432
-0.05712511
0.04188243
0.10304770
0.30944073
-0.17636463
-0.11237340
0.00888784
0.21920407
0.36562306
0.54604018
0.02640028
-0.79713356
-0.02903415
-0.01532328
0.00424857
0.10702347
0.03024575
-0.24743509
-0.63686103
-0.05412029
-0.18146886
-1.60991383
-0.05352223
0.25718790
0.20407501
0.04418791
0.02946626
-0.15480044
-0.01767430
0.06942352
0.03019544
0.05511834
0.02134310
-0.32030210
-0.25980270
-0.13382746
-0.07521943
0.04115871
0.28329405
0.67145169
-0.12850301
0.09686774
0.03749378
-0.29949129
0.02662559
0.16351286
0.02229036
-0.01920053
0.01564957
-0.81494695
-0.10290395
-1.65993953
0.41743639
-0.16572662
0.31552258
-0.07819664
-0.17093873
0.59382445
0.09753209
-0.37548923
0.03181988
0.21200195
-0.00218522
-0.02891231
0.00281345
0.14063650
-0.00256987
-0.35140479
0.41908094
-0.21783249
0.06834599
0.15741768
0.03159702
-0.04961718
0.01108126
0.10614056
-0.03607413
0.00095942
0.01756310
-0.09027499
0.02809713
-0.16084528
0.19854301
-0.12856731
0.10660151
0.00611627
-0.03089344
-0.01072267
-0.03134167
0.01146768
-0.07641739
0.00353764
0.13358806
0.10067794
-0.17546611
-0.04514703
0.48953828
-0.03816026
0.01510553
-0.05770810
-0.00898617
0.00438165
0.34482479
0.15283993
0.04002112
0.16264616
0.05047954
-0.31053531
0.05706749
0.08970206
-0.00505296
-0.01526777
0.00764266
-0.22164428
-0.00164340
-0.07227460
0.04459713
-0.02260515
-0.04388147
-0.12730876
-0.14134413
-0.01810691
0.00361121
0.03631318
0.04783111
0.03818389
0.00955478
0.00082161
0.02107585
0.05993040
-0.08566926
0.31440800
0.14142075
-0.16026716
0.00098818
-0.05582971
-0.09607138
0.00830454
-0.17665565
-0.06264756
0.07744177
0.16358933
-0.02012746
-0.04452593
-0.14455660
-0.04883662
0.10691575
-0.07357672
-0.10267290
-0.00137219
-0.01409041
-0.00228093
-0.07700267
-0.02643206
0.02650397
0.05741741
0.04491949
0.03312376
0.00691698
0.02512645
0.01001842
-0.02942079
-0.33871850
-0.06430408
0.11549230
-0.03592641
0.03039484
-0.31070423
-0.27494651
-0.18849696
0.07535642
0.17715587
0.03499256
0.08359809
0.00822719
-0.08102425
-0.01685536
0.21838312
0.06614956
0.03813896
0.03765714
0.24117672
0.25152254
0.07482413
-0.17494655
0.30743694
0.05055871
0.09172799
-0.06248771
0.14391468
0.00327152
-0.01926767
0.00062186
0.20084825
0.10329748
-0.38352343
0.62104452
0.55469787
-0.22721551
0.24162000
0.27885681
-0.05275794
0.22072075
0.08420342
0.07214400
-0.00626824
0.09285901
0.14033395
-0.09669560
0.01145541
-0.03217960
0.41249141
-0.16151066
-0.38667879
0.04357366
-0.01523572
0.02758202
0.01057232
0.16577424
-0.00988896
0.08451259
0.04405048
-0.15916844
-0.01202847
0.53817582
-0.07490113
-0.13858074
0.01537688
0.00157634
0.03623766
0.09757905
-0.17784660
-0.13968547
0.08219929
-0.18163347
-0.15967470
0.03889161
0.27790353
0.24035406
-0.02184772
-0.20341814
0.06279888
-0.06303521
0.07030717
0.03410703
0.00927379
-0.00279405
-0.27363452
-0.13760230
-0.73199332
0.10878648
0.59971267
0.01349926
0.19424459
0.02908075
-0.05292635
-0.01100376
0.07852066
-0.01032102
-0.15221800
0.08361435
1.21775031
-0.00061478
0.03792633
-0.07652277
-0.04707148
0.02430295
0.07255846
-0.26512975
-0.06397702
0.59298873
-0.02713370
-0.44975027
-0.00340092
0.00165484
-0.05299150
0.01055278
-0.01931644
0.11791418
-0.05932976
-0.02205520
-0.00031622
0.37670365
-0.07223745
-0.35298881
-0.16309270
0.05493145
-0.01227148
-0.02859235
0.01057939
-0.10099757
-0.05056508
-0.02787539
-0.09175666
0.05919882
-0.46545169
-0.26475957
0.18883257
0.07077780
-0.05075850
-0.02258805
0.08401023
0.11567652
-0.05466743
-0.05852168
0.31497416
0.09377986
0.28265622
0.20701568
0.29098302
-0.35533947
-0.78654206
-0.09492524
-0.39502719
-0.04885222
0.32320589
-0.01329568
-0.10217111
-0.00187502
0.02696615
0.03484558
0.65023035
-0.04129923
0.97139686
-0.03592424
-0.12399402
-0.21944584
0.12016896
0.12138771
0.15480205
-0.03892023
0.09391680
-0.10083700
-0.12616098
0.10755684
-0.24661386
-0.01997010
0.21774642
0.28083068
-0.04849963
0.07997908
-0.06660978
-0.23672917
0.07911543
0.07433525
-0.27084813
0.08297948
0.27688801
0.00164153
-0.06837396
0.04488262
0.08463063
-0.02146524
-0.06460406
0.05993530
0.18902791
0.00148931
0.15988827
-0.07958621
-0.04933607
-0.00908005
-0.11852662
0.09427832
0.02607420
0.08948203
0.15962052
0.02633563
0.06985553
-0.00524809
-0.05384873
-1.09717405
-0.18475184
0.35135141
-0.12162069
-0.27582437
0.17420626
0.10275172
-0.35057136
0.00295080
0.41817057
-0.02299126
0.09800157
-0.11333796
0.07098807
0.02602710
-0.07367077
0.03619754
0.28564569
0.09727381
0.23686847
-0.07248962
0.54223698
0.37893477
0.02340868
0.04828308
0.12242490
0.02183960
0.18486561
-0.01755441
0.14167705
-0.05490511
-0.41716924
-0.03032682
-0.22639632
0.31344774
-0.45691916
-0.01823940
0.44758806
0.09240380
-0.24125803
0.02676035
0.32023296
0.01071968
0.19587150
0.02429508
0.10097685
-0.05421891
-0.26713163
0.01490429
-0.30727890
0.17360871
0.37126860
0.01601198
0.02710220
0.05305826
-0.00436548
0.02897476
-0.06457335
0.07755835
0.06165935
-0.00192285
-0.02286392
0.02128068
-0.04417618
-0.51623738
0.06124477
0.13435152
-0.14541617
-0.25211543
0.17267720
-0.04973594
-0.15033625
-0.02208498
0.20593451
0.03764972
0.02194397
-0.00413149
0.03473889
-0.00887814
-0.08366192
0.07803193
-0.15997860
0.03269826
-0.00039350
-0.26623654
0.21530980
0.34411398
-0.03307462
0.04557139
0.12783408
0.08192909
0.28510249
-0.15913010
0.11817207
0.07058403
0.00294754
-0.08109330
0.54462832
-0.02226871
-0.44122794
0.02253470
0.01987873
-0.13129358
-0.01881768
0.05768339
-0.11287207
0.17045654
0.14126031
0.10060372
-0.00612552
-0.06376597
0.06606910
-0.09708336
0.13493961
0.06796604
-0.05737269
-0.00097121
0.02032671
-0.01293005
0.02565627
-0.00104320
0.02253892
0.01662509
0.04731420
-0.08526410
-0.00311934
0.02547226
0.02621179
0.03244950
-0.02887338
-0.03066080
0.02033947
-0.00930448
-0.10350754
-0.03665346
-0.11424159
-0.06681784
0.05513804
-0.15925108
-0.12173065
-0.01392001
-0.06335051
-0.02760659
0.02919356
0.16739047
0.00108465
0.08047622
0.03921163
0.01574329
0.08488499
-0.06151278
-0.08592238
-0.01280701
0.10000100
-0.02010815
-0.01266212
-0.00064296
-0.07512840
-0.02715197
0.00882990
0.18069026
0.01323123
-0.02994604
0.11061788
-0.02829470
0.03901161
-0.02880544
-0.03934500
-0.01282391
0.08046227
0.05292200
-0.03339912
-0.00067544
-0.02653455
-0.00380697
0.05835547
0.03541177
0.08318619
0.00993235
-0.02891430
0.04731976
-0.09969223
-0.03616702
-0.01885311
0.01850225
0.00509025
-0.03664292
-0.00127661
-0.00858383
-0.03997573
-0.00591906
0.04159340
0.03438941
0.10161726
-0.11166467
-0.01636085
-0.13988183
-0.19098601
-0.23506604
0.09612009
0.00646620
-0.02035225
0.13183935
-0.02268413
0.03828534
-0.00807848
0.01785191
0.22833739
-0.00453367
0.14317240
0.11837218
-0.15326199
0.05091231
-0.36439902
-0.04890329
-0.03374999
0.01305644
0.00657196
0.07551336
-0.00169698
0.02624166
-0.04077226
0.00977586
0.30875269
0.07678343
0.13133259
0.09446103
0.13244563
-0.02731294
-0.08930484
0.01613428
0.01403365
-0.00942592
0.00701313
0.77701783
-0.03409892
0.09882575
0.00979967
-0.16764498
0.02745949
0.03438837
-0.01719113
-0.00979832
0.01846995
0.01423389
-0.03571299
-0.01704899
-0.00128705
0.01717295
0.01126719
-0.00850260
0.03299380
-0.01569793
-0.03311732
-0.01022565
0.04384447
0.04202180
-0.04292044
-0.01319048
-0.05645217
0.04218485
-0.01303083
0.02025279
0.02556248
-0.01535100
0.01322509
-0.00609865
-0.04477331
-0.01911337
0.02355063
-0.00008949
-0.01180597
0.07700305
0.10420029
-0.02908031
0.01735871
0.00706475
0.05132096
0.00551403
0.01647107
0.09915394
0.01744287
0.61846757
-0.07509563
-0.02904427
0.02786265
0.02013501
0.00823777
0.03012903
0.03327562
0.04774025
-0.01388745
-0.00196344
-0.01114557
-0.00605234
0.01026498
-0.02349544
0.00645850
-0.00413957
-0.03732799
-0.01023987
-0.00556812
0.00766571
0.00235114
0.02201920
-0.05075709
-0.00908340
-0.01076197
0.07763605
0.03578302
-0.04613779
0.07141566
-0.03310749
-0.15867721
-0.02536761
-0.03446309
-0.00180513
0.00685123
0.01986932
0.07691049
0.02937951
-0.01849397
-0.03072025
-0.04461002
-0.07067318
-0.31117451
-0.07146911
0.00678632
0.01802207
0.00360345
0.10968956
0.01714605
0.01131390
0.00158755
0.02717837
0.24450952
0.07737853
0.19242786
0.03731070
0.17320703
0.07024575
0.15098171
0.04417026
0.03346896
-0.00864531
0.02198692
-0.43315947
0.06281394
-0.01168454
-0.01081291
0.01358627
-0.16886035
0.02091401
-0.12368105
0.15040685
-0.21063316
-0.04201175
-0.03043772
0.01943933
0.02347688
-0.05449545
-0.02831338
0.32211646
0.02288367
0.08277325
-0.00519048
-0.24864388
0.02055557
0.00180446
-0.03590218
-0.02094999
0.01077028
-0.04398604
0.01111221
-0.04678348
-0.01030009
0.07287373
0.02957485
0.10547518
-0.01384418
-0.06491902
-0.00201328
0.17231993
-0.00022593
0.03944198
-0.06185706
-0.02337804
-0.00941419
-0.04578401
0.00102239
0.08948489
0.03371608
-0.04534089
-0.14121042
0.00836608
-0.08497289
-0.00910931
0.00847213
0.01220045
0.05494311
-0.07449371
-0.01660056
0.00924130
-0.10425537
-0.00231853
0.02396593
-0.02376471
-0.03988850
0.02955261
0.01960061
-0.71986651
0.12718618
-0.23361351
-0.01685598
0.15307568
0.03006168
0.02797790
0.05471299
0.00401574
-0.05755993
-0.03833653
0.00437281
-0.04498802
-0.00230148
-0.14908999
-0.01278587
-0.61982524
0.17731975
-0.00932496
-0.01390307
0.03697857
0.03145097
0.09235597
0.05840892
0.01993914
-0.01763180
0.05314803
0.02816241
-0.00257502
-0.01923084
0.00313688
-0.04807952
-0.07241577
0.00168957
-0.01108977
0.00963261
0.03190995
-0.00130264
0.03504331
-0.13698550
-0.00950293
-0.02674773
0.02521721
0.04994970
-0.00146894
0.03821885
-0.01247702
0.03489861
0.02977267
-0.04206184
-0.02204988
0.05413312
-0.02900621
-0.09385804
0.01473398
-0.08892804
-0.01163466
-0.00446690
0.09130643
0.28922963
0.10403489
-0.02205038
0.02874270
-0.11427895
-0.04500540
0.04411417
0.02371548
-0.12563150
-0.02281394
-0.37268013
-0.13044441
-0.02437556
0.13516700
-0.11140842
0.07469513
0.06162239
0.07147533
-0.03865430
-0.00490939
-0.01733386
-0.21633941
0.04922547
0.00482695
0.00230153
-0.01730731
-0.08111314
0.03334523
-0.03545642
0.02322196
0.04224389
-0.01608579
0.00856917
-0.03027313
-0.00090543
-0.02857198
-0.02891658
-0.00602457
-0.03479144
-0.00818222
-0.02040126
0.02192697
-0.01007023
-0.15971838
-0.07686593
0.02884106
-0.08801254
0.08211365
0.11736500
0.09160706
-0.06056601
0.00769146
0.03402872
0.27706948
0.01147927
0.04466124
0.00109441
0.05359008
-0.16506085
0.04607672
-0.09333070
0.02826547
0.08744877
-0.06135590
0.05663987
-0.09334230
-0.02035923
0.00541871
0.02945914
-0.00002667
-0.01863013
0.04625744
-0.02370478
0.03601428
-0.08210465
0.08451430
0.08080847
0.01679502
-0.04044332
-0.07823980
-0.05959796
-0.00022925
-0.04545356
0.01066809
-0.03856205
0.00931032
-0.07182375
-0.00260681
-0.01383483
0.00576736
-0.02068074
0.00925969
0.12967044
-0.07864776
-0.07359836
-0.02313511
-0.01321607
-0.02328611
0.00921685
-0.00606452
0.00112524
-0.02745747
-0.03234399
-0.01901552
-0.00861043
-0.01617887
-0.00686239
0.01200418
-0.01147567
-0.02399665
-0.01735879
0.00601583
0.04017446
0.01185695
0.01303660
-0.00689053
-0.01927438
0.00157381
-0.02490257
-0.00332793
-0.00186493
0.00133103
-0.02769378
-0.00709963
0.06574672
0.00711991
-0.00863323
0.09302251
0.21865363
0.06435838
-0.00219068
0.04138798
0.06216129
0.24439375
-0.01943936
0.02883798
-0.00668410
-0.02192376
-0.29429838
0.00880537
-0.16581993
0.12748504
-0.26075748
0.02040425
0.00852132
-0.00799695
0.02460878
0.05982447
0.01123202
-0.00616594
0.06055089
-0.04252837
0.00938185
0.01569238
0.03596560
0.02591523
0.01694436
-0.04927228
-0.02196024
-0.01032513
0.02748656
-0.00667238
0.02925118
0.03995622
0.01676212
0.05531067
0.01664746
-0.03725516
-0.00370478
-0.03657872
0.03000017
0.05999796
-0.01887301
-0.03546789
0.03541553
-0.06477153
0.00715264
0.05305946
-0.03979883
-0.00455126
-0.11361970
0.01509831
0.02490244
-0.04060106
-0.01866620
0.02651643
0.03839637
-0.05971688
-0.00524387
-0.15727992
0.01158995
0.06859531
0.07715394
-0.02805691
-0.06671976
-0.04419276
0.10387562
0.02542217
-0.09391851
-0.01200516
0.04599657
-0.01731785
0.02466102
0.05370635
-0.02007737
0.00817073
0.03985276
0.03474996
0.05506211
-0.00099574
-0.04479098
0.01739612
0.02293741
0.01090988
0.01080413
-0.01519812
-0.00168189
-0.03977955
-0.00529475
0.02528403
0.00697027
0.01977335
0.02131858
-0.01028206
-0.01835622
0.01980296
0.02492230
-0.00234630
0.03025400
0.01046598
0.00606700
0.01277426
0.01825824
0.00670823
-0.00217463
0.01207272
0.01523459
-0.02926325
-0.00107132
-0.05383066
0.03567075
-0.00509174
0.01257010
-0.04387986
-0.02302047
-0.04742255
-0.08793503
0.01978138
0.01996458
0.03478834
-0.00636685
-0.04352617
0.03203816
-0.09416403
0.00387127
-0.00492299
-0.00566966
-0.17100053
0.22298478
0.03139044
-0.23336235
0.01297092
-0.04683530
0.00602874
-0.06969756
-0.04795941
0.06981258
-0.02506347
0.12510076
0.04254722
-0.17028922
0.03379355
0.06132183
-0.01257182
-0.01772888
0.03574472
-0.02343197
-0.41186011
-0.13752778
0.21649359
0.02646816
-0.46991315
0.04168095
0.03215222
0.04848761
-0.00364600
-0.00663063
0.01739215
-0.14273956
0.04099250
0.14351891
-0.02336833
0.00280287
-0.01108379
-0.02634354
-0.03894026
0.02470266
-0.01211436
-0.03368289
0.02211720
-0.01398746
-0.06362319
-0.08136309
0.01490782
-0.06045721
0.00828116
0.02686217
-0.00367923
0.01895708
-0.02831573
0.01209484
-0.00424960
0.00991943
-0.00811863
-0.06062165
0.05466909
-0.01536355
-0.03581782
0.00246685
-0.01106924
0.01530543
0.04746533
0.00192601
0.26261160
0.01535421
-0.19638978
-0.20839515
0.03819390
0.04018798
-0.02722046
0.00384716
-0.01432116
-0.00924296
0.04336788
0.01857235
-0.00767853
-0.00044222
0.00313357
-0.00826973
-0.02382248
-0.01276446
-0.03012937
-0.03116484
0.00040293
-0.01369056
0.03227098
0.02260839
-0.04612933
-0.02563094
-0.06228530
-0.02518287
-0.02393691
-0.01027291
-0.00403522
0.05786045
-0.03482286
-0.05327380
-0.01302814
-0.03134429
-0.03103464
0.00306819
-0.00231650
0.04533977
0.01850615
0.02107386
-0.04870297
-0.04764786
-0.07003517
0.04659184
-0.03318686
-0.01670711
-0.01500599
-0.04188868
-0.01198472
-0.02960129
0.00180817
0.00682167
-0.02304327
0.00034800
0.00689894
0.04277620
-0.06555694
-0.10093014
0.08981913
-0.02099453
0.02353594
-0.03657554
-0.05619753
-0.04859598
0.46532542
0.04772755
-0.06821351
-0.04041732
0.04735475
-0.00809155
-0.02399489
-0.06611659
-0.00568093
0.04335978
0.00821488
0.04766749
0.00679398
-0.00000269
-0.17505316
0.02019747
-0.21546938
0.03750388
0.31417653
-0.01358189
-0.60728180
0.04945035
0.03124774
0.03611045
-0.01463380
-0.03228298
-0.02982036
0.04506758
0.00401546
0.00953005
0.21752645
0.02136738
-0.10408890
-0.20098488
-0.37363875
0.02622757
0.29754242
0.06311831
0.02518334
-0.03939268
-0.05169855
0.00792956
0.00980179
-0.02201008
0.01658553
0.06202485
0.01537995
-0.11726660
0.02124830
0.04499954
-0.01625327
-0.01921623
-0.01472302
-0.00559305
0.10097995
0.07213850
0.00008218
-0.09441879
-0.01612701
-0.05348137
0.01731925
0.01644103
0.07601538
-0.00345777
0.60216045
0.16796334
-0.65262604
0.01034439
0.18982969
-0.06150506
-0.06383307
-0.02587896
-0.02052286
0.07388599
0.01386729
-0.00049936
0.00625615
0.01377588
-0.31664202
-0.00952539
0.52093923
0.33790481
0.00155845
-0.02567136
-0.03594918
0.00500312
-0.01561900
0.03232357
-0.03862455
0.05236153
-0.05670516
0.05072298
0.04491840
0.05620272
0.01103332
-0.04379600
0.14990968
0.03118382
-0.07212625
0.01052693
-0.02985590
0.03425765
0.01024041
-0.06900819
-0.08688075
-0.09891905
0.05927852
0.02446483
0.02410899
0.00652848
-0.01152801
0.03264615
0.01908006
-0.03268541
-0.01771055
-0.02966922
-0.02732957
-0.04874448
0.00093267
-0.05045019
-0.00715462
0.09606928
0.02049466
0.00462880
0.05988394
-0.23991972
0.00995354
0.00142939
0.05581668
-0.02719182
-0.00687592
-0.08598439
-0.07787178
-0.11386520
-0.21612002
-0.07624559
0.06201932
0.11892891
0.03918370
0.03427792
0.01727059
0.02308831
-0.06961721
-0.01780493
0.22192630
0.08347343
-0.05496328
-0.05324352
-0.01633973
0.01116474
-0.04398810
0.02858352
-0.01534641
0.02287004
-0.04605006
0.00747803
-0.00706415
0.00377451
-0.02532634
-0.01438707
0.00172018
-0.03018336
-0.00557858
0.00174564
0.02878080
0.02750519
-0.00247094
-0.01319500
-0.04046663
-0.02279913
0.03935771
-0.02551447
0.00205432
-0.02745992
0.01083841
0.00736480
-0.25260735
-0.08154820
0.13234216
-0.02818358
-0.00520043
0.05030676
-0.00067020
0.02215937
-0.03655576
0.02229811
0.14374715
-0.09165625
-0.11587805
-0.17603338
-0.02061295
0.22836164
-0.04144173
-0.05987856
0.02803284
0.02063317
-0.00287408
0.13313310
0.07419745
0.13062304
0.08907112
0.17553246
-0.08398083
0.01682431
0.04366038
-0.02890626
0.02632425
-0.01670706
-0.02653621
-0.04376696
0.00516815
-0.05514322
0.07288769
0.03818830
0.00083192
0.02536135
-0.04871451
-0.08813719
-0.07163532
-0.01251319
-0.01051779
-0.00895554
-0.03607310
0.02782434
-0.02934714
-0.05890765
-0.02091830
-0.00805667
0.00098362
0.05761211
-0.06359821
-0.12653935
-0.07398549
-0.02407510
-0.04385411
0.04500014
0.02085165
0.04026734
-0.01084283
0.09338021
-0.00586853
-0.03243271
-0.00314879
-0.05620454
-0.00870645
-0.13021997
-0.01866824
0.03237619
-0.06097692
0.08097918
0.06187794
-0.04250172
0.00830977
-0.07952102
-0.00073910
-0.05234347
-0.26283586
-0.06059241
0.04861635
-0.01679660
-0.02919297
0.07839188
0.00779574
-0.11258938
-0.05293091
0.04826747
0.01141463
0.01646683
0.01065353
0.04640678
0.04458344
0.02684417
0.00013072
-0.01608147
-0.03715225
0.00033520
-0.04835239
0.00314441
0.04720508
-0.00382505
-0.02641627
0.00223717
0.00849268
0.01295795
0.00663043
0.01941264
0.05554448
0.00222419
0.01712894
0.04144122
0.01028902
0.00870943
0.00328270
0.03177687
-0.00741688
-0.00241937
-0.03902610
0.01813783
-0.06906869
-0.09789664
0.21015599
0.05607734
0.01181548
-0.15292671
-0.07032407
0.00052342
0.03484630
-0.02325428
-0.00805043
-0.12125428
-0.13404486
-0.10446163
0.05519363
0.04737892
0.04465798
0.05120197
-0.03500104
-0.08303269
-0.01482736
0.05356551
0.01009314
0.00416019
-0.02639154
0.03026601
-0.01185880
-0.04659299
0.09243568
0.00470624
0.00782274
0.15910274
-0.01165448
0.00788034
0.02094477
-0.02330688
-0.01675468
0.01679148
-0.00549756
-0.01111793
-0.01073323
0.02556619
0.00333470
0.01977047
0.02678514
-0.01747841
-0.01425305
0.00476902
-0.07905921
-0.10178772
0.00879070
0.04574692
-0.02193734
0.02438594
0.00691777
-0.04011480
-0.01258680
0.00591650
0.00671670
0.00189183
0.02192007
0.08347103
-0.08306756
-0.06627284
0.01606581
-0.00885331
-0.07380473
0.07804602
-0.01642428
-0.05036863
-0.10021607
-0.08870919
0.06902448
0.01645469
0.05153028
0.00569913
0.02875841
-0.04679567
-0.07966581
0.15872952
0.01825239
0.00541057
-0.09710220
0.28083029
-0.01168456
-0.27232915
-0.00894210
-0.03664637
0.01178693
-0.05563194
0.00167046
-0.05432444
0.08788977
-0.09383292
0.05334157
-0.19198014
0.00512105
0.00296080
-0.04304528
0.03083498
0.02866216
-0.04125586
-0.03295493
-0.08753580
0.17118624
0.00965063
-0.25370511
0.05174460
-0.02356551
0.01996760
-0.00539019
-0.03564988
-0.08366759
-0.10346224
0.04445015
0.06729810
0.00549006
0.05772774
0.00883605
-0.00430837
0.01520443
0.00427751
-0.01076942
0.06160568
0.03219891
-0.07119763
-0.05888769
0.06064079
-0.06455841
-0.04249961
0.00156192
0.01779926
-0.00513840
0.01551224
-0.01513627
-0.03933567
-0.00628331
-0.00827945
-0.01314969
0.00030146
0.03613158
0.01580220
-0.01904624
-0.00580662
0.01458824
-0.01054450
0.03393159
0.02304772
0.18164936
-0.00437373
0.01506625
-0.08852798
0.04673029
0.01287532
-0.01931830
0.01240316
-0.00731149
-0.02068462
-0.01040084
0.00446299
0.04377262
0.00032060
0.01905344
0.00514704
-0.00422051
-0.02573843
-0.02296578
-0.03254237
0.00391238
-0.00139458
0.00177044
-0.00848501
-0.05282726
-0.01912200
-0.02946794
0.00160284
-0.00108563
0.02114956
0.01966687
0.01079636
0.02497466
-0.05382571
-0.02339612
0.00333131
-0.00286550
-0.02431588
-0.02230055
0.00906470
-0.04035260
0.01070525
-0.03236051
0.01872842
0.04688820
0.04504127
0.05927140
0.18317573
0.02693746
-0.18386070
0.02460825
0.02193049
0.01963062
0.02839848
0.00911510
-0.00265771
0.00820579
-0.14033586
-0.05907366
-0.11770062
-0.07583459
0.03376907
-0.09607165
-0.13988380
-0.05553295
0.22338344
0.09513333
0.03798190
-0.01861135
-0.01337957
0.05540998
0.02726734
0.07008260
0.09423933
0.05148848
0.21290588
-0.00991690
-0.01723807
-0.00953697
-0.01167578
-0.06632441
0.02084605
-0.04528417
-0.02740009
0.18421072
-0.00649478
-0.28343090
0.01408424
-0.01841437
-0.01106054
-0.02610476
-0.01816444
0.04974606
0.03932229
0.02182539
-0.03761614
0.10218657
0.02260371
0.01764729
-0.07618897
-0.06008838
0.00905650
0.13862112
0.02105711
-0.01032682
0.03913060
-0.02650544
0.02052015
-0.01962498
-0.03742101
0.02745305
0.03854976
-0.00956278
-0.07805198
-0.01081836
-0.03406727
0.00915788
-0.02902204
-0.00170570
0.07457684
-0.07501268
0.03854988
-0.01532507
-0.17410259
0.00810967
-0.00997523
0.01017079
0.01378451
0.05139797
-0.02854363
0.21882829
0.13949519
-0.34495100
-0.00972917
0.16110383
0.00586106
0.05434239
-0.05596779
-0.07537203
0.01815608
-0.01297037
-0.03823473
0.02781829
0.04428014
-0.14576556
-0.03553347
0.08218473
0.22453545
-0.05434908
-0.01296571
-0.01259552
-0.01582153
0.00004341
-0.06490017
-0.04954932
0.02682596
0.01662441
-0.02686706
0.12007401
0.11066811
0.02743046
-0.03710200
0.01195076
-0.00392563
-0.05990689
0.01853742
-0.01358132
-0.00279302
-0.00933778
0.03824552
-0.02962421
-0.03014694
0.08288307
0.05324171
0.04787168
0.01796142
-0.00153472
0.08705705
-0.00813631
-0.00274162
0.00260404
-0.02246336
0.00137044
-0.11778273
-0.00379120
-0.15643704
-0.02512820
0.03157000
-0.07755861
-0.01820121
-0.04224399
-0.25209975
-0.06689923
0.26476315
0.00506925
-0.03013564
0.00104114
-0.13904709
0.05803106
-0.02663899
0.11838757
0.03017723
0.08738345
0.11786425
0.03275154
0.00640813
0.03242677
-0.00820360
-0.06860925
0.00485348
0.09728114
0.06586917
-0.03093852
-0.02634334
0.03371096
0.00664378
0.01449893
-0.04089255
-0.06886257
-0.07969514
-0.02650393
-0.00907217
-0.00469207
-0.01092862
-0.02539736
0.01323661
-0.03804058
-0.05651252
0.02028567
-0.00187941
0.01322398
0.00835837
-0.19090402
-0.03858121
-0.09441351
-0.04465227
0.03922545
0.02956917
0.00513295
-0.07986254
0.02623096
0.07886637
-0.12849049
-0.05867042
0.13070546
-0.01219904
0.01830103
0.00026202
0.01024135
-0.00665046
-0.05832395
-0.06919260
-0.08582854
0.17544971
-0.16133861
-0.17184190
0.03119705
0.25447005
0.00680066
0.06346004
0.02247226
0.01709877
0.02721255
-0.05955869
0.12969451
-0.13657674
0.07455906
0.18209763
-0.09227989
0.01241521
0.02685959
-0.04169282
0.02048156
0.02413491
-0.05121227
-0.04490664
-0.00307901
-0.00272071
0.04310685
-0.00431079
-0.00850100
-0.01583526
-0.07130125
-0.13068004
-0.03583942
0.00546973
-0.04854538
-0.01850781
0.00499119
0.02222578
-0.02123039
-0.02104992
-0.01460814
0.01732242
-0.04226099
-0.00807843
-0.02103660
-0.08718576
-0.03117599
0.00069544
-0.10050422
0.09964257
0.05761990
0.01181212
0.00909712
0.03672773
0.01642538
0.01117736
0.01305340
-0.00325916
0.02174103
-0.07380844
0.00364170
-0.05115221
0.02935487
-0.02389942
-0.10299753
0.04088169
-0.11325687
-0.25740284
0.03314954
0.30622029
-0.21015030
-0.05660413
0.05633556
0.00622785
-0.07192740
0.01283945
0.05223408
0.12076058
0.06610885
0.26301774
0.01178303
0.02635067
0.03716228
0.03304057
0.00560402
0.00377879
0.01402792
0.01251275
-0.06297781
0.00660771
-0.01259846
0.01959956
0.08267939
0.01992070
-0.06577912
-0.01931057
0.00679411
0.02688325
-0.01306078
0.04051416
0.00735270
0.01945211
0.03693815
0.00991901
-0.05420732
0.00360247
-0.03539426
0.02188819
0.03173490
-0.00200746
-0.01596323
-0.00994874
0.00590216
-0.05660031
0.07319143
-0.02928606
-0.04476148
-0.16354921
-0.01043704
-0.01850197
-0.00835899
-0.03171625
0.07495445
0.00003989
-0.09474644
0.04223809
-0.09166888
-0.05721912
-0.01733734
-0.00767712
-0.00746451
-0.04145856
-0.01845517
0.09992179
0.01408118
-0.02151636
0.00495368
0.00725847
0.01848237
0.03478639
0.02300566
0.07925813
-0.02822514
0.01462756
0.00448398
0.00832343
-0.02251034
-0.05951536
-0.00783794
0.07117593
-0.02196232
-0.02744330
0.00417690
-0.04269472
0.00001608
-0.01230181
-0.01481507
0.03205429
0.00894768
0.03389397
-0.06939925
-0.09794805
0.01259497
0.02411199
0.00326133
0.03515577
-0.00204794
-0.00045520
0.00930208
-0.01583517
0.00862487
0.09774344
0.01581063
0.05560879
-0.01725981
0.06458990
-0.00500499
-0.00113662
-0.07901185
-0.01385036
-0.03721135
-0.03103399
-0.00280186
-0.06278419
0.05856212
0.05550544
-0.03556975
0.00288325
-0.01253516
0.08112795
-0.06742660
0.03940093
0.05003496
-0.38465935
-0.05876412
0.21744002
-0.02766925
-0.31775689
0.03083693
-0.04789613
0.02415543
-0.03821388
0.01648317
0.22570145
-0.05044811
0.00059613
0.10953114
-0.06156075
-0.00269597
-0.00500431
-0.02305860
-0.04479204
0.00282534
0.00764646
0.15496247
-0.08895200
0.10490286
0.03122674
-0.24081928
-0.04158788
-0.09315788
0.03236180
0.00398873
-0.00297843
0.00232205
-0.04992980
-0.00015410
0.00929930
-0.00236142
-0.00795114
0.01460187
-0.01184240
-0.00075957
0.02524344
0.00320005
0.09491126
0.02944674
0.01303051
-0.02299653
0.04122201
-0.04699328
0.00179998
0.00268429
0.02590430
0.00014777
-0.01501378
0.00435319
0.01688444
0.01132294
-0.00394573
0.00000501
-0.00113651
0.00944714
-0.04374343
0.00094059
-0.00856171
0.00348817
-0.03976779
0.02032346
-0.01245049
0.10275660
0.00817600
0.02184197
-0.16112380
0.02505834
-0.00267961
0.11799091
-0.02943534
-0.09633068
0.01609752
0.03818143
0.02566945
0.00856420
0.01012583
0.00928050
0.01718408
-0.00676452
-0.01473340
0.00795922
0.00631757
0.00862280
-0.00237423
0.00991065
0.00636396
0.01099494
0.01137001
0.00212529
-0.01847372
-0.00214744
0.01190013
0.00480015
0.05987885
0.00327749
-0.06754496
0.01869307
0.01062058
0.00689372
0.04229777
0.00423751
0.02351782
0.03961106
-0.02043968
0.00792573
-0.04786421
-0.07239925
-0.09222735
0.02013000
-0.00287399
-0.03140217
-0.04810609
-0.01791603
-0.01936155
-0.01102124
0.02441789
-0.03757636
0.03737008
-0.00029671
0.09450770
-0.04058645
-0.14621928
0.06465141
-0.02336361
-0.08719575
-0.00738422
-0.12318809
-0.03936509
-0.12913103
0.17101297
-0.10366355
-0.07437708
0.12072007
-0.01078182
-0.00944919
-0.10925636
-0.04341605
0.12608173
0.02697732
0.01924002
-0.00085092
0.00189076
-0.01524120
-0.00072291
0.11912151
-0.07040258
-0.04920420
0.02069296
-0.27088517
0.00706581
-0.01615208
0.00235689
-0.01504504
0.01109059
-0.01272038
0.02648917
0.02991948
0.02442279
0.03232640
0.02991266
0.09794766
-0.12797287
0.02933571
0.00025391
-0.06682025
0.00117203
-0.03003676
0.02480821
0.00192997
0.00599339
0.04701596
0.05491439
-0.00828679
0.05298991
-0.01385239
-0.07956152
0.00210825
-0.00984435
0.01082729
-0.00167413
0.02357537
0.01935382
0.01915957
-0.03870803
0.03709427
-0.08809385
-0.02759160
0.00448694
0.02039761
-0.00209631
-0.01903480
-0.04287536
-0.19776616
0.14572941
-0.31486681
-0.02121066
0.08468347
-0.01446489
0.00880353
-0.00700718
-0.06827398
0.01183247
-0.00494847
0.00697787
0.00809905
0.01315874
-0.16518100
0.01465734
-0.03831323
0.12002595
-0.05252394
-0.00122842
0.07163309
0.00096593
0.00684312
-0.00268054
-0.05287370
0.02622792
0.04785191
0.03342011
0.01277036
-0.04916024
-0.01474174
0.00701875
-0.00474355
0.00706588
-0.15578970
0.05015352
-0.01629761
0.01908448
-0.00817880
-0.07962714
-0.08801239
-0.06788842
0.05005927
0.06709144
0.03297477
-0.00229216
0.00747074
-0.01974948
-0.03975969
0.03583169
0.01866938
0.00431251
0.01680689
-0.09497849
-0.05280645
-0.06744950
-0.02086068
-0.02532398
0.09551343
-0.11929615
-0.05802146
-0.16351949
-0.05602866
0.00415303
-0.06852845
-0.05628439
0.01541682
-0.09157431
0.05750569
-0.16983502
-0.12591192
0.03249209
0.07716181
0.05075902
0.02404198
-0.00812788
0.06434269
0.01681760
-0.11665999
-0.01925996
-0.08549723
0.13754015
-0.08601996
-0.07006387
0.05177322
-0.01004329
-0.03699945
-0.03397906
-0.03374941
-0.03538401
0.01580263
0.01935991
-0.03216349
0.00737650
-0.01254597
-0.00882246
0.01551435
-0.02240932
-0.01656821
-0.02097826
-0.00883845
0.01183565
0.01105845
-0.00040004
0.01206221
-0.00200108
0.04783546
0.01189726
0.04506612
-0.00678306
0.04332977
-0.00718292
0.09400317
-0.10541274
0.14377306
-0.05135079
-0.06376599
-0.00681115
-0.01446421
-0.03021939
-0.04106319
-0.01433001
-0.07254628
0.00790815
-0.02739834
-0.02474989
0.02539952
-0.01531315
0.01090901
-0.04047189
0.00373509
-0.06189257
0.01657491
-0.01065224
0.03319870
0.00799200
-0.03395073
0.08254173
0.00760820
-0.02623483
0.02826944
0.00227319
0.03976553
-0.05659041
-0.00372430
-0.03008586
-0.07477484
-0.06434549
-0.05385147
0.01773786
-0.06288426
0.04937853
-0.04096871
-0.01950600
-0.01496279
0.00116017
-0.01231383
-0.01572324
-0.00796735
-0.00183703
0.00863805
0.00435798
-0.00453595
-0.00107332
0.00232981
0.02354680
0.02458970
-0.01317385
0.00183004
0.02486042
-0.01526994
0.05861928
-0.01494152
-0.03213023
-0.00250415
0.01880813
-0.01262987
0.01010750
0.00001043
-0.01224639
0.00510318
-0.06855983
-0.02853911
-0.01660523
-0.00465476
-0.01042844
0.06922507
0.04983248
-0.09643302
-0.02937580
0.08522891
-0.00489295
0.19899566
-0.09651469
0.07766255
-0.04352204
-0.13135999
-0.05143792
-0.00291129
-0.13048299
-0.07261011
0.14823505
-0.03610492
0.01657303
0.02796696
0.04132060
0.03395960
0.02115383
-0.00778985
0.03354490
-0.02023874
-0.00128856
-0.03107743
0.02836188
0.03581789
-0.02031094
-0.01532145
0.01295521
