0.03482953
-1.16636008
-0.73893543
-0.45970778
-2.33509387
0.72503748
0.48409673
0.08530436
-0.55895786
-1.31352884
0.02553578
1.60653987
0.21576224
-0.70728830
-1.00138483
-1.12792226
-1.44762095
0.63492655
-0.60410664
0.63115199
-0.78024107
1.20579246
-1.38462187
0.03691511
-0.27217634
-0.54047358
2.25252698
-0.10839054
0.06854395
-1.26432667
-1.28512416
0.06340330
-0.48988709
-1.27952888
-0.54508948
-1.29741840
0.06549233
-1.17549968
-1.18149311
0.99024475
-0.75697960
-1.37822280
0.43360582
-1.54330948
-0.80543542
-0.74063349
-0.17084478
-0.46295323
-0.25907585
0.10845302
-1.33745233
-0.82094324
0.37283813
-1.26772345
-0.80183607
-0.83200170
1.26579570
-1.18934397
-0.56912833
-1.16704040
-0.31736027
0.00208168
0.13528691
-0.14100784
-1.91135878
0.17593886
-0.35368036
0.13803061
-0.51849528
-1.16680870
0.15801153
0.14234555
-0.02492390
-0.88263341
0.22557619
-1.45968412
0.05237335
0.47829755
-1.32982557
0.32286008
0.67752040
0.32159583
-0.56595750
0.66136938
0.21184054
-0.08248297
0.33077635
-0.25074572
-0.64760828
0.27350153
-0.06549204
-1.03701466
0.17367509
-0.77620891
0.71757009
0.42386231
0.33492685
0.30139551
0.11535182
-0.10500762
-0.19963476
-0.78485158
0.38680566
1.27615553
-0.50616049
-0.08770238
-1.26260842
-1.25323020
-0.25715381
1.30427968
0.32703249
0.73978716
0.32153710
-0.52485598
-0.53398923
1.32537821
-0.94593166
-0.66347822
0.09329819
-0.31507268
-1.21443894
-1.02590352
-1.97671053
0.02343766
-0.35320492
-0.64037444
-0.68973937
1.92261420
0.29050627
-2.13408292
-0.20805298
-0.76879750
-0.28416281
-0.52507568
-0.52424397
-0.48039551
-0.00713653
-0.93260619
-1.24238419
-1.53118544
-1.69542255
-0.49211525
-0.62838499
-0.71000321
-1.24598071
-1.27248951
-1.41008471
0.05109347
0.25745726
-0.09206010
-1.62582852
-0.44235986
-0.26138836
-0.18902952
1.77639992
-1.47889549
-0.60116801
0.37817749
-0.67436826
0.77298656
-0.35305348
-0.26292947
-1.42484528
0.16595767
-1.39579406
-0.69975364
-0.73411300
-0.45999841
0.97509106
-1.51988074
0.07013444
-0.78362639
-0.72908754
0.72225327
0.09402832
-0.42532692
0.41404053
-1.44684480
1.60140762
-1.23349418
0.31539614
-1.66125761
-0.69876883
-0.68166977
0.43035024
-1.49893922
-1.02126897
0.11686149
-1.90674188
-0.32092809
-0.09672874
-2.40288103
-1.12865742
-0.09324410
-0.03889850
0.11276490
-0.75256809
-0.23815081
-1.48688278
-0.69359193
-0.34799289
-2.48607440
-0.74764088
0.31847598
0.70646340
-0.02382932
-0.13942590
-0.24757196
-1.00320904
-1.19792615
-0.49209495
0.35567034
0.35806445
-1.45546350
-0.88718076
-1.79461089
-0.03691350
-1.37557669
0.12440961
-1.62117121
-0.02935329
-0.40258485
-1.66217130
1.80114822
-0.85448933
0.32529449
0.59036324
-0.76370520
1.00558092
0.33002595
0.54476381
-1.39170782
-0.45106760
0.35929578
-1.61308720
0.05496595
-1.00855267
-0.47027989
-0.14231337
-0.23233072
-1.19019062
-1.31971147
0.66528725
-0.34461647
-0.98777549
-0.11551231
0.16037968
-1.23209967
0.03330323
-0.05300127
-0.46569385
0.28534713
0.04442548
-0.45667737
-0.82665028
0.17254026
-1.11883511
-0.13396269
-0.36412914
0.80894243
-1.50693802
0.74077227
-0.08497321
-0.23977604
-0.59204231
-1.67044319
0.60421544
-0.69521565
0.23569227
-1.26287791
-0.82047066
0.01763485
-0.73672808
1.91572863
-2.05348501
1.00119404
-0.50446331
1.75582723
-0.77992082
-1.95190713
0.68910924
-1.22573368
0.84709506
-0.61489733
-0.50735423
-0.75442124
0.14684194
-0.07839196
-0.32380866
0.13565722
0.98535639
0.77712752
-0.46428206
-0.01723399
-0.78721022
0.55867240
-0.56691816
-1.37558388
-0.44776766
-0.13210776
0.28524917
0.80893698
1.11611683
0.43561589
0.41075599
-1.31292217
0.08069533
0.22322828
0.06890219
-0.41165045
0.39868887
-1.13193101
-0.41456136
-0.16256993
-1.15916181
-1.17290031
-1.68325553
0.37240650
1.39564053
-2.77504134
0.36914419
-0.97486354
-0.41932477
1.66035626
-0.70421530
0.08607849
0.94413528
-0.73621587
0.01218823
-0.42604976
1.26954574
-1.30342022
-0.23431353
-0.08366762
0.51110589
-0.16516075
0.67558689
-0.54243509
0.13892669
0.38959286
-0.27543577
0.11989878
-0.84477174
-1.39288618
0.00350409
0.13924371
0.39912814
0.01728189
0.08806563
-0.46044979
-0.26168386
-0.39011804
-0.37990594
-0.63584061
-0.81415043
-1.18445063
0.57903192
0.95518122
-0.37665483
0.85935047
-1.34518493
-0.59165658
-0.79061975
-0.05254583
0.30050562
0.73683018
0.28860046
-1.12240603
1.39749908
-0.28296825
0.79894551
-0.92305927
-1.41749176
-0.23026901
1.66531379
0.02346367
-0.28708116
-0.58486811
0.29744176
-0.50291739
-1.16907771
-0.32256662
-0.74482032
0.23485348
-1.48720578
-2.22415531
-1.12918108
-1.94190746
-0.05537254
-0.50219178
0.01320235
-0.16450617
-1.10917316
0.03555449
-0.12189217
-1.00960961
-0.80005673
-1.04492435
-0.43031169
0.69280700
0.07134179
-0.18285167
1.60050034
-1.06824456
-0.34662610
-0.70323196
-0.53969526
-0.81502519
0.54326467
1.34887464
0.21384888
0.39694611
-0.95076422
-0.57691592
0.37588478
-0.34653918
0.35999279
-0.00315703
-0.14940376
-0.98294117
0.37324130
-1.31685795
-1.02810189
-0.01032402
0.11117156
0.13497446
-0.03142704
0.27308736
0.16291192
0.02576452
-0.54910984
-0.35414600
-0.18290928
-1.12760591
0.49547922
-0.88014423
-0.03964365
-1.62646356
-0.17269840
-0.55914487
0.30040903
-0.38975475
0.16916671
-0.12142296
-0.70409544
1.51558110
-0.75464064
-0.10789354
-0.72586070
-0.03324222
0.55886114
1.48631672
0.33538553
0.65683916
-1.12709597
-0.05576303
-1.36779532
0.04328870
1.53511481
0.88565423
-0.43717046
-0.25178087
0.64539971
-0.22762906
-0.48528685
-0.08745216
-0.74542085
-0.01910420
0.24170898
-1.23643575
-0.26954521
0.09602415
0.17944058
0.10403687
-0.10811253
-0.83478462
2.18463108
-0.48989984
-0.10058177
0.51679383
0.49378591
-0.77497480
0.40579108
-0.81486881
-0.42060855
-0.11947446
-0.03501613
-1.07780007
0.49529097
-0.42381016
1.47002451
-0.27481501
0.34425319
-0.86980790
-1.14413312
0.68151416
-1.46349999
0.20155149
0.11268234
0.06725619
-1.07583160
-0.96594643
1.33994879
-1.13860370
-0.70666943
-0.93108871
-0.43555681
-0.59932284
-1.04986996
-1.41510607
-0.92095613
-0.53986809
0.46484510
-1.65611216
-0.99810721
-1.12513132
-0.65992309
-1.76939252
-1.55791028
-0.53479538
-0.07927324
-0.14621733
0.00807448
0.64102023
-1.10105737
0.54024133
-1.39252358
0.78378340
-1.24520481
-0.88645359
-0.10576078
0.18969621
-0.50181220
-0.34767813
-0.18671953
-0.76846890
0.00424162
0.32921202
-0.91231321
-0.37318210
0.71551545
-0.29930542
-0.73870658
-1.05767634
-1.18088910
0.20892910
0.07001620
-0.74490442
-0.40855184
0.84255286
-0.72833809
-1.11696219
-0.39158490
0.14543144
0.63826257
-1.11588134
-0.79731063
-0.19295018
-0.90439850
2.08454946
-0.62430607
0.40557003
-0.01979907
-0.61101302
0.11314398
-1.67031830
-0.01537705
-0.43406693
1.06512885
-1.08823677
-0.25427299
0.00227992
-0.16740025
-1.71359330
0.44611971
-1.14258788
0.19256339
0.43319551
0.42759980
-1.38825461
-0.88621452
0.01116553
-0.01037817
-0.39016272
0.25251103
-1.30779491
0.09105027
0.55609699
-1.39451077
0.09502844
-1.09903985
1.37811954
1.67966904
0.19575309
-0.65055874
-0.42118151
-0.78204532
0.06396828
1.81272862
0.40139440
-0.79879327
-0.21061725
-1.02847884
-1.96774950
-1.59071683
-1.04099032
-0.30183038
0.03428492
-0.42283702
-1.28743178
-0.33974458
0.07709156
0.39023047
-0.47443537
0.54690900
0.58695518
0.76948477
-1.78968558
-0.08868326
0.67714016
-1.38722814
-1.49098434
-1.46197386
-0.34527496
-1.42572086
-0.88611772
-0.10453470
0.94946774
-0.83742477
-1.74718004
0.70765753
-1.34570744
1.49824435
-1.13237508
-0.19687923
-0.39922978
-1.36923522
-0.25132554
-0.05148333
-0.85892956
-0.79050972
0.16027307
-1.11217896
0.34805809
-0.12300489
-1.08720494
0.87566585
-0.88213022
0.37367194
-1.77651187
-0.16364710
-1.67573727
-1.13777216
-0.02196376
-0.48468339
-0.67019579
-0.47834367
-0.08460475
-0.88342590
1.86920556
0.72620657
0.20053307
-0.71269668
0.11643856
-1.39726514
-0.50352358
0.04904730
-1.19265709
-0.76521911
0.00726559
0.98613287
-1.16900586
