2.59642504
1.35953464
-0.29697991
0.12953959
-1.46493362
2.42176054
3.39712653
0.12993480
0.05371569
0.09705891
0.16201284
0.79584137
0.87395522
0.07733591
0.16371569
0.26423821
0.87002483
1.90441037
-0.63182930
1.35976369
-2.82012988
-0.04282162
2.16203015
0.16731707
1.07771558
0.03424522
2.19179815
0.67299856
0.83386773
-0.21520826
0.08902876
0.06387541
1.48707512
1.62914831
0.68620479
0.85783535
1.61082252
0.06402452
0.00568208
0.07619110
1.40035124
0.17534753
1.07711048
-0.47853441
0.91775089
0.45744719
0.13802946
-0.12299032
2.10805189
-0.99053470
-0.33830275
0.01402953
-0.17472402
-0.26489920
0.25381175
0.01306409
1.04733048
2.21635199
-1.02059968
1.06670151
0.07916177
0.10963207
-0.89884676
0.09131613
0.05412330
3.03243929
0.24979585
-1.34524490
-0.98263558
-0.88946493
1.04101617
2.07770590
0.16827488
-0.14332895
0.42902991
-0.17434358
-0.07505241
-0.00916299
0.19632471
0.98016032
0.08215352
-0.21488983
1.86733179
0.19350687
0.65590259
0.04173349
-1.39542958
-0.61463773
-0.17221880
-1.47838466
1.66289972
-0.04904785
-1.77046443
1.73997880
-0.01494153
1.54889644
1.36488446
0.06696085
0.58173595
-0.15672857
1.68914164
2.73773231
0.02931868
-1.30975344
-0.27176307
0.36613677
0.01882999
-0.26584065
0.34167207
-0.89943685
1.70116138
0.55046398
2.31757310
0.86369003
0.18588924
0.30822194
1.78205747
-0.56626623
0.16401365
1.90985162
0.59352770
0.09291943
-0.46159108
2.24384069
0.11612498
-0.01549964
0.45183723
-0.98831704
0.06625759
-0.08566762
1.39308554
0.66890366
1.18274446
2.01024567
0.29518000
-0.05052801
0.15695312
-0.53363758
0.07028953
0.07079856
0.38548162
0.22657283
1.39758466
0.36168568
-0.04272458
1.62899409
0.49576461
-0.08594679
1.89504599
-1.00516446
0.12518916
1.98125651
-0.12586409
0.26771783
-0.18110244
1.34057029
-0.00587811
-0.13672585
-0.61547441
0.12339021
0.13870609
-0.14277579
0.05237677
-1.04220994
0.19477997
1.56298344
2.28484547
1.33786105
0.98054065
-1.62639127
1.56365964
1.75904005
1.28983763
2.44702498
-0.01965295
0.20226921
0.02168688
-0.04219472
0.06973227
1.10577675
-0.05979682
0.08799115
-0.00603592
-1.53187042
0.41980860
-0.07342915
-0.10347661
1.76479867
1.25403104
-0.00085123
0.84597435
-0.15326670
0.34288201
-0.98827446
-0.09927337
0.44167866
1.45208123
-0.14511038
0.01354958
-2.24880595
-0.46761759
0.08181315
1.30367598
-0.00087684
0.69135462
0.42868497
1.98073609
1.89203492
1.63443914
2.98418194
0.02830822
0.99176595
-1.40287182
0.76462395
0.41921023
0.61731353
0.10993803
0.02235038
-0.31213561
0.62228863
-0.15712402
-0.10609885
-0.17232145
0.02756650
-1.42778884
0.16062378
0.09308991
-0.08814823
0.53477444
0.04763263
0.62954779
1.36044910
-0.51500800
2.13838018
-2.05024786
0.21634374
1.32123345
0.72181555
-0.25258972
-1.09112552
-0.01812386
1.41261500
-0.63157087
0.12868055
2.54457632
1.96643782
0.01172659
1.01346703
0.05117033
0.24083589
-0.39731895
-0.47122433
-0.03563096
0.22432693
0.10712741
-0.90070764
0.32961837
0.50256235
-0.95432367
-0.04593099
1.68461741
-0.08689278
0.39112082
-0.03211765
0.12621728
0.04108219
-0.26260402
-0.58748539
0.23518381
0.29513052
1.03514243
-0.01477931
0.02034211
0.04314696
0.02096409
-1.30856568
-0.02265384
-0.06549257
2.99436794
-0.34904724
2.15102320
0.10412703
-0.46959972
1.30658690
-0.08801598
-0.83899633
0.50102911
0.06396849
2.38045557
-0.03226329
0.03606394
-0.07257616
0.47321267
-0.16409485
0.37589206
0.30379549
-0.38622535
1.52367426
-1.49079498
0.27559034
1.87607101
0.51327146
-0.09841374
0.46023752
-0.63912942
1.91468870
0.04990094
0.90162646
1.75077037
0.21577035
-0.40814883
1.42613196
0.09616700
-0.54855048
1.76891532
2.09900757
0.08936090
0.98694881
1.14745887
0.24821461
2.66515763
1.24578427
0.01227303
-0.02826694
0.06404512
-0.02901414
-0.34687749
0.15644413
0.89102965
-1.19174848
1.66705153
-1.47815615
0.25224992
1.19949677
0.19639717
1.65158901
1.05659887
0.31459191
0.12148423
2.39503266
-0.14704211
-0.40101477
0.11580627
0.15943501
0.19716412
-1.31801145
2.08278759
-0.02177161
0.15785200
2.11933958
0.07360660
0.16788516
0.46207303
-2.17429838
1.46845200
1.42373597
0.09173413
0.56972549
0.06496179
0.41754541
-0.81437598
0.03443976
1.08162819
-0.01152926
1.16587112
-0.00815702
1.12817016
-0.42827924
2.14346138
0.02277464
1.36410060
1.03543658
-0.59619759
-0.19644784
1.08845200
0.05883923
0.05426055
1.55371589
-2.08879779
0.10142895
1.21702131
1.15207696
-0.23642941
1.46262845
0.04618942
2.56570051
3.33741157
0.70345647
0.34273723
2.72841590
0.93829154
0.10368798
2.25095740
-0.89447121
-0.06065521
-2.08768713
2.19206538
0.60673324
0.99054407
-1.53688964
0.16909828
0.84167603
-0.04343338
1.96883701
0.17854811
0.03436906
-0.08849590
0.42902022
1.80746773
2.36061031
-1.58185537
-0.00378391
-1.03688229
1.87748054
0.86568793
0.21413877
-2.32107065
1.96767151
0.22309293
-1.06519454
0.87475860
-1.07258343
0.14358634
1.73775518
0.12347069
-0.42266667
3.00935837
0.77139492
1.27388875
0.14147352
0.84876759
0.29738528
3.25069252
1.21502086
-2.12033483
0.42828128
0.09741468
-0.77927432
0.21501743
1.45627774
0.60782523
0.05694365
0.30766928
1.13907828
0.39811918
-3.59602745
-0.15535068
5.97945018
1.32066653
-0.03664323
2.09067283
0.01502757
1.66936901
2.43189720
1.33639807
0.15001516
-0.61887401
0.22347119
2.20325633
1.48098455
-0.42398597
-0.17600329
0.01067538
0.34981895
1.80826082
1.68361405
1.52640922
0.13732973
0.79026189
-0.74655539
0.71327001
0.70050455
0.33807853
0.20965738
0.05935460
-0.02151175
2.17859488
0.89836181
0.91167751
1.66134484
2.25108894
0.05698088
-1.18583274
0.91172829
1.13178240
0.39496227
2.08417986
-0.09638599
2.84072882
-0.18253392
2.57209418
2.04347624
1.79100396
0.40017527
-0.29491580
1.69659223
1.65662241
0.37417007
-0.73249207
-0.59068402
2.76575193
-0.02670940
0.13483255
-0.08334360
0.06233306
-0.64384677
1.63492394
0.54396012
1.40064234
-0.21496801
-0.46909586
0.58764980
0.06886588
3.25128011
0.96830164
1.22629101
-0.12520135
0.52628166
-0.34761410
-0.18215928
0.38255048
0.01184983
1.83389651
-1.10345360
-0.01430491
0.36425024
-0.36144590
1.73268951
1.05009471
0.55963675
1.87312158
-0.11224304
0.02946281
-1.58059769
-0.54813630
0.65954646
1.52664562
1.95045663
-2.32272115
2.23309092
0.42683472
0.61030920
3.58185839
0.71610946
0.00360584
-0.97062134
0.23610528
0.95896530
1.67653160
1.72222459
0.28896057
2.22449387
1.49889536
-0.06848016
1.18049833
-0.50664804
1.97185553
-0.20970627
0.84187533
-0.33430759
-1.69912024
0.51678664
0.28537799
1.31859083
0.12580285
0.07293857
-0.42810696
0.62752048
1.12166456
0.58704715
0.60306023
0.19409542
0.22429693
0.02480533
-0.73893985
1.77425651
