4.95119626
2.18511907
-0.19271110
1.23833515
1.26567874
3.30751762
0.88291200
0.72127994
0.59008268
0.63327173
6.59789964
2.81956347
-2.70546042
3.79528411
1.47714537
2.45038709
0.28461462
0.10745497
2.95474194
0.31930367
0.48420944
0.00868708
2.69053016
1.57656031
10.00000414
1.52004367
-0.10020105
-0.00274024
4.72177233
5.42366532
1.52506622
1.74265218
1.86345312
4.76316658
0.90029323
0.70947672
4.22451252
1.40477545
0.45888358
0.40946060
-4.15687952
8.56911921
2.39890003
0.60216305
1.29408884
19.15926316
0.09907154
0.11458653
0.08765306
0.17345704
-0.74783260
0.40758400
1.21441204
7.38670641
1.42237624
3.51182703
0.82077529
-13.26535462
-0.37219504
0.09224186
1.36515403
5.88765329
12.36698844
2.88754498
