5.00000000
2.12500000
-0.25000000
1.25000000
1.25000000
3.25000000
0.87500000
0.75000000
0.62500000
0.62500000
6.62500000
2.87500000
-2.75000000
3.75000000
1.50000000
2.50000000
0.25000000
0.12500000
3.00000000
0.37500000
0.50000000
0.00000000
2.75000000
1.62500000
10.00000000
1.50000000
-0.12500000
0.00000000
4.75000000
5.37500000
1.50000000
1.75000000
1.87500000
4.75000000
0.87500000
0.75000000
4.25000000
1.37500000
0.50000000
0.37500000
-4.12500000
8.62500000
2.37500000
0.62500000
1.25000000
-12.87500000
0.12500000
0.12500000
0.12500000
0.12500000
-0.75000000
0.37500000
1.25000000
7.37500000
1.37500000
3.50000000
0.87500000
-13.25000000
-0.37500000
0.12500000
1.37500000
5.87500000
12.37500000
2.87500000
