-0.99517847
-0.58909278
-0.17650823
0.14238963
-0.45596283
0.18208882
-0.14426407
-0.33036508
0.13249880
-0.31055407
-0.87405232
-0.63329423
-0.36886065
-0.52591639
-0.62516086
0.17410461
-0.04494760
-0.27505632
0.07090039
-1.10736401
-0.39851735
-0.30535417
-0.22056608
-0.46737612
-1.05428231
-0.46423983
-1.07077821
-0.69579075
-0.15198179
-0.71133646
-0.85179047
-0.23159613
0.04169008
-0.64267617
-0.25627128
-0.88298818
-0.42514704
-1.13843547
-0.40448867
-0.40096794
-1.14633842
-0.41479923
-0.14080576
0.00291661
0.02783113
0.06070382
-0.84401754
-0.10262163
-1.17783749
-0.29635099
0.19768088
-0.52375175
-0.75206431
-0.16463715
-0.69456166
-0.53335904
-0.73665510
-0.24278007
-0.24966472
-0.55113874
-0.19763495
-0.68828426
-1.06408431
0.24582238
-0.85149278
-0.55766355
-0.03754125
-0.99013826
-1.04562656
-0.65148949
-1.00457987
0.06523752
-0.30473677
-0.02895458
-0.75965024
-0.99060666
-0.74255389
0.04944008
-0.80187914
-0.01553046
-0.32412552
-0.87328402
-0.24356715
0.31502052
-0.34180419
0.25034421
-0.52198047
0.19957772
-0.32478599
-1.14575449
-0.09872404
-0.82245824
-0.73827504
-0.16183065
0.14898177
-1.00467406
-0.44262570
-0.28459673
0.12572590
-0.51610767
-0.61441280
-0.43482871
-0.47268787
-0.43696589
0.01249231
0.03121477
0.14289212
-0.19499836
-0.54084070
0.05644623
-0.47959709
-0.21955686
0.40967982
-0.21774272
-0.20966589
-0.40964280
-0.00786514
-0.43441290
-0.58872996
-1.20316410
-0.78094538
-0.09174620
-0.18917538
-0.07074187
-0.23718436
-0.62270653
-1.96598938
-0.20507295
-0.88685617
-0.88282544
0.11229721
-0.93744392
-0.25236133
-0.67161082
-0.57304706
-0.94148493
-0.24615823
0.11956878
0.23274608
-0.28106650
-0.07190496
-1.20263207
0.24533016
-0.96546839
-0.75549167
-0.34375054
-0.32978091
-0.33159169
-0.15367711
-0.24935223
-0.42832434
-0.18742334
-0.86572181
-0.49585216
-0.64630164
-0.10965300
-0.39800603
-0.02585482
-0.90164324
-0.63781948
-0.48958662
-1.28897739
-0.15049741
-0.60535605
-0.96378564
-0.83728758
-0.23751350
-0.19040318
-0.53094314
0.01854519
-0.66873805
0.29552644
-0.65343269
-0.43956205
-0.36617603
0.23952606
0.24043328
0.04744972
-0.05314682
-0.06372756
-0.10411190
-0.45870942
-0.76736206
0.37656040
-0.04448061
-0.52327310
-0.47098704
0.02451801
-1.30407180
-0.04709220
-0.52492085
-0.20740785
0.08436571
-0.15136975
-0.40183824
0.05054430
-0.93518465
-0.43544245
0.03787127
-0.21462217
-0.32535315
-0.39180542
-0.69758548
-0.15922883
-0.10934430
-0.40894009
-1.25764342
-0.30149918
0.03274806
-0.04531127
-0.65636163
-0.99443413
-0.05276168
-0.83566652
-0.66433293
-0.09962880
-0.94769009
-0.65640055
-0.35564862
0.13968516
-0.84924391
0.18573313
-0.56052566
-0.05091663
-0.74583522
-0.81521828
-0.48803443
-0.58035543
-0.55991949
-0.83143878
-0.13280323
0.49152133
-0.82308216
0.08459246
-0.17515657
-0.17955174
-0.28396213
-0.30774471
-0.10371751
-0.76133896
-0.48840909
-0.66754531
-0.45907785
-0.89029638
0.16000828
-0.45532910
-0.73499151
-0.68917136
-1.09970734
-0.29477783
-0.50957542
-0.51575373
-0.37780444
-0.33948179
-1.22712598
0.30999222
-0.19335884
-0.76895389
-0.40252156
-0.15744203
-0.73614103
-1.09768694
-0.57570410
-0.60375722
-0.48861738
-1.24792978
-0.89884390
-0.02910800
-0.16755468
-0.76275240
0.08660102
-0.32324555
-0.13952555
-0.24532147
-0.29500915
-0.59247088
-0.18885915
-0.18782529
-0.03142514
-0.24077913
0.32790685
-0.68908112
0.24849680
-0.40612947
0.15514790
-1.09161365
-0.15276462
-0.31566949
-0.45070922
-0.83780662
0.10080395
-0.75997696
-0.29800806
-0.22045249
-0.93165416
0.15642986
0.07175999
-0.03236585
-0.87430355
-0.97496798
-0.92417291
0.13136868
-0.47846853
-0.25028031
0.00451357
-0.02280964
-0.08411225
0.23397305
-0.01550361
-0.52443998
0.06625382
-0.63890896
-0.38123367
-0.02619717
-0.87043952
-0.94199518
-1.04547625
-1.00636394
0.01841830
0.45863080
-0.76578507
0.07430478
-0.54593861
0.27483104
-0.07147283
-0.73579167
-0.35312331
-0.24934391
-0.16083355
-0.02924781
0.01409970
0.02236831
-0.71582243
-0.43122549
-0.55828515
-0.43083597
-1.14458104
-0.36454950
0.20698273
-0.01609572
-0.67857372
-0.64584608
-0.45767409
-0.19371763
-0.37727601
-0.91792761
-0.17367304
-0.69100574
-0.71013820
-0.76758613
-0.38949602
-0.02642830
-0.54393288
-0.37844239
-0.34283783
0.27849759
0.02687978
-0.77095753
0.15980932
-0.19635898
-0.21908437
-0.96026451
0.03049864
-0.20844098
-0.44699563
-0.80038073
-0.72192687
-0.46692365
-0.23927790
0.31066291
-0.78281141
0.11392743
-1.15425230
-0.88300235
-0.38509958
-0.86482789
-0.10386738
-0.67973437
-0.37750493
-0.17127758
-1.01342180
0.39053428
-0.04074450
-0.79114305
-0.40745685
-0.37622511
-0.56202570
-0.33183056
0.08816352
-0.48160461
-0.60741271
-0.87687821
-0.72356146
-0.57636270
-0.61183834
-0.51113581
0.09209866
-0.33233439
-0.65445679
-0.92603390
-0.44428553
-0.47138525
-0.34935240
-0.60279661
-1.26827009
-0.40902989
-0.79827396
-1.14251388
-0.66405702
-0.41883462
-0.47815023
-0.56067910
-0.14676169
-0.81984817
0.03116978
-0.85831335
-0.54617964
-0.96741066
-0.70299834
-1.17404183
-1.07574024
-0.68283500
-1.05858990
-0.34399437
0.04347830
-0.51403707
-0.72602158
-0.32972069
-0.16371976
-0.13619355
-0.42239513
0.07546156
-0.16515349
0.05198833
0.22957074
-1.16560739
-0.13853485
-1.12906311
-0.87111042
-0.94734075
-1.07149428
-0.30845331
-0.92743569
-0.36989481
0.20749449
-0.61016493
-0.72448893
-0.20054376
0.10765528
0.28362784
-0.22215120
-0.10528341
-0.46561876
-0.23339870
-0.44904645
-0.54593530
-0.45368452
0.24300847
-0.25537329
0.32346647
-0.32960944
-0.53771754
-0.45649063
-0.73178609
-0.17432569
-0.73806282
-0.85379730
-0.49440444
-0.78526526
-0.23199460
0.25099905
-0.18874161
0.15638037
-0.90904496
-0.65041794
0.36776319
-0.57413031
-0.50028573
0.14253923
0.08139935
-0.31877258
-0.11947523
-1.12442540
-0.00712335
-0.61911044
-0.39934756
-0.13691727
-0.52205369
-1.64564640
-0.51327879
-0.59633696
-0.82307156
-0.00855787
-0.80000811
-0.34599174
-0.86401768
-0.19983111
-0.89289885
-0.43346821
-0.22842659
-0.90837616
-0.50275838
0.13656403
-0.15881710
-0.28999604
-0.64526384
-0.23977468
-0.65580902
-0.62258424
-0.26358146
-0.06645360
0.00517325
-0.83918461
-0.09911963
-0.69331926
-1.07805559
-0.44915272
-1.27001554
-0.59193416
-0.29750117
-0.30711121
-0.25751825
0.21028339
-0.55168997
-0.17633842
-0.40837828
0.06554020
-0.57548279
-0.09840419
-0.04609885
-0.46594385
-0.88623140
-1.05672329
-1.33050292
-0.55683362
-0.07213094
0.45217787
-0.28591277
-0.42944724
-0.85244648
-0.39810925
-0.04370943
-0.36765825
0.27941214
-0.87404581
-0.34593093
-0.15547169
-0.24907449
-0.80816899
-0.85914427
-1.05953836
-0.64904454
-0.08311613
-0.29359933
-0.74745621
-0.46858375
-0.52545141
-0.92507435
-0.27924762
-0.73374130
0.01738064
-0.92369421
-0.83961353
-0.28879754
-0.31723353
-0.20319915
0.40189751
-0.87359485
0.10136399
0.24310316
0.01463902
-0.94325093
-0.30294424
-0.64588794
0.06895531
-0.20284995
-0.92622326
-0.86569162
-0.83386503
-0.75417637
-0.54693127
-0.17047476
-0.32124896
0.17294015
-0.51465911
0.35827786
0.02936768
-0.14250246
-1.00258676
0.06730854
-1.00348369
-0.39231863
-0.62045375
-1.06784020
-0.02545846
-0.17376235
-0.29214600
0.28616948
-0.64425183
0.03296894
-0.56240472
0.34815785
-0.18303900
-0.02760807
-0.77320664
-1.00459908
-1.03544482
-1.14934490
-0.19455891
-0.57595934
0.00345049
-1.02071481
0.20708441
0.00111509
-0.12949500
-0.64887226
0.23017896
-0.36378772
-1.08476260
-0.04551176
-0.33924710
-0.36325883
-0.68989941
-0.32474283
-0.68905230
0.27649880
-0.79735018
0.25238935
-0.79717628
-1.65274521
0.06276305
-0.54667624
-0.05710383
-1.05002019
0.18704870
-0.10417039
-0.81066732
-0.04102943
-0.88361265
0.27998442
-0.19332162
-0.56704199
-0.46026443
-0.37863231
-0.81631633
-0.09368379
-0.22037318
-0.45944947
-0.58953107
-0.39960613
-0.64204797
-0.33349491
-0.41752564
-0.79012232
-0.50711193
-0.91954833
-0.50089261
0.19666450
-0.49833400
-0.22045525
-0.59832425
-0.73343421
-0.19251917
-0.50762009
-0.38807542
-0.79285495
0.25637923
-1.08996223
-0.61560797
-0.60939446
-0.69129621
-0.34632715
-0.85417111
0.03427195
-0.59430488
-0.77773722
0.18406015
-0.86488481
0.08703325
-1.29969928
0.12885859
-0.31972769
-1.00113858
-0.81289483
-1.18764299
-1.30231101
-0.41532068
-0.42394745
-0.53267782
0.06903788
-0.50814149
-0.35711466
-0.51011429
0.22682278
0.19609210
-0.94788197
0.04762351
-0.25239819
-1.36072506
0.06693163
-0.74190551
0.12199683
0.19768782
-0.14529691
-0.90399254
-0.14795242
-0.98665605
-1.04045939
-0.73958049
-0.21842557
-0.59286136
-0.73333719
-0.75448144
-0.56265407
-0.97187608
-0.80778461
-0.23449043
0.21034443
0.17610265
-0.15928235
-0.18730180
-0.03508131
-0.80006771
-0.48102179
-0.53973573
-0.72465044
-0.64195613
-0.03013171
-0.59828480
-0.29395677
-0.67211975
-0.30436713
-0.73305808
-0.64548195
0.50651302
-0.29701918
-0.18965729
-0.45951688
-0.47163378
-1.11438640
-0.53017511
-0.47828994
0.03108226
-0.55724233
-0.64838177
-0.36808570
-1.06591243
-1.03256286
-0.97796195
0.05373036
-0.28502235
-1.23496220
0.10739951
-0.17189078
-0.90513892
-0.29967596
-0.12790498
-0.01125726
-0.05478990
-0.19710367
-0.49428757
-0.49616703
-0.65266869
-0.70852834
0.00456424
-1.11010668
-0.69738600
-0.06219757
-0.56618781
-0.47795431
-0.52138034
-0.49675250
-0.80452672
-0.44109224
-0.40878301
-0.55724713
-0.82001435
-0.59801345
0.61560113
-0.01366060
-0.19494418
-0.71024491
0.40075509
-1.15493150
-0.06515348
-0.26494058
0.43628924
-0.90961952
-0.02691149
-0.59664945
-0.61523659
-0.73587884
-0.83081454
-0.75884051
0.15330462
-0.33291142
0.03563904
0.26967068
-0.36156563
-0.42451182
-0.12937943
0.17468015
0.02332230
-0.02800327
-0.43240757
-1.20998431
-0.02756040
-0.27667701
-0.68173093
-0.83560184
-0.28098048
-0.24084621
-0.43008727
-0.89941774
-0.58807148
-0.99654027
-0.66447645
-0.79626061
-0.61850118
-0.44984727
-0.95658967
-0.24672388
-0.37630177
-0.41219475
-0.32716738
-0.32748535
-0.22450368
-1.16412202
-0.41070123
-0.64818926
-0.30146450
-0.23330637
-0.31320238
-0.19349807
-0.33100112
-0.26812934
-0.19036190
-0.40637874
-0.10535844
-0.72610078
-1.11193986
-1.00229906
-0.21776287
-0.90636508
-0.58638475
-0.86321619
0.25893530
-0.20546248
-0.85943124
-0.85219494
-0.60252968
-0.48020301
-0.70021957
-0.38259427
-0.30574438
-0.39559300
-0.15954913
-0.43785618
-0.65013794
-0.04738794
-0.07171286
-0.60796370
-0.76833842
-0.69866927
-0.32662525
-0.10417513
-0.33892626
-0.14108011
-0.33627677
-0.44453189
-0.59890415
-0.33966717
-1.00982584
0.00062104
-0.16908235
-0.32601768
-0.40014569
-0.84815195
-0.03629976
-0.49812287
-0.01776664
-0.30305971
0.16335679
-0.35801184
-0.76841137
-0.79705571
-0.40882846
-0.41470004
0.01294617
-0.31166282
-1.40475400
-0.02224918
0.01443043
-0.49585684
-0.19683521
-1.07834873
-0.89006673
-0.12429259
-0.28280152
-0.16302258
-0.58151797
-0.20078188
0.20236543
-0.35604761
-0.51295293
-0.40762791
-0.75484770
-0.29926202
-0.31769043
-0.09537861
-0.26489214
-0.96955114
-0.83406501
-0.18933048
-0.84045263
-0.37679362
-0.06735835
-0.37112470
-0.83534349
-0.10514140
-0.84153633
-0.91361446
-0.00196893
-0.69314105
-0.44839123
-0.96757973
-0.51410370
0.62939890
-0.45134136
0.15932017
-0.08100579
-0.22761191
0.22600916
-1.00223455
-0.51891738
-0.32914969
-0.79168835
-0.40251521
-0.52178690
0.23086277
-0.89505261
-0.74839100
-0.74810987
-0.80985903
-0.23413989
-0.49198974
-0.22920541
-0.45227277
-0.26758851
-0.52207887
-0.03561183
-0.79182752
-0.42099723
-0.49139186
-0.79095405
-0.17434470
-0.33042755
-0.37726215
-0.62334917
0.10919110
-0.27838961
0.05495801
-0.27091758
-1.09251204
-1.25625561
0.29603142
-0.15381862
-0.17649969
-0.83437216
-0.53098870
-1.02317076
-0.98396402
-0.34464505
-0.88567461
-0.55937912
0.36748191
0.25958033
-0.08867381
-0.72282154
-1.04529453
-0.31764635
-0.33752300
-0.38507848
0.07128038
-0.95127065
-0.01823922
-0.60518306
-0.45695566
0.49666305
-0.46247118
-0.42799678
-0.11382961
-0.08706306
-0.76885072
-0.02677908
-0.74532694
-0.37894185
-1.05052789
-0.30198839
-0.37239760
-0.83106996
-0.41550887
-0.79812404
-0.23290623
0.06133115
-0.02117352
-0.70121096
-1.37243795
0.33082512
-0.71593867
0.14526349
0.21666795
-0.28651787
-0.64067535
-0.50347039
-0.47682029
0.38675917
-0.34656217
-0.08727691
-0.46253938
0.05045920
-0.28232593
-0.44411540
-0.52276854
0.32879256
-0.29448839
-0.27616116
-0.45804578
-0.93182717
-0.19299943
-0.89923583
-0.10725043
-0.56413941
0.30497176
-0.82034441
-0.35037715
-0.94205689
-0.88743048
-0.64695957
-0.03566857
-0.12130269
-0.39866413
-0.44842261
-0.89458674
-0.46079135
-0.09311264
-0.21797257
-0.23600506
-0.55531482
-0.73530198
-1.14834977
-0.02944424
-0.67193242
-1.49366260
-0.59631886
-0.02223248
-0.58221876
0.00079125
-0.06666714
-0.07166088
0.22362778
-0.54200202
-0.19526625
-0.66175548
-0.76943181
-0.83357258
-0.79841100
0.10675597
0.26767716
-0.52392755
-0.10957102
-0.75468756
-1.12159638
-0.13590212
-0.89438058
-0.39594908
-0.31274349
-0.44787053
-0.59984798
-0.96131943
-0.46820760
-0.58114380
0.17349608
-0.49466858
-0.28646780
0.45016319
-0.01146610
-0.65671905
-0.70606160
-0.81702961
-0.45968825
-0.78664192
0.04537824
0.35341485
0.04282359
-0.72355513
-0.55278700
-0.51156863
-0.47555881
-0.44241531
-0.93917488
-0.56870587
-0.00852722
0.20622440
-0.40798549
-0.09860168
-0.36674573
-0.06851192
-0.30751654
-0.36595499
0.39896136
0.51454559
-0.80340133
-0.47694974
0.00890693
-0.63368427
-0.34467787
-0.94731281
-0.46747860
-0.49788493
0.30691929
-0.46688976
0.19555238
-0.48179404
-0.55839701
-0.13939490
-1.05949469
-0.10673688
-0.50018235
0.20549529
-0.10503989
0.05844811
-0.20332117
-0.83880907
-0.46408490
-0.14019577
0.47805937
-0.72370088
-0.61247248
-0.05440343
-0.98566234
-0.57422069
-0.03516345
0.15155751
0.08343994
-0.88276125
-0.92817887
-0.18450964
-1.15887721
-0.35587733
0.45347396
-0.62381702
-0.48447031
0.70318298
0.16460377
-0.28537008
-0.92028237
-0.80967311
-0.37370647
-0.10345105
-0.28481397
-0.18223332
-0.10903440
-0.66695351
-0.06809251
-0.48530470
-0.05611940
-0.21828433
-0.89075190
-0.63672851
-1.06554538
-0.70761178
-0.58099938
0.19615743
-0.65531765
-0.96722245
-0.31958333
-0.13250300
-0.27324166
-0.61060782
-0.77772925
0.13001812
-0.31441634
0.62799834
-0.73493211
-0.33091141
-0.75737970
0.09651595
-0.21419636
0.32941754
0.01828021
-0.34247443
-0.36661929
-0.41700389
0.61815974
-0.55449820
-0.58900044
-0.23448821
-0.08359005
-0.04622716
-0.48917226
-0.02886864
-0.53744855
0.11769920
-0.10631135
-0.37789585
-0.79401219
-0.83276633
-0.74504431
0.15764054
-0.66547470
-0.06412592
-0.01329119
-0.68618937
0.24968805
0.26509747
-0.82016340
-0.08322337
-0.01213694
-0.70155840
0.02330981
-0.20144656
-0.12501724
-0.21090215
-0.03262145
-0.44391102
-0.63811779
-0.50726325
-0.54590323
0.15213697
-0.77483067
-0.24121213
-0.30564891
-0.74683001
-0.06097623
-0.79950564
-0.04557216
-0.76879843
0.23419749
0.06869932
-0.60883366
-0.26793483
-0.59648870
-0.56623673
-0.32108745
0.39168494
-0.73841708
0.02037726
-0.71583299
0.19396160
0.20135074
0.04869469
-0.17404813
-0.12545534
0.43559403
-0.66030896
0.06391852
0.20759272
-0.60593639
-0.82120429
0.12111226
-0.94963876
-0.15066255
0.21423298
-0.61751189
-1.07898204
-0.09870604
-0.44600319
0.03851814
-1.25806834
-0.35625034
-0.60836073
-0.63352908
-1.46837181
-0.44330511
-0.39507108
-0.62712481
-0.16854189
-0.29104396
-0.96531618
