-1.59375000
3.43750000
1.53125000
2.15625000
2.75000000
2.90625000
3.68750000
2.78125000
3.12500000
3.50000000
3.12500000
2.90625000
2.40625000
1.93750000
3.21875000
-3.81250000
2.75000000
3.18750000
2.03125000
0.78125000
2.43750000
-3.28125000
1.93750000
3.96875000
1.93750000
3.18750000
2.43750000
-3.71875000
3.18750000
3.46875000
1.37500000
-3.34375000
2.06250000
-3.75000000
2.56250000
3.18750000
1.25000000
2.81250000
2.84375000
3.53125000
-3.78125000
3.84375000
3.40625000
1.50000000
1.40625000
2.37500000
1.90625000
2.81250000
2.25000000
1.78125000
2.90625000
2.59375000
0.56250000
2.75000000
2.90625000
1.75000000
1.00000000
1.71875000
1.59375000
1.81250000
2.84375000
2.75000000
3.40625000
-3.06250000
3.28125000
3.15625000
1.87500000
3.50000000
2.53125000
2.37500000
2.68750000
1.93750000
2.43750000
1.34375000
3.31250000
2.31250000
-2.84375000
2.71875000
-3.53125000
3.34375000
3.46875000
-0.65625000
2.37500000
3.06250000
2.93750000
2.12500000
-3.53125000
1.43750000
2.90625000
2.59375000
3.00000000
1.71875000
-3.34375000
-0.78125000
3.59375000
1.56250000
2.65625000
1.31250000
2.62500000
2.56250000
1.84375000
1.18750000
0.03125000
2.40625000
2.87500000
3.25000000
3.15625000
2.81250000
1.28125000
-3.28125000
1.75000000
3.28125000
2.12500000
3.18750000
3.37500000
2.75000000
3.12500000
2.75000000
3.46875000
3.40625000
2.62500000
-3.68750000
2.03125000
3.18750000
2.96875000
2.84375000
3.50000000
2.06250000
1.93750000
3.09375000
3.96875000
2.09375000
2.46875000
3.37500000
2.40625000
3.40625000
3.06250000
-3.37500000
-3.75000000
3.96875000
1.71875000
2.50000000
2.00000000
2.75000000
2.90625000
2.37500000
1.71875000
1.84375000
0.84375000
-3.96875000
2.81250000
2.68750000
2.81250000
3.65625000
2.68750000
2.31250000
3.12500000
2.93750000
2.37500000
2.40625000
2.43750000
1.90625000
2.68750000
1.84375000
2.90625000
2.90625000
2.03125000
-4.00000000
3.87500000
2.68750000
2.96875000
2.34375000
2.75000000
3.15625000
3.15625000
1.96875000
3.84375000
1.84375000
1.62500000
1.09375000
1.31250000
-3.96875000
3.84375000
0.93750000
1.87500000
1.50000000
2.56250000
-3.56250000
-3.81250000
3.56250000
3.62500000
1.43750000
