-1.59993541
3.43484449
1.53215384
2.14630342
2.75190997
2.91891789
3.68417549
2.78471065
3.13929081
3.50507307
3.11836267
2.91581845
2.41556978
1.94738853
3.22535467
4.19781828
2.75355744
3.19221473
2.02809787
0.78510058
2.42207885
4.70804262
1.93106425
3.97070456
1.93806124
3.17263174
2.44754815
4.26951313
3.19809127
3.46919179
1.36406028
4.66512537
2.07771564
4.26021147
2.57126904
3.19741535
1.24529994
2.80360603
2.84979010
3.51984620
4.23065996
3.85705042
3.41015124
1.49516022
1.40488899
2.37947416
1.90335286
2.82374072
2.26384854
1.77990866
2.90230322
2.57837343
0.57483482
2.76095080
2.90779424
1.76400959
1.00411081
1.71478927
1.60313356
1.81902778
2.84530187
2.76559210
3.39961219
4.95262432
3.29051256
3.14256024
1.87710047
3.50847220
2.51906991
2.38224244
2.67959666
1.95053101
2.42920208
1.34462833
3.31496024
2.31774426
-2.84073377
2.70574355
4.46463346
3.35770226
3.46905589
-0.64916992
2.38619566
3.05489326
2.92598462
2.12585044
4.45906401
1.44159162
2.90053344
2.60424542
3.00110912
1.71254754
4.65902948
-0.79441482
3.58802104
1.57632089
2.67083597
1.30308247
2.63864017
2.57718301
1.83008552
1.17987871
0.04442219
2.41697693
2.87953520
3.26459050
3.15731740
2.81639385
1.27101183
4.71852541
1.74127996
3.28392744
2.13910937
3.18158984
3.37791681
2.76390290
3.11254692
2.73910308
3.48265839
3.40282798
2.63195133
4.30576801
2.03735662
3.19191766
2.96978998
2.82908010
3.49120855
2.07138920
1.92423487
3.10523748
3.96139836
2.07939649
2.46286869
3.37716937
2.41987586
3.40693188
3.07589340
4.63824701
4.25443077
3.97274280
1.72647011
2.51203275
2.01529598
2.75100112
2.90338731
2.36367726
1.72687185
1.83080983
0.83261323
4.04146957
2.81424212
2.67807651
2.82363319
3.66497445
2.69666100
2.30785489
3.13742089
2.92924976
2.37511134
2.41446304
2.43755007
1.91534793
2.67821407
1.83285940
2.91413236
2.90008140
2.03561091
3.99467754
-4.11266804
2.68133473
2.95985603
2.33200121
2.74889898
3.15576625
3.16328812
1.98072219
3.83493471
1.85187292
1.62777042
1.10231447
1.32787049
4.04541492
3.83717179
0.92492872
1.87677038
1.51095116
2.56060243
4.44152069
4.18359184
3.55476856
3.61060214
1.42272472
