0.03074638
-0.00983806
-0.01572908
-0.00944632
-0.01041847
-0.00421347
-0.01327949
-0.00510378
0.01809743
-0.00428516
-0.02222426
-0.00463977
-0.00713796
-0.00184461
0.00010690
0.00076102
-0.00588832
-0.00624939
-0.03431476
-0.02243056
-0.00279154
0.00131807
-0.00643023
-0.01170535
-0.00860259
-0.00238748
-0.00629963
-0.00506021
0.00427089
-0.04598684
-0.01951841
-0.00463672
-0.01173633
-0.00133009
-0.00315973
-0.04439700
-0.07072501
-0.01615512
-0.00213606
-0.01968664
0.03259230
-0.00903110
-0.01846462
-0.01836158
-0.07661431
-0.00730434
-0.00272804
-0.00313801
0.00503759
-0.00739971
-0.00296584
-0.02090340
-0.13869916
-0.00271054
-0.00388980
-0.13360597
-0.01658155
0.00117119
0.00235149
-0.00649016
-0.00314223
-0.00087100
-0.00334391
0.00252013
-0.01050681
-0.01057895
0.00113231
-0.01701029
-0.12142604
-0.00371851
-0.05723658
-0.01203365
-0.00279446
-0.01424611
-0.00655016
-0.05022082
-0.00594135
-0.00735575
0.00009277
-0.00238832
-0.00239921
-0.03555638
-0.00240401
-0.01640279
-0.03474765
-0.02398314
-0.02038608
-0.00271789
-0.00126804
-0.00574347
-0.00490984
-0.00499009
-0.00265224
-0.40939695
-0.00116733
-0.00217795
-0.00081786
-0.00489233
-0.00174426
-0.00230187
-0.00270216
-0.02268537
-0.09166915
-0.00078544
-0.00540619
-0.01443748
-0.00355286
-0.00863868
-0.01853801
-0.01358466
-0.00453543
-0.01933687
-0.10731204
-0.08745497
-0.02599718
-0.01654381
-0.00724569
-0.00265004
0.01876556
-0.00422648
-0.00885534
-0.00115178
-0.00550655
-0.01506419
-0.00512312
-0.00285707
-0.04351556
-0.00412055
-0.00814327
-0.00602932
-0.02759009
-0.02434635
-0.00331945
-0.01902609
-0.00041103
-0.00228950
-0.01525749
0.00108280
-0.00346725
-0.00310883
-0.00442806
-0.00191924
0.00350938
-0.02899186
-0.00209533
-0.02414099
-0.00635508
-0.00862001
-0.07534835
-0.00468703
-0.00627373
-0.03047512
-0.00423832
0.00036418
0.01680461
-0.00343719
-0.01082607
-0.00188821
-0.00507448
-0.00830813
-0.00428365
0.00012422
-0.05163818
0.00404035
-0.00362144
-0.01883757
0.00023827
-0.00393545
0.00372165
0.07357548
0.00115179
0.00257463
-0.04104078
-0.02414538
-0.02071408
-0.00319034
-0.00057697
-0.03972608
-0.00882870
-0.01538144
-0.01737415
-0.00674856
-0.00167262
0.06900346
-0.01027970
-0.01199410
-0.00682524
0.00197770
-0.00323857
-0.00211004
0.02255795
0.00112436
-0.25226569
0.07977916
-0.02349839
0.06582737
0.17806885
-0.01594669
0.11572871
-0.00153050
-0.50491863
0.00778604
-0.00287173
-0.02025184
0.00406752
0.00903248
0.05883130
-0.66862696
0.01897805
0.12867372
0.25209934
-0.06025407
-0.05393668
-0.52272201
0.04102994
0.17520894
-0.01742673
0.04668626
-0.03703251
0.14138810
0.12559046
0.09185783
0.05406984
0.03767040
-0.05488954
-0.00462173
0.08296522
0.14256993
-0.33541310
0.13872761
0.07280227
0.13636185
-0.67122543
0.05863845
0.05467985
0.01528005
0.17085159
-0.00206008
0.04884688
0.03092082
-0.06257102
0.05976554
0.07138919
-0.01432091
-0.36822006
0.06756158
0.13954613
-0.52394307
0.07206011
0.05626680
0.08605422
0.02182187
0.00292453
0.05130152
0.04207865
-0.07441657
0.07211784
-0.05294122
0.05664589
0.10292639
0.18834758
0.02626553
-0.56601286
-0.05108708
0.01831318
-0.01959921
-0.15978597
-0.42045897
0.60382485
0.14309269
0.10109039
0.02414371
0.02965535
0.37037635
0.07473763
0.02295919
-0.68978506
-0.46339288
0.00814357
0.08920324
0.07398719
0.01981124
0.10172591
0.09695055
0.04468521
-0.24997130
0.05884083
0.09501053
0.04904035
0.02583896
0.03745056
0.04111087
0.05279416
0.01021377
0.39187646
0.08253303
0.03037046
0.04010914
0.00688966
0.12733594
0.08445761
0.04856482
0.09637348
-0.67901313
0.17072459
0.05947195
0.14067918
0.12117462
0.06790899
0.04783915
0.08195247
0.02564684
0.01897817
0.05392022
0.01752203
0.04619777
0.00426374
0.02642877
0.12929025
-0.00324099
-0.00235020
0.02616134
0.09835739
-0.25588301
0.03511846
0.12531860
0.06754902
0.02942991
0.00568063
0.00835677
0.00616647
-0.08511318
0.03545257
0.05097623
-0.07358803
0.12271645
0.01978005
-0.53828031
0.10149728
0.02344198
0.32493779
0.08192150
0.01232780
0.12144482
0.06729837
-0.02684150
0.20314369
-0.01423386
-0.01224012
-0.08190009
0.04323940
-0.39205819
0.05640934
0.06030897
0.12502804
-0.08611244
0.03182086
0.04664541
-0.00260256
-0.02839130
0.78118986
-0.48472121
0.06637207
-0.10510972
0.04709684
0.11494151
0.12916754
0.01679885
0.05348669
0.20589529
0.01957736
-0.03791581
0.12653594
-0.05878437
0.04047582
-0.25572652
0.02854522
0.11533923
0.01019266
-0.71347988
0.06073096
-0.03288309
0.05623867
-0.03436871
-0.05205930
-0.00452852
-0.00810287
-0.00651462
0.00582878
-0.00162259
-0.01465613
-0.00220830
0.00735170
-0.00372997
-0.01198493
-0.00338244
-0.00414973
0.00071670
0.00128361
-0.00169618
-0.00498966
-0.00078219
-0.02753017
-0.00890654
-0.00093672
-0.00237860
0.00156535
-0.01011269
-0.00516469
-0.00252914
-0.00563850
-0.00731381
0.00156051
-0.03341575
-0.01213276
-0.00753957
-0.01682394
-0.00128046
-0.00223182
-0.04528856
-0.01031848
-0.01743698
0.00089205
-0.01395249
0.02016709
-0.01187803
-0.01816043
-0.01533548
-0.08153294
-0.00701987
0.00172274
-0.00332685
0.00759270
-0.00770810
-0.00246740
0.00735101
-0.13693464
-0.00383217
-0.00397908
-0.11770386
-0.00840478
0.00583677
0.00661105
-0.00460727
-0.00170211
0.00142825
-0.00182074
0.00078171
-0.00224930
-0.01174914
0.00785828
-0.01013033
-0.13080844
-0.00201052
-0.04483063
-0.00569237
-0.00172326
-0.00429528
-0.00574910
-0.01803913
0.00060371
-0.00562433
-0.00289447
-0.00051638
-0.00146820
-0.05047544
-0.00098915
-0.02287789
-0.02444801
0.00175697
-0.01211889
-0.00070501
-0.00242417
-0.00150702
-0.01385061
-0.00355829
-0.00449593
-0.42649934
-0.00321479
0.00430202
0.00095415
0.00311211
-0.00288884
-0.00167145
0.00251692
-0.02052979
-0.07957439
0.00012599
-0.00361509
-0.00669387
-0.00247733
-0.00550094
-0.02005453
-0.01223745
-0.00056302
-0.01815975
0.12778632
-0.05525172
-0.01618322
-0.02291200
-0.00351646
-0.00004840
0.02427531
-0.00279019
-0.00258746
0.00057819
0.00071479
-0.00985841
-0.00524376
-0.00163660
-0.03165682
-0.00105375
-0.00237229
0.00065137
-0.02319323
-0.01261221
-0.00219161
-0.00711747
0.00107258
-0.00034778
-0.00731002
0.00196769
-0.00189367
0.00012412
-0.00291920
-0.00037873
0.00538460
-0.02615169
-0.00189649
-0.01805121
-0.00091615
-0.00335131
-0.08435386
-0.00588570
-0.00485902
-0.03267416
-0.00212374
0.00076051
0.03007604
-0.00210445
-0.01694337
0.00090891
-0.00342212
-0.00089263
-0.00541213
0.00522275
-0.04401930
0.00571553
-0.00291771
-0.01652876
0.00059076
-0.00309028
0.00361981
0.08133291
0.00246614
0.00213164
-0.03196615
-0.02167973
-0.02954999
0.00057738
-0.00091726
-0.03708116
-0.00780230
-0.00669193
-0.01289205
-0.00530799
0.00010789
-0.01147575
-0.00676125
-0.00898948
-0.00676827
0.00033433
-0.00122134
-0.00516812
0.01691480
0.00699797
0.02209334
-0.00713123
-0.00243921
-0.00598435
-0.01059319
-0.00313275
-0.00929409
-0.00354887
-0.00685550
-0.00310610
-0.01245962
-0.00337835
-0.00465156
0.00213924
-0.00002174
-0.00010383
-0.00487640
-0.00709393
-0.01380401
-0.03155968
-0.00245461
-0.00583604
-0.00429440
-0.00759797
-0.00826044
-0.00067700
-0.00475718
-0.00777018
0.00398926
-0.05202737
-0.00030334
0.00250138
-0.00060156
-0.00125940
-0.00125794
-0.03743358
-0.00194641
-0.01008573
-0.00016548
-0.01074530
0.01905388
-0.01208013
-0.02365817
-0.00335401
0.00935130
-0.00414017
-0.00045884
-0.00179892
0.00399037
-0.00478824
0.00034416
-0.00048362
-0.12517567
-0.00169195
0.00199407
-0.05633388
-0.01006427
0.00165600
0.00306466
0.00316545
-0.00273455
-0.00224264
-0.00494096
0.00349855
-0.00616471
-0.00008774
0.00419310
-0.01208843
0.02751791
-0.00225525
-0.00424709
-0.00670602
-0.00284452
0.00332032
-0.00569411
-0.01558787
-0.00451525
-0.00010361
-0.00166634
-0.00280906
-0.00078659
-0.01034571
-0.00293399
-0.01148516
-0.01384603
-0.03268909
-0.01013982
0.00024568
0.00002581
-0.00658339
-0.01321795
-0.00018205
-0.00085008
-0.44321889
-0.00034260
0.00080572
-0.00112370
0.00310606
0.00085163
-0.00229906
-0.00030301
-0.00469233
-0.06288451
0.00072731
-0.00407604
-0.00717631
-0.00123444
-0.01076209
-0.00324877
-0.00857274
0.00337723
-0.01786833
-0.15684140
-0.04802772
-0.01408378
-0.01191054
-0.00002722
-0.00165342
0.01015739
-0.00331601
-0.00494371
-0.00116965
-0.00219785
-0.00595731
-0.00413711
-0.00173263
-0.06071554
-0.00220740
-0.00542781
-0.00675728
-0.01881585
-0.03634967
-0.00033351
-0.01108202
0.00030414
0.00171947
-0.01082567
0.00179856
-0.00335900
-0.00461123
-0.00221311
-0.00084215
0.00353504
-0.02550943
-0.00084387
-0.01744509
0.00010377
-0.00470006
0.01847065
-0.00317128
-0.00445307
-0.03309046
-0.00411004
0.00113036
-0.02165335
-0.00092321
-0.00709528
0.00017837
-0.00079982
0.00064363
-0.00206500
0.00376132
-0.03772732
0.00422140
-0.00216664
-0.01508848
0.00093614
-0.00391448
0.00162727
0.07087289
0.00209505
0.00209727
-0.02298710
-0.02525940
-0.03137320
-0.00272632
-0.00060951
-0.03159279
-0.00051934
-0.01332279
-0.00992642
-0.00681850
-0.00160380
0.01271832
-0.00751090
-0.00636766
-0.00458299
0.00063424
-0.00259042
0.00016586
0.02046148
0.01034521
0.11433613
-0.00878281
-0.01416580
-0.00856680
-0.01873342
-0.00381707
0.00176806
-0.00498622
0.03377597
-0.00388728
-0.02449590
-0.00421073
-0.00693689
-0.00674941
-0.00019742
0.00070442
-0.00684460
-0.00541139
-0.04876404
-0.03349920
-0.00209820
-0.00171366
-0.00583659
-0.01322244
-0.01062085
-0.00092939
-0.00700153
-0.00399235
0.00242313
-0.02556194
-0.02300316
-0.00077203
-0.00538212
-0.00226285
-0.00183666
-0.03400336
-0.08612017
-0.00733113
-0.00345432
-0.01864300
0.02902370
-0.00975671
-0.02692015
-0.02003847
-0.07127950
-0.00496209
-0.00138928
-0.00197782
0.00339213
-0.00381027
-0.00163345
-0.02505513
-0.10781062
-0.00039527
0.00699943
-0.17424439
-0.01761045
0.00005414
0.00369905
-0.01080757
-0.00408500
-0.00172697
-0.00302002
0.00324235
-0.00906068
-0.00977277
0.00169955
-0.01740061
-0.05701704
-0.00447685
-0.08368888
-0.01420949
-0.00311286
-0.01898011
-0.00482814
-0.10181286
-0.00404339
0.00134885
0.00211991
-0.00312635
-0.00180985
-0.03301880
-0.00210308
-0.01532387
-0.02885605
-0.04556515
-0.02284940
-0.00312404
0.00113400
-0.00773075
-0.00633033
-0.00462147
-0.00306359
-0.42430031
-0.00200406
-0.00526042
-0.00204153
-0.00392738
0.00031483
-0.00383093
-0.00187670
-0.01971424
-0.13760437
-0.00158104
-0.00531288
-0.01207446
-0.00252578
-0.00686934
-0.01861981
-0.01348270
-0.00694950
-0.02475357
-0.19458374
-0.10553016
-0.02493317
-0.01699542
-0.00996599
-0.00425199
0.01047124
-0.00358450
-0.01090834
-0.00140378
-0.00481265
-0.01189910
-0.00424547
-0.00230777
-0.04907992
-0.00313018
-0.00930955
-0.00756638
-0.02708011
-0.04933570
-0.00000967
-0.01633844
0.00059093
-0.00308653
-0.02124570
0.00347263
-0.00350633
0.00034681
-0.00152807
-0.00112427
0.00318026
-0.03649852
-0.00259110
-0.00942172
-0.01177499
-0.00992237
-0.14649512
-0.00208551
-0.00533349
-0.03383560
-0.00449637
0.00082063
-0.00768955
-0.00182524
-0.00937735
-0.00224836
-0.00307217
-0.03010467
-0.00305615
0.00191086
-0.04960716
0.00407243
-0.00464053
-0.01705766
-0.00013053
-0.00538817
0.01343961
0.07617974
0.00110191
0.00169423
-0.03752895
-0.01654334
-0.02225578
-0.00358544
0.00060756
-0.03400522
-0.01316439
-0.02091068
-0.01490353
-0.00715909
-0.00057639
0.04953200
-0.00717039
-0.01607457
-0.00575435
0.00355188
-0.00411054
0.00310467
0.02866605
0.00197597
0.07607324
-0.00928278
-0.00961211
-0.00951233
-0.01443124
-0.00476889
-0.01223596
-0.00460746
-0.01018870
-0.00379311
-0.01436734
-0.00359166
-0.00632544
-0.00010269
0.00003961
-0.00058129
-0.00646474
-0.00932596
-0.02378754
-0.02900380
-0.00409452
0.00028598
-0.00462442
-0.00680376
-0.00841452
-0.00186117
-0.00403061
-0.00134847
0.00167604
-0.06318202
-0.00447164
0.00031738
-0.00373366
-0.00142989
-0.00291756
-0.03634773
-0.00867706
-0.00858268
-0.00086078
-0.01668341
0.02479029
-0.00931239
-0.02293288
-0.00809168
0.00120187
-0.00578012
-0.00253183
-0.00245308
0.00437276
-0.00734670
-0.00170887
-0.00830489
-0.18333635
-0.00304288
-0.00116813
-0.02661553
-0.01087072
-0.00020917
0.00216770
0.00231026
-0.00313918
-0.00064053
-0.00166830
0.00428086
-0.00571224
-0.00436509
0.00123616
-0.01361974
-0.06017256
-0.00260724
-0.02218589
-0.00735711
-0.00312617
0.00250520
-0.00337803
-0.02690967
-0.00211725
-0.00391969
-0.00039963
-0.00383305
-0.00223494
-0.02832929
-0.00307263
-0.01392546
-0.01697461
-0.02802689
-0.01140584
-0.00120857
-0.00179140
-0.00402185
-0.00800673
-0.00301270
-0.00226416
-0.47206593
-0.00042146
0.00001946
-0.00072122
-0.00085881
-0.00153933
-0.00379255
-0.00287621
-0.00611497
-0.07988337
-0.00093566
-0.00477290
-0.00907081
-0.00254890
0.00347243
-0.00366367
-0.01108484
0.00032391
-0.01901306
-0.10735722
-0.03671101
-0.02226095
-0.01409700
-0.00268385
-0.00087921
0.01502817
-0.00363189
-0.00642012
-0.00128900
-0.00483698
-0.00635322
-0.00525962
-0.00245255
-0.04716697
-0.00348257
-0.00714745
-0.00769894
-0.02253907
-0.01856281
-0.00379512
-0.02026345
-0.00069087
-0.00137127
-0.01695281
0.00241176
-0.00276765
-0.00632602
-0.00437746
-0.00128887
0.00427072
-0.03294459
-0.00036053
-0.01602200
-0.00442892
-0.00659551
-0.01196341
-0.00382493
-0.00597322
-0.02951260
-0.00330618
0.00045583
0.00108875
-0.00328150
-0.00966776
-0.00051618
-0.00336236
-0.01540942
-0.00349144
-0.00008506
-0.05214660
0.00557112
-0.00172470
-0.01085147
0.00058931
-0.00283176
0.00404804
0.07461525
0.00206757
0.00049100
-0.04176681
-0.02991767
-0.01348549
-0.00347838
-0.00197398
-0.04220977
0.00104489
-0.01483855
-0.01131727
-0.00614232
-0.00248161
0.00269327
-0.00980886
-0.00413138
-0.00434078
-0.00007886
-0.00303717
-0.00592241
0.02070695
0.00583772
0.03234948
-0.00671587
-0.01187718
-0.00726198
0.00275521
-0.00287242
-0.00895199
-0.00374774
0.01584157
-0.00362058
-0.02160189
-0.00413468
-0.00530199
-0.00102783
-0.00060916
-0.00217906
-0.00580363
-0.00742033
-0.03318761
-0.01682147
-0.00167663
-0.00094432
-0.00056845
-0.01314062
-0.00700202
-0.00263597
-0.00561229
-0.00638958
0.00188568
-0.03550382
-0.01654519
-0.00535928
-0.01007158
-0.00174046
-0.00187626
-0.04720784
-0.03624235
-0.01073664
-0.00031170
-0.02027310
0.02346553
-0.01044046
-0.02520097
-0.01617406
-0.07824483
-0.00471045
-0.00118742
-0.00313127
0.00629548
-0.00594688
-0.00286996
-0.00259161
-0.13257137
-0.00280246
-0.00308470
-0.13856408
-0.01065583
0.00309892
0.00536628
-0.00787451
-0.00397224
0.00143572
-0.00174499
0.00204518
-0.00375762
-0.01019037
0.00387709
-0.01645463
-0.11178143
-0.00309888
-0.06097296
-0.00791287
-0.00211288
-0.00975668
-0.00604076
-0.04511617
-0.00001045
-0.00444914
-0.00177490
-0.00163303
-0.00186369
-0.03517774
-0.00116275
-0.02147189
-0.01708008
-0.02555665
-0.01231714
-0.00131703
-0.00104842
-0.00292332
-0.00946095
-0.00292315
-0.00444179
-0.44637045
-0.00282212
-0.00004991
-0.00037071
0.00280236
-0.00146487
-0.00195698
-0.00065619
-0.02358412
-0.09263133
-0.00004518
-0.00392379
-0.00817264
-0.00263485
-0.00297349
-0.02004651
-0.01319272
-0.00332278
-0.02004609
0.03928750
-0.06307662
-0.02128586
-0.02175368
-0.00694266
-0.00077956
0.02145382
-0.00246757
-0.00459167
0.00000473
-0.00318761
-0.01114906
-0.00496826
-0.00229364
-0.03476467
-0.00246082
-0.00586608
-0.00274847
-0.02690817
-0.02503201
-0.00184579
-0.01846704
0.00059599
-0.00109230
-0.01427570
0.00242948
-0.00254351
0.00012927
-0.00312225
-0.00056599
0.00527753
-0.03559512
-0.00175420
-0.02450981
-0.00589597
-0.00464563
-0.10036249
-0.00341161
-0.00604888
-0.03750483
-0.00320707
0.00041845
0.01893212
-0.00337721
-0.01532250
0.00005917
-0.00405063
-0.01147054
-0.00533150
0.00292897
-0.05395767
0.00612152
-0.00346024
-0.01793882
0.00128886
-0.00400871
0.00954795
0.08979253
0.00192057
0.00222504
-0.03673518
-0.01891504
-0.02091220
-0.00010557
-0.00137833
-0.03294080
-0.00894987
-0.01171894
-0.01399467
-0.00616404
-0.00136477
-0.01315691
-0.00711609
-0.01041134
-0.00607109
0.00132875
-0.00237532
-0.00304836
0.02310020
0.00613537
0.06487812
-0.00937201
-0.00435692
-0.00763969
-0.01206495
-0.00480699
-0.01126659
-0.00466426
-0.00098768
-0.00387461
-0.01677503
-0.00397125
-0.00615768
0.00139117
-0.00093879
0.00025855
-0.00680907
-0.00742732
-0.01908026
-0.03746229
-0.00392545
-0.00333416
-0.00812372
-0.00941177
-0.01002603
-0.00102737
-0.00596490
-0.00483790
0.00310711
-0.06491980
-0.00695886
0.00145436
-0.00024066
-0.00105290
-0.00127459
-0.03329531
-0.04862434
-0.00438411
-0.00185518
-0.01619035
0.02510008
-0.00883764
-0.02905734
-0.00730009
-0.01413673
-0.00567516
-0.00373327
-0.00136656
0.00334124
-0.00427681
0.00021937
-0.02263705
-0.12361094
-0.00154334
0.00222656
-0.07186517
-0.01368588
-0.00139002
0.00089610
0.00170352
-0.00364746
-0.00314634
-0.00362917
0.00317083
-0.01126308
-0.00159846
-0.00032731
-0.01362381
-0.02096937
-0.00299215
-0.02492879
-0.01092523
-0.00300280
-0.00190206
-0.00568762
-0.03189160
-0.00469152
-0.00496876
0.00206633
-0.00464582
-0.00184019
-0.01757486
-0.00328167
-0.01223556
-0.01762314
-0.05103343
-0.01470935
-0.00133760
-0.00003211
-0.00681676
-0.00458828
-0.00113653
-0.00024375
-0.46985289
-0.00011393
-0.00280733
-0.00203308
0.00050576
0.00058930
-0.00486311
-0.00407983
-0.00763361
-0.06739581
0.00001102
-0.00523501
-0.01338746
-0.00233200
-0.00741747
-0.00421551
-0.01037829
0.00018381
-0.01920146
-0.24970305
-0.06371406
-0.01936030
-0.01007558
-0.00517379
-0.00380766
0.01152249
-0.00392179
-0.00817596
-0.00145073
-0.00647368
-0.01020210
-0.00444907
-0.00224165
-0.05353442
-0.00409479
-0.00913024
-0.01051763
-0.02196454
-0.03473990
-0.00100406
-0.01808573
-0.00098606
-0.00089891
-0.02058776
0.00200565
-0.00379863
-0.00579072
-0.00255496
-0.00087940
0.00263109
-0.03049055
-0.00218629
-0.02235811
-0.00490372
-0.00920456
-0.00434160
-0.00343864
-0.00574418
-0.03075244
-0.00363047
0.00078421
-0.01204560
-0.00193449
-0.00779393
-0.00209237
-0.00296873
-0.00636823
-0.00201068
0.00015219
-0.04249895
0.00340743
-0.00364301
-0.01569660
0.00019255
-0.00577380
0.00308113
0.07620385
0.00135888
0.00177210
-0.03211918
-0.02519388
-0.02364805
-0.00557195
-0.00012600
-0.04113267
-0.00072931
-0.02176418
-0.01093300
-0.00831680
-0.00304396
0.04944900
-0.00963385
-0.00885689
-0.00491322
0.00143313
-0.00333825
-0.00176897
0.02231281
0.00742635
0.02064500
-0.00827146
-0.01560435
-0.00669007
0.01067034
-0.00267901
-0.00545009
-0.00462007
0.04360409
-0.00459363
-0.02254460
-0.00474501
-0.00641831
-0.00231805
0.00042374
0.00057390
-0.00556548
-0.00366203
-0.03619763
-0.02513553
-0.00105059
-0.00052176
-0.00377706
-0.01355391
-0.00987941
-0.00177538
-0.00822661
-0.00975194
0.00426474
-0.01923503
-0.02927866
-0.00612679
-0.01214858
-0.00120886
-0.00345977
-0.04804648
-0.08358213
-0.01443066
-0.00247735
-0.01637237
0.02871811
-0.00942253
-0.02455029
-0.02418594
-0.11043488
-0.00515576
0.00022498
-0.00242511
0.00504599
-0.00487371
-0.00333465
-0.01962648
-0.07081684
-0.00215401
-0.00017354
-0.22847484
-0.01947658
0.00425878
0.00460303
-0.01253909
-0.00321846
-0.00177154
-0.00407418
0.00039443
-0.00968138
-0.01086422
0.00515416
-0.01429777
-0.09225715
-0.00378701
-0.08049638
-0.01411259
-0.00311611
-0.02232468
-0.00864858
-0.07811240
-0.00593332
-0.00355840
0.00079194
-0.00149853
-0.00219077
-0.03633605
-0.00243836
-0.01795358
-0.03612633
-0.03811999
-0.02339766
-0.00287731
-0.00077521
-0.00682031
-0.00523487
-0.00490738
-0.00322662
-0.39540794
-0.00190608
-0.00175162
-0.00137237
-0.00679328
-0.00181964
-0.00222082
0.00010901
-0.03291960
-0.09837061
-0.00082047
-0.00568848
-0.01245211
-0.00305535
-0.02006148
-0.02745388
-0.01432743
-0.00644156
-0.02225259
-0.12279302
-0.11593747
-0.01939707
-0.01822188
-0.01089174
-0.00461949
0.01472269
-0.00374262
-0.01016872
-0.00103652
-0.00304892
-0.01379447
-0.00436891
-0.00239521
-0.04095549
-0.00193512
-0.00815596
-0.00391881
-0.02803098
-0.05005079
0.00030669
-0.01590493
-0.00030015
-0.00101366
-0.01558770
0.00199983
-0.00360607
0.00084426
-0.00336494
-0.00167138
0.00390410
-0.02936003
-0.00357990
-0.02512758
-0.01028863
-0.00875336
-0.12550870
-0.00336681
-0.00597558
-0.03591263
-0.00507668
0.00054315
0.00562519
-0.00185923
-0.01310597
-0.00241406
-0.00380248
-0.00984557
-0.00500888
0.00391461
-0.04003340
0.00485309
-0.00540481
-0.02419339
0.00059801
-0.00710146
0.00832298
0.07670391
0.00060134
0.00348258
-0.03011297
-0.02186303
-0.03195045
-0.00048597
0.00018730
-0.04016329
-0.01632384
-0.01969051
-0.02160734
-0.00646736
-0.00069444
0.10765004
-0.00860364
-0.02023479
-0.00856850
0.00229998
-0.00334414
0.00178510
0.02584943
0.00192378
0.07053784
-0.00795080
-0.00881810
-0.00828403
-0.01298523
-0.00403903
-0.00979396
-0.00380576
-0.00286517
-0.00260443
-0.01738897
-0.00282364
-0.00542396
-0.00089158
-0.00045547
-0.00030965
-0.00665936
-0.00648548
-0.02722635
-0.02163909
-0.00237693
-0.00060676
-0.00339537
-0.00885516
-0.00574410
-0.00225732
-0.00419054
-0.00227256
0.00123898
-0.04619736
-0.00722246
-0.00032924
-0.00409565
-0.00135748
-0.00070471
-0.02484873
-0.01138826
-0.00305782
0.00014415
-0.01959344
0.02145047
-0.00832813
-0.02431153
-0.00996368
-0.01901692
-0.00374893
-0.00246432
-0.00185002
0.00616930
-0.00601131
0.00022620
-0.00219310
-0.17200032
-0.00198226
0.00186797
-0.05963857
-0.01148751
0.00000138
0.00336286
0.00022547
-0.00298699
0.00043765
-0.00089183
0.00435992
-0.00581343
-0.00653047
0.00182915
-0.01324930
-0.06620642
-0.00241213
-0.04058553
-0.00744717
-0.00282040
0.00260814
-0.00461565
-0.03279609
0.00056558
-0.00229584
0.00091220
-0.00321195
-0.00152066
-0.02579511
-0.00183042
-0.01810788
-0.01209372
-0.03256825
-0.01175365
-0.00005530
-0.00039100
-0.00312592
-0.00380996
-0.00280359
-0.00265320
-0.49287277
-0.00099506
-0.00013933
-0.00041419
0.00298915
-0.00097032
-0.00407740
-0.00227951
-0.00623682
-0.09650349
-0.00052347
-0.00347506
-0.00659847
-0.00236161
0.00258029
-0.00537258
-0.01047957
-0.00122697
-0.02057144
-0.05050612
-0.04262504
-0.02208330
-0.01911522
-0.00044075
-0.00004178
0.01863221
-0.00236934
-0.00444655
-0.00079468
-0.00415135
-0.00793003
-0.00517049
-0.00142989
-0.04483116
-0.00371345
-0.00637275
-0.00560068
-0.02276591
-0.02130882
-0.00229401
-0.01852003
0.00106855
-0.00053564
-0.01286767
0.00335463
-0.00280450
-0.00391425
-0.00294716
-0.00019286
0.00364022
-0.03166852
0.00034159
-0.01575219
-0.00466927
-0.00684880
-0.06998856
-0.00372556
-0.00614104
-0.02817871
-0.00171485
0.00101753
0.00909716
-0.00251044
-0.01368731
0.00017166
-0.00269619
-0.01531892
-0.00203501
0.00117470
-0.06091041
0.00439584
-0.00156471
-0.01264168
0.00070556
-0.00174432
0.00778168
0.08710197
0.00247115
0.00030953
-0.03893714
-0.01680469
-0.01290587
-0.00357396
-0.00147885
-0.03654847
-0.00030871
-0.01301618
-0.00928205
-0.00613390
-0.00208541
-0.02289111
-0.00933780
-0.00610438
-0.00382935
-0.00041002
-0.00286118
-0.00479661
0.02224542
0.00688688
-0.02341210
0.12312731
0.09713005
0.01527162
0.16847296
0.05494830
0.12893181
0.04793279
0.15905140
0.08934388
0.11874935
0.11294974
0.04734588
0.05418026
0.06597713
-0.07142001
0.04911210
0.17424814
0.08589516
0.11416098
0.09499767
-0.10507419
0.09445876
0.19060940
0.06735532
0.07427842
0.07926925
0.23037688
0.09972271
0.14903933
0.06523976
0.20184284
0.09469177
0.01061577
0.11332294
0.11506372
-0.30742937
0.14355829
0.06074325
0.15269461
-0.04696563
0.14351909
0.16512156
0.08838385
0.16999799
0.02905542
0.03430733
0.08125044
0.15310794
0.05780736
0.12803562
0.10663029
0.12748936
0.07765469
0.12823680
0.15887254
0.07488067
0.03680718
0.03917143
0.07098459
0.09779394
0.10212298
0.00695481
0.01037669
0.16196690
0.06611265
0.04462130
0.14749891
0.11868979
0.08350611
0.18622786
0.03419460
0.09091952
0.06579004
0.14836332
0.14101037
-0.02234185
0.15412433
0.19654265
0.11273210
0.11637963
0.01008574
0.10077985
0.10698324
0.27192885
0.10504089
-0.03689599
0.07872899
0.09874671
0.10617183
0.09045888
0.08769234
0.22620088
0.14643049
0.09056978
0.05437360
0.06353357
0.12756190
0.11830053
0.08072166
0.04120409
0.10212559
0.13019291
0.12206918
0.00619675
0.14686616
0.02973533
0.16393188
0.05856720
0.17333251
0.05946891
0.31203240
0.12267433
0.09603263
0.14191045
0.20947315
0.12273431
0.02557331
0.25493261
0.09690799
0.06700072
0.05930497
0.07375453
0.16932899
0.02919440
0.08707039
0.21368782
0.04074214
0.05704787
0.16529645
0.16751376
0.05902088
0.02947114
0.15452123
0.05698025
0.15404339
0.08817513
0.10495782
0.05774599
0.18108237
0.05074979
0.02875909
-0.00709409
0.14818630
0.01421903
0.14789990
0.05205435
0.02319727
0.11712602
0.19392782
0.01569789
0.17433602
0.12739259
0.05902657
0.21041282
0.08602776
0.10960761
0.01881229
0.07682770
0.09581357
0.11855712
0.01827016
0.12903465
-0.02852168
0.01088166
0.12818579
0.01297039
0.19141918
-0.22941369
0.17033371
0.07903846
0.13816532
0.11920335
0.13229732
0.15097591
0.13021904
0.10567935
0.10419443
0.07942868
0.13561139
0.07838573
0.05668115
0.09693038
-0.23779958
0.04484374
0.08590864
0.10128185
0.26061633
0.09010973
0.11358307
0.21066329
0.14285055
0.07051920
-0.00967516
-0.01261050
-0.00843313
-0.02203941
-0.00438011
-0.01090154
-0.00488569
0.01287309
-0.00373285
-0.02046997
-0.00467855
-0.00773597
0.00006717
-0.00109494
-0.00069027
-0.00755594
-0.00499973
-0.03745812
-0.03321275
-0.00408939
-0.00154220
-0.00800955
-0.01211050
-0.01030806
-0.00224698
-0.00665396
-0.00338499
0.00323253
-0.05201140
-0.01750999
-0.00099221
-0.00503804
-0.00130443
-0.00162174
-0.02916524
-0.07553671
-0.00879145
-0.00138425
-0.01962608
0.02870046
-0.00795571
-0.02706007
-0.01412181
-0.06593869
-0.00654482
-0.00358514
-0.00172666
0.00336692
-0.00539760
-0.00111187
-0.02206643
-0.10942349
-0.00193126
0.00102773
-0.13579719
-0.01869480
-0.00086076
0.00137356
-0.00362434
-0.00418625
-0.00204639
-0.00254780
0.00308929
-0.00978949
-0.00573777
-0.00108914
-0.01692970
-0.08295029
-0.00333150
-0.05414231
-0.01335279
-0.00339298
-0.01038468
-0.00716811
-0.05166550
-0.00307886
-0.00497420
0.00308516
-0.00424923
-0.00220872
-0.03101387
-0.00254656
-0.01885369
-0.02594374
-0.05258138
-0.01765629
-0.00315895
-0.00020525
-0.00662378
-0.00025707
-0.00373142
-0.00104203
-0.47526246
-0.00124495
-0.00343062
-0.00232682
-0.00150612
-0.00069360
-0.00495957
-0.00364307
-0.01939963
-0.08761398
-0.00034355
-0.00598482
-0.01467171
-0.00303289
-0.00650822
-0.01698967
-0.01279861
-0.00415982
-0.02302171
-0.13705313
-0.07554170
-0.02517826
-0.01322256
-0.00660614
-0.00387510
0.01893519
-0.00326976
-0.00791901
-0.00118585
-0.00758621
-0.01230416
-0.00578273
-0.00243723
-0.04713757
-0.00498370
-0.01123016
-0.00847021
-0.02680536
-0.03206316
-0.00215949
-0.02305393
-0.00021265
-0.00153331
-0.02071856
0.00265996
-0.00364458
-0.00423006
-0.00360580
-0.00155095
0.00299543
-0.04032400
-0.00350972
-0.03426782
-0.00740796
-0.00972258
-0.06376584
-0.00319517
-0.00633850
-0.03422531
-0.00377104
0.00044808
-0.00269322
-0.00409868
-0.01289324
-0.00165299
-0.00416773
-0.01090064
-0.00229540
0.00011956
-0.05680235
0.00436708
-0.00450887
-0.01859123
0.00069374
-0.00356045
0.00661889
0.08875449
0.00126370
0.00186003
-0.03930835
-0.02213083
-0.01426733
-0.00555662
-0.00053154
-0.04550791
-0.00869177
-0.02313384
-0.01589131
-0.00836753
-0.00231491
0.05840274
-0.01211875
-0.01304071
-0.00590234
0.00124793
-0.00323915
-0.00264996
0.02555191
0.00439720
