-0.16002759
-0.04496537
-0.15462798
0.02725388
-0.16510145
-0.06546429
-0.00113578
-0.06205776
-0.16540746
0.03920180
0.02544692
-0.33157250
-0.24826488
-0.24269849
-0.36045951
-0.26355645
-0.08785411
-0.12324893
-0.13803311
-0.13042609
-0.19434415
-0.14173234
-0.08801296
0.03895134
-0.24213231
-0.01370243
-0.04219158
-0.09366868
0.01999280
-0.19728637
-0.28249857
-0.09984348
-0.35668287
-0.15604497
0.02359938
-0.28345460
-0.13881822
-0.17810166
0.09561808
-0.13191494
-0.10577872
-0.14884572
-0.16792503
-0.12735030
0.01075587
0.03822070
-0.11967758
-0.14100493
-0.18880205
-0.02950531
-0.05369166
-0.09696833
0.02479647
-0.22913380
-0.02495286
-0.24122021
-0.14872381
-0.09118529
-0.33244225
-0.18443643
0.05299582
-0.08448254
-0.07529522
-0.16162589
-0.24886666
-0.01756756
-0.10504868
-0.07924966
-0.17261131
-0.14444131
-0.12965624
-0.10378323
-0.22557294
0.06243985
-0.11755676
-0.28650478
-0.30524296
0.00518301
-0.06429329
-0.08315703
-0.20258202
0.06010010
-0.03593294
-0.11120654
-0.20507418
-0.12840687
-0.13553295
-0.19515751
-0.05023427
-0.15464897
0.00879719
-0.29071265
-0.23963311
-0.15239003
-0.19428870
-0.13530575
-0.17945930
-0.21890856
0.03196723
0.09643701
-0.03866654
0.02505490
-0.15173998
-0.08785488
-0.10899236
-0.08710179
-0.14380330
-0.20276056
-0.38648915
0.00466526
-0.15067238
-0.05104990
-0.18658257
-0.22808759
-0.24358298
-0.19026038
-0.17102060
-0.09637004
-0.09521842
-0.13071828
-0.29331321
-0.05169210
-0.08518359
-0.04872765
-0.24159867
-0.18589582
-0.12597112
0.02563394
0.01040945
-0.12988105
-0.25759298
-0.20965561
0.04587765
-0.04071631
-0.12334917
-0.04993437
-0.00403404
-0.04506164
-0.23317991
-0.01831422
-0.24649428
-0.24220654
-0.03113902
-0.10991873
-0.08567733
-0.03912953
-0.28013492
0.00745377
-0.14557497
0.02077000
-0.26377124
-0.20389460
-0.08911144
0.04758805
-0.09219917
-0.06480763
-0.15751281
0.06816940
-0.09414964
-0.06915323
-0.03151758
0.04880101
-0.06326120
0.06866307
0.04659810
-0.21971321
-0.10089555
-0.37764898
-0.04069194
-0.00612008
-0.31973177
-0.00898878
-0.03178209
-0.14705886
-0.14305140
0.03460209
-0.04153453
-0.26435164
0.01869844
-0.23327745
-0.11585951
-0.07556517
0.00074878
-0.22704145
-0.02998408
-0.13043994
-0.08845688
-0.17468049
-0.05811407
0.00876014
0.03882820
-0.16515511
