-0.01534592
0.01815565
-0.00194219
-0.01363306
-0.00420570
-0.04683835
-0.02989267
-0.01886323
-0.00707002
-0.00530618
-0.01852258
-0.02608890
0.00737055
-0.01990893
0.01528377
0.00516187
0.02446530
-0.03168626
-0.00690152
0.02235805
-0.00337538
-0.03101874
0.05471196
0.02080218
0.04349902
-0.00987860
-0.04810677
0.06041214
-0.00277658
-0.00751527
-0.02834005
0.00861147
-0.00750441
0.01318113
-0.06282865
0.01342979
0.03350690
0.00087641
-0.10846242
-0.01353821
0.01226654
0.01487750
0.01469265
0.00063381
0.00269090
-0.01347029
0.00291417
-0.01299286
-0.01099329
-0.04753016
-0.02312085
-0.03260460
-0.00835065
-0.02159449
-0.02325410
-0.10509311
0.00232974
0.00214064
-0.09104023
-0.01353458
-0.15137641
0.00198420
-0.00124613
0.00481734
