-0.14285772
-0.11021249
0.14414860
0.07057650
-0.12036875
-0.12249029
0.13030688
-0.10314146
0.02007060
0.00422788
-0.06141257
-0.10224120
-0.01578195
0.02694089
0.05427720
-0.10844723
0.07131512
-0.00353556
0.02344315
-0.11486591
0.06629550
-0.03803485
-0.11396447
-0.22124010
0.04962116
-0.06437095
0.10893039
-0.12834848
-0.25780576
0.08686484
-0.04548684
-0.05925379
0.22733454
0.00377838
-0.01105132
0.00292040
0.05113954
-0.13213056
0.20161207
0.04414685
0.05912465
-0.12190833
-0.04118423
0.06753369
-0.16949464
0.04561995
-0.18852511
-0.12257135
