0.03514508
-0.10984652
-0.04655373
-0.30997679
-0.22577368
-0.09730302
-0.08787904
-0.16153675
0.08157598
-0.04753686
-0.01587517
-0.01878542
-0.31339577
-0.09891806
-0.17042419
-0.12860578
-0.38325086
0.00178425
-0.02777332
-0.28970143
-0.02659164
-0.23589097
-0.04267385
-0.33643955
-0.00030094
0.00617340
-0.06259666
-0.07303981
0.04617119
-0.18026625
-0.26212141
-0.04408159
0.01858622
-0.17138246
-0.23609650
-0.18613124
-0.25205928
-0.13617803
0.02341356
-0.07078347
-0.14062968
0.02268519
-0.26356697
-0.27925044
-0.29707232
0.04552027
-0.07202774
-0.11001982
-0.23763964
-0.25816306
-0.27328545
-0.30057842
0.03171447
-0.17428194
-0.06814441
-0.45216334
-0.08399437
-0.13151091
-0.15703490
0.02018951
0.02332619
-0.35488927
-0.10118904
0.01362396
-0.08020092
-0.22176753
-0.07645303
-0.14871238
-0.05114748
-0.05645993
-0.12752374
-0.15757900
-0.00577561
-0.09987617
-0.32857165
-0.10264787
-0.25640240
-0.01277829
-0.16972522
-0.13171549
-0.00334682
0.01260882
-0.08415548
-0.10469972
-0.05230748
-0.09994386
-0.03005856
-0.13713384
-0.04102888
0.03298259
-0.08516761
-0.01430193
0.02483380
-0.20611738
-0.04916978
0.03254432
-0.06758111
-0.26503298
-0.12373313
-0.19827186
-0.18138598
-0.01092462
-0.09113766
-0.11468031
0.02375718
-0.12154941
-0.28760451
-0.29789448
-0.16489369
-0.18151985
-0.28004476
-0.05165988
-0.13699821
-0.04345274
-0.04903015
0.02190658
-0.09990127
-0.09744329
0.04680433
-0.10034099
-0.28588539
0.03986591
-0.07047812
-0.04873093
0.06880052
-0.00622819
-0.07666741
-0.12645240
