-0.01896196
-0.07134320
-0.00984331
-0.00951400
-0.01272310
-0.01338200
-0.01063164
-0.00456465
-0.01348028
-0.01461894
-0.01370702
-0.05594995
-0.05599216
-0.02809380
-0.00968806
0.00050262
-0.04645327
-0.04774466
-0.01655230
-0.01449612
-0.03608537
-0.02830246
-0.02937241
-0.01770313
-0.00377066
-0.01928512
-0.17534383
-0.00774790
0.00081842
-0.04976804
0.00029461
-0.00496472
-0.00192527
-0.02644368
-0.01268342
-0.04822125
-0.02162880
-0.00699127
-0.00042383
-0.04583327
-0.00559721
-0.00728487
-0.00798065
-0.02026639
0.00700851
-0.00068701
-0.01759019
-0.00209989
-0.02374249
-0.00793282
0.01020997
-0.01059695
0.00543014
-0.04178519
0.00173107
-0.02109595
-0.01287886
-0.00252859
-0.00847491
-0.00943358
-0.01334489
0.00167011
-0.00300758
-0.01516162
-0.06045219
-0.01304808
-0.01645194
0.00801987
-0.01087440
-0.00292581
-0.00865356
-0.01991293
-0.01018521
-0.04576237
-0.00420592
-0.08017176
-0.00727577
-0.02849448
-0.00188258
-0.00848548
-0.01049732
-0.05794088
-0.00341867
-0.01881146
-0.02023113
-0.01412314
-0.01138113
-0.00333043
-0.02453667
-0.01253639
-0.02802850
-0.04556104
-0.00780313
-0.00224536
-0.00501116
-0.04479563
-0.06398091
-0.00545804
-0.01509940
-0.00252008
-0.04333082
-0.02265934
-0.06544127
-0.03620490
-0.01548861
0.00027682
-0.01325361
-0.02411744
-0.01411174
-0.04528272
-0.03909919
-0.01365842
-0.05482922
-0.03843636
-0.01614506
-0.00746022
-0.00188312
-0.00629812
-0.00508706
-0.05140584
-0.03197973
-0.01590514
-0.01163324
-0.00253372
-0.01564777
-0.05316918
0.00661636
-0.00580881
