0.08222853
0.12001296
0.01311777
0.17300349
-0.05259015
0.00709650
-0.16716109
-0.18043602
0.02991156
0.04393875
0.04751093
0.06052324
-0.09351289
-0.00548737
0.14917918
-0.04164780
-0.27533424
0.15672061
-0.31092837
-0.15866882
-0.31714916
0.16832784
-0.10418644
0.42904854
-0.15557519
-0.04466162
0.14155409
-0.12965101
0.12383521
-0.02564208
0.10041902
-0.06650402
-0.06593797
-0.20266131
-0.12793712
0.00072369
-0.09485374
0.00973857
-0.42567185
-0.13808094
0.00396686
-0.28171259
0.00665828
-0.07535998
0.37973294
-0.01354735
0.05906747
0.16050775
