0.05150272
-0.35071763
0.40835026
0.35055628
-0.10733688
0.13317481
-0.35354388
0.73814130
0.78837806
-0.32891661
-0.37120089
-0.31136698
-0.05490371
-0.17067043
-0.29540196
-0.32343075
-0.07349741
0.40524605
-0.26087353
-0.19271253
-0.25961626
-0.20057474
-0.10312747
-0.35137674
-0.36797455
-0.33449957
0.62561107
-0.37157997
-0.36863530
-0.19828151
-0.16272756
-0.37016204
-0.04451856
-0.30534109
-0.14736073
0.07408389
0.15860221
-0.12704079
0.15455343
-0.16892789
-0.30059099
0.35372066
-0.24760060
-0.22715658
0.57246435
0.28828081
-0.36704421
0.11954192
-0.17305569
-0.15622458
0.14020436
0.74023885
-0.36838409
-0.04759465
-0.37157810
0.07338651
0.23924465
-0.29441190
-0.21720831
-0.23518695
-0.11672893
-0.29483178
-0.37449229
-0.12956807
0.23535216
-0.26620337
-0.31445929
-0.37499738
0.48020652
-0.37345490
0.25689355
-0.37164798
-0.31990314
0.23361945
-0.26349065
-0.36914837
0.53728682
0.20057656
-0.00467396
0.39038476
-0.34354642
0.27655348
-0.27422726
-0.35621631
-0.18970831
0.77352524
-0.37063622
-0.13214083
-0.37466475
-0.35846141
0.05405918
-0.15265377
0.32011071
0.15927313
-0.32441211
-0.00889332
0.30447403
-0.30176464
-0.20560001
-0.29939747
0.58210254
-0.29169965
-0.27306795
0.57531250
-0.37204206
0.87421530
-0.26437792
0.47386894
-0.14397576
-0.30788884
-0.33621445
-0.22200412
0.07165787
-0.33533242
0.19696964
-0.34713721
0.00253662
-0.34920928
-0.21896161
-0.34395444
-0.33333668
-0.25930274
0.23926419
0.16213988
0.34547555
-0.37462780
0.28771847
1.02102828
