1.33091426
0.60805267
-0.01352305
-0.39074692
-0.14386836
-0.42258322
0.23610866
0.32126513
-0.50011808
0.63145095
-0.56074518
-0.01276422
0.11578252
0.15703264
0.13947845
-0.37172329
-0.05735100
0.43820813
0.26801106
-0.41052195
0.67050725
0.37337407
-0.83707201
-0.03212969
-0.71050870
-0.56961548
-0.88500321
0.44672403
0.28443912
0.19788606
0.22774510
-0.07320344
0.05165230
0.12952466
0.08264946
0.03017580
0.38760734
0.33816874
0.37305346
0.01182393
0.73221999
-0.12033592
0.20122465
-0.08736008
-0.69375974
-0.45862442
-0.01739886
0.41308761
