0.29862350
0.12018953
-0.00589175
1.23707962
1.90726900
0.04136595
1.81560647
-0.10508091
-0.12070616
-0.21985075
0.10284473
-0.61084259
-1.08342302
0.54867113
0.00632541
0.43004864
-0.39030835
0.32829848
0.29508984
0.46579838
-1.06771314
-0.14779699
-0.10270090
0.76707828
0.17361970
0.60064888
0.57381666
0.90126258
-0.17609878
0.39546117
0.24780016
0.67013496
0.24776001
-0.40833110
-0.05716896
0.42874804
-0.16593838
0.72254717
-0.50260216
-0.68607330
0.48597366
-0.13833581
-1.26256752
0.71604186
0.01086957
-0.55536276
0.05086942
1.51123941
0.33056810
1.12540102
2.70841551
-0.22105907
-0.12935512
-0.26159945
-1.01057363
0.58295751
1.58915293
-0.49370155
-0.18547329
-0.31287283
-0.41116184
0.28547195
-1.44958687
-0.42859429
-0.14063269
-0.33900023
0.31084177
-1.36507499
-0.38691768
0.93132305
0.02265584
-1.23561847
-0.30820638
-0.59414208
1.11230433
-0.13304202
0.22999626
0.46066791
-0.01841746
0.28077319
1.58087909
-0.09533755
0.83004695
0.90796250
0.35458106
1.11911809
0.15709706
-5.01611900
0.75809324
1.67826915
-0.22864375
-0.90991437
0.05118403
0.15260072
0.26548472
-0.16085950
0.62905806
0.92185771
0.77778184
-0.45030764
-0.45984960
-0.48046026
-0.28943816
0.02665552
0.58292139
-0.55160844
-0.07412212
-2.20243502
-0.16361864
0.56210804
0.95283937
-0.09292194
0.28418487
-0.12250909
-0.61967719
-0.16142648
0.24852188
0.57466215
0.42320970
-0.41382423
0.30899984
0.63646656
2.33232474
0.59457445
0.30792424
2.16035795
-0.43681622
0.43987212
0.39509246
-0.06729475
-0.45417851
0.60557127
-0.17401379
1.47875714
0.74914116
-0.57530636
0.27934259
0.42033333
-0.45949194
0.88466167
1.81944191
-0.17649747
0.45110077
-0.30409703
0.36251450
-0.37326694
1.09106493
-0.66976446
0.45478693
0.21524629
-1.36395490
0.42151603
-0.04077950
2.73531747
1.17456007
0.21639332
-0.08536195
0.10524270
-0.39112404
-0.49368864
-0.09950129
-1.14094329
0.00095886
-0.78272557
0.62057811
-0.06082653
-0.08549948
0.16007851
1.14189482
0.71184832
-0.54853171
1.23003232
1.13313723
0.01926102
-0.63013178
-0.35724288
-0.10165823
0.54401475
-0.49304837
-0.09913576
0.38684091
-0.30110860
0.56289959
0.12203934
1.00715649
-0.19536379
-0.41856989
0.41761863
-0.25137067
-1.40686917
-0.06241284
0.06892238
1.09222317
-0.21809851
1.16328275
-1.15272439
-0.78764862
-1.84925544
0.81625199
-2.18403125
-0.38629147
0.28295401
7.44211626
-0.82881856
0.72265249
0.54451495
-0.01899626
-0.24354665
-0.05729223
-0.15092506
-0.21172898
-0.71683294
-1.65118372
0.00572687
-3.60096049
-2.56911659
0.05633242
0.32911220
-0.52323544
-0.44341919
0.06931242
-0.59903574
-0.04505775
-0.40147382
0.01905352
0.05608650
-0.07128128
0.09844577
0.43208611
-0.04820994
-0.09413651
-1.64544284
1.77155805
0.10608648
-0.03257906
-0.13503428
0.40036044
0.44836935
1.24967861
0.20023121
0.23988350
-0.26881164
1.81928444
0.36683634
1.56203747
0.01588076
0.26930293
1.33104956
0.40496278
-0.01691534
-0.38799492
1.57490551
1.20368755
-0.25750676
1.31564271
-0.05539265
-0.19328620
0.21117516
-0.59320772
0.13650277
1.34731936
-0.33078951
1.44450748
-0.44968730
0.23072459
0.09823297
0.35461995
1.22947586
0.10152733
1.09402883
0.06689773
-1.69696426
0.02755293
0.70447612
0.72180527
1.61885881
0.41464117
0.28246248
-0.91864491
0.19670808
-0.12069441
0.69074690
0.11219778
0.00033774
0.38097599
1.49248719
1.31931376
1.20876539
1.22918308
0.21727623
0.36749274
-0.12435953
-0.05462052
1.18477380
0.12139928
0.79618210
-0.04959236
0.24358931
0.93099618
0.04220074
-0.17526984
-0.14680026
0.84051067
0.25187042
1.46785498
0.26064298
-0.01891221
-0.56114984
-0.05109465
0.02912975
1.90308487
1.71599388
0.26851755
-0.24101892
0.82323527
0.54999071
-1.67371321
0.93533719
0.92854476
0.04261212
0.03813840
0.08563597
-0.58153433
0.24068615
0.50548953
0.02048022
0.57916933
1.16413069
0.59636921
0.17066509
-0.57662219
0.34024915
0.25956756
-0.10362718
-0.67394912
-0.02518554
-0.30264947
0.12096050
0.59142441
0.38705310
-0.87166667
0.39210930
-0.12485968
-0.46223220
-0.05787490
-0.26011023
-0.52011383
-0.17365901
0.68947095
-1.09499729
0.83549005
0.10022508
-0.20331010
0.14374983
-0.70623809
0.26089954
0.19094770
0.20544280
-1.40876973
-0.29726398
3.70865893
1.78478181
-0.60868829
0.19572815
3.54362798
-1.99636996
0.26817286
1.31732380
-2.52874780
0.95842159
1.56582677
0.01969628
2.02340269
0.47257653
0.31686041
0.67359746
-0.27571085
0.43387964
0.41162190
-0.88162136
0.08441765
0.63404691
0.16099203
0.13940708
0.14924890
-0.66977239
-0.01182353
-0.26985553
-0.00122398
-1.24619329
1.23999536
0.10857692
-0.16114961
0.11707327
0.16844992
-0.07911362
0.67188162
-0.26121956
0.00875100
0.60359520
0.26936805
0.71371859
0.42504129
0.26548371
-0.65811026
0.07776695
-0.38633958
-0.28568816
0.29878941
0.27303728
1.42614496
0.10389696
0.20170972
0.27271605
3.37662292
0.01811443
-0.23113483
1.02387953
0.68792385
0.02508770
0.06068124
-0.22115771
1.54616582
-0.21722871
0.13020034
-0.09378725
0.33861488
0.75697839
-0.03802780
0.62144512
-0.04048869
0.87872541
-1.18088460
0.38916713
0.48656106
-0.28575528
0.54277146
4.28974438
-0.45694563
-0.89051199
0.04746232
0.55115974
1.97725093
0.24899438
0.68315756
0.66334081
1.03308296
1.98749244
-0.02986376
-1.22161305
1.60956967
0.34777501
-0.05791543
0.32045004
-0.37712026
0.99333417
-0.47858411
1.13960385
0.66078883
1.38890731
-0.15937938
-2.10664773
-0.01182105
0.68790847
0.21877721
-0.34097210
0.73381168
2.48885226
0.77169454
-0.09789962
1.17601371
0.22281227
0.04915931
0.16254263
1.05424547
0.82483935
0.09179787
0.33409691
-0.17902595
0.20056325
1.36475861
1.94703913
0.12561032
0.73135090
0.47449341
-0.67205703
0.18303819
-0.01773673
0.70127702
-0.21840703
-0.01565217
-0.08348913
0.07526267
1.57592320
0.90130317
0.28735656
-0.13024330
0.61187065
-0.50368911
-4.33178139
-0.47788301
0.95702940
0.02125220
1.83585083
0.15591811
-0.38792345
0.62360930
0.41843849
1.57690382
0.81437343
-0.13084631
-1.01980352
0.44536853
-0.16901599
0.36161184
1.40023124
0.01281341
-0.43137038
1.34936011
-0.52940863
-0.46270600
-0.05003247
-0.15163931
0.47627798
0.18160291
0.76104552
-0.21134141
-0.38358587
1.26296401
0.35396284
-0.58986384
-1.43235493
-0.17242996
-0.55430132
-1.02728796
1.20331168
0.51365381
0.53904617
-0.58120239
-0.75172228
0.06486648
1.34682059
-0.85886157
0.69966137
-0.34706652
-0.20648877
0.50761670
0.64435500
0.01231522
0.10069263
-0.29267606
0.26435551
-0.10205657
0.08468774
-3.97748661
-0.10080701
1.19551098
-1.67781842
-0.03182180
0.02566839
1.98283648
-0.36775103
0.12541671
-1.74763024
0.01084551
0.45833427
-0.21335065
0.21794564
0.52014804
0.09033489
0.87514645
0.89697468
0.15004115
0.70423430
-0.39683998
0.65843737
-0.01662185
-0.63023043
1.82960987
0.46270356
0.07659645
0.03905533
-0.04308658
0.25834253
1.02452374
1.87728596
0.05929910
-0.12271484
-0.19455975
0.39290863
0.02544661
-0.86684281
0.16161376
0.22332582
0.31699410
0.11920516
0.72596627
-0.25162110
-0.06051540
0.11033339
0.14217722
-0.57670623
-0.12122151
-0.88161576
-0.23175143
-0.98495567
0.19567586
-1.36397660
0.48915747
0.37983859
-0.95536155
1.36250305
0.01069808
-0.26563039
0.72703689
0.79465818
-0.30952856
-0.49967861
0.24465427
0.47004810
-0.70609260
0.26859504
-0.38594353
-1.27939260
-0.00471476
-0.50600111
0.31879741
0.02722534
-0.37615669
0.28542352
1.06394398
-0.14277993
-0.28901559
0.15878105
-1.27926826
0.17800348
-0.29381517
0.19883931
0.65577471
-0.57630628
0.03942718
0.15726769
-0.69508958
-0.07661456
0.37340117
0.43092743
0.80589396
-0.16579351
0.87883794
1.66005290
1.46487939
0.78065991
-2.19919586
-0.10055237
0.51073945
0.79455167
0.70392215
0.23618793
0.77267003
-0.44817978
0.29951754
-0.12983917
1.19303095
-0.01206349
-1.03814030
0.66954869
0.21088822
-0.28792745
0.19803719
0.05745990
-1.26170301
0.57488793
1.54892707
0.09293178
0.44181842
-1.45660698
4.97319984
-0.08554084
1.30642188
-1.19204140
-0.72985077
0.68834031
0.41825366
0.32052132
-1.46987855
1.06193149
-0.01478468
0.53007919
-0.05129821
1.24203813
1.16204846
1.80029893
-1.28656232
1.23354924
-0.50839520
0.85431594
1.62929046
1.53475118
2.07084107
-1.85222280
-0.13836423
-0.38270360
1.62964320
1.83798313
0.30879602
0.15335488
-0.20906718
0.45990530
3.42051005
1.09930289
-0.12820467
-0.43883359
0.56595898
-0.63607132
-1.58085251
4.90065908
2.97373891
-0.69072473
-0.74233752
2.21956205
0.80369979
0.05628677
1.37971449
-0.82843322
-0.00279531
-1.04445148
-0.24278046
0.35612726
2.94830012
-1.01088989
-2.06586528
1.85595512
-1.76086545
0.92906052
-0.63536471
-0.58023340
-0.73974538
0.46702361
0.43229753
0.76149380
-0.36263105
1.25253522
1.82718492
-0.60907257
-0.41787922
-0.96145517
-0.70046610
-0.41885954
0.68123496
2.67569828
1.35394812
0.69154572
3.04026484
-0.31714684
-0.73836052
5.44945669
0.72584492
-1.04769635
0.22273846
-5.24992657
2.19695210
-2.56332016
-0.46747461
2.58074117
0.11902037
-1.11844385
-0.52457559
-0.17949907
-0.13040413
1.96473300
0.70480686
-0.12167703
-0.79283810
-0.89079696
0.39081925
0.05470479
0.71657151
-1.03782761
0.06942738
11.00665379
-0.64344251
-0.12560381
2.49285603
-0.40944386
1.07977688
2.39929748
0.07277395
-0.51360518
0.85607815
1.06678510
-0.97525197
-0.39881930
-0.05507536
1.16689503
0.28869846
1.26503897
1.52942586
2.26602364
0.05793560
0.51934481
-0.03505838
-0.04897180
-0.07534489
1.56467772
0.17577542
0.99816751
2.01644397
-0.98161364
1.56039739
1.10657060
-1.16043973
2.14909935
3.04119182
0.16261940
-0.30327931
1.08948016
0.33300516
-0.75736779
0.77256310
0.10371353
1.47574008
1.31585145
-0.61881882
-2.00790024
1.39384365
-0.20469321
-0.43231162
1.60680866
-0.02623044
-1.14586329
1.23747909
-1.01305187
0.02361989
-0.67006838
0.01075863
-2.09616804
1.69729161
0.18328284
0.64860600
0.78349465
2.31533313
-0.43393987
1.89138532
1.48089969
2.15738702
0.06740426
-0.68480223
2.84411407
0.05548239
0.63162476
0.00786801
-0.05095135
0.38053030
-0.44397491
0.47771642
0.23091851
0.29645142
-0.37077212
-0.75858629
0.75309420
0.16064020
-1.08975720
0.03408465
-0.07686431
-1.63164389
0.67990363
2.26946759
-0.10488667
7.07896805
-4.99184132
0.24186915
-4.94058561
-0.26241758
2.90347338
6.01858521
-0.10039165
2.98130131
3.90930295
0.22835565
0.54983771
0.52598101
-0.45005584
-0.02052850
-0.93899840
-1.15875971
-0.83440399
0.28707156
0.17218386
0.37740323
1.45068920
0.17608204
-0.70104039
-0.11409535
-4.04003906
-0.31993139
-0.64271319
0.42228290
0.28756630
-0.45559600
2.29423189
-0.20237458
-0.53583813
-0.29901960
0.10011587
4.30148983
-0.51014084
0.18158010
-0.15316090
0.03359018
0.59971827
1.05930972
0.12878855
0.34062743
-0.48444358
1.41982079
0.84019899
3.87340450
1.33827782
1.68854403
-0.72419316
1.17931545
1.00771403
0.74819148
2.03871131
1.87968314
-0.46168053
1.81359088
-0.93881822
-0.30339867
-0.57127166
-0.49375904
1.66696584
1.40344036
-0.14232416
0.38997042
0.09441782
-1.01636052
0.79630464
0.58987743
0.99348277
-0.43676013
2.25198865
0.05897874
-1.53700924
0.28016135
2.04650521
0.07396444
3.62275338
-0.10336319
-0.01896487
1.27495825
0.78072929
-0.00388953
1.05033338
-0.27213490
1.11974764
-0.17058755
1.14854884
2.33116412
1.89870203
1.63579631
0.08438163
1.18282628
-0.74623358
-0.95196992
1.52732134
1.83492756
1.28193319
0.57038981
1.32230091
1.39576828
0.02992224
-1.05248666
0.31335247
1.22459412
0.35549960
2.06775355
1.33693779
0.13190117
2.09734797
-0.23428631
0.51586789
4.05734491
3.31716347
1.37221873
-0.09002579
1.88042331
1.47082245
-1.08472872
1.32401311
0.43663749
0.50423616
-1.20728469
-0.11382000
-0.66630638
0.85600513
0.52239448
0.57830435
2.16496897
0.70535642
2.95507336
0.48214379
-0.79843062
-0.03975036
0.36038414
0.37372825
-1.14298975
0.06114182
2.07268643
-0.05793150
0.81154823
0.63298869
-0.75766248
-0.11144207
1.81501758
-0.34962341
2.10916853
-0.79283261
1.50598586
-0.38136423
2.08112383
-2.80693913
1.44693935
1.66985750
-0.88715231
0.00725914
-0.45150483
0.56621772
-0.43631274
0.47801480
0.55254704
-0.56674838
1.64202082
-0.06022520
-0.60817051
-0.28362712
-1.88628912
-2.84139943
1.54910445
-0.24571766
-1.61072040
1.53532648
2.30767369
0.63652962
-3.39776516
1.51110446
0.12926139
1.59010363
-0.20912632
1.50009131
-0.20244692
-1.44636929
0.11349639
4.10013866
-0.21644291
-0.91961998
0.51805204
3.11661291
0.15753490
-0.56931132
0.21824817
-1.74121439
5.04615593
-0.06811176
-0.89693248
0.74457067
3.74435163
-0.18529038
0.83979231
-0.51777071
1.05888677
0.64961725
0.86114204
1.02279365
-5.61440372
1.59936762
-2.46789336
-0.21504340
-0.38650978
-1.71381187
-0.51960909
1.82723212
1.79726541
0.56738669
0.75289094
-0.54179645
0.16122939
0.02591386
-0.59216720
1.07919502
2.73782396
0.25186783
0.28329712
-0.17143969
0.66281480
-0.39691490
-0.47774374
-0.19126743
-0.64487493
-0.01254656
-0.19414273
0.67931670
1.85740948
1.30133605
-1.21417296
1.07924366
1.44294524
-0.54288530
0.65527904
-0.59075326
-0.31587490
0.14107601
0.16503088
0.17762887
5.63744736
0.88364416
0.94508791
1.14522314
0.17647733
-0.80921108
-0.99398798
-0.07819833
-2.07605076
0.50826705
-0.39350164
-0.01205415
-1.33238852
0.63494939
-1.56100082
1.61889219
0.90457594
1.58122122
0.29219869
-3.81869817
-0.03229949
1.01396811
2.01268721
-0.02726229
2.32295179
-0.62814134
2.31492949
-0.70060068
2.56214356
-0.46950838
0.04552694
-0.03278728
0.12239016
1.18840861
-0.10554385
0.11701441
0.00990078
2.16419363
1.27102447
2.63002396
-0.32112873
1.23698664
1.09889686
-0.50324398
0.01531224
-0.04911478
0.46891567
-0.45311391
0.34267741
-0.02734644
-0.68178409
-0.66747981
0.23093957
2.93606877
-0.85864818
0.81550115
-0.37433258
-0.38242269
0.60459179
1.72346687
0.11163257
1.22344553
0.50778073
-0.24106161
0.71608782
0.20577712
0.14276160
1.31651962
-0.73534751
-1.49777901
0.65186751
-0.29452461
0.43915749
3.50203037
0.10923246
-0.67756939
2.26625633
-0.89632547
-0.33127007
-1.05314326
0.56875777
0.36119124
0.46173912
1.54955578
0.24546647
-0.44748172
2.44225812
1.85562289
-0.58762604
1.50710177
-0.21191099
-0.67649949
-0.61808205
0.58562022
1.94092762
0.87652379
-0.61103785
-9.32145405
1.16216505
2.77324963
-0.34287119
2.22823882
-0.39343908
-0.87765771
0.15066409
0.00864099
0.53243446
-0.16374803
-0.59507829
0.67570204
-1.11419094
1.36303222
-5.01599550
0.07304545
1.07876503
1.29824722
-0.24485737
0.55432087
1.98657167
-0.58292967
0.62567401
1.66048610
0.02901508
1.08284700
1.09613752
0.79816127
-0.14404228
0.06448074
1.55690932
1.60303223
1.38571572
2.13131952
-0.56674725
0.94872206
0.20186689
-0.91291356
1.96277595
1.21221185
0.47573215
0.01080059
0.21604098
1.37053466
1.90138340
-0.74926388
0.25134769
2.39640331
0.65146911
1.51841950
1.65617859
-1.26476204
0.47931001
0.31335950
2.65694356
0.14026578
2.48725677
5.26384449
0.40138894
0.76761389
0.11210094
-0.68467176
-0.38484097
-0.83716017
1.08274817
-0.99529707
0.75104481
-0.71949083
1.16292465
2.12443423
-1.86362660
0.67193776
2.68959665
2.27380276
-0.05410004
2.21218061
-0.75254691
-0.99391490
0.49115208
-0.56029934
-0.65289015
1.27442181
-0.35311812
-2.35164428
0.02172731
1.05348754
0.50165147
-0.11999778
0.29849610
-0.14061171
1.26789951
-0.00345495
0.97558790
-1.87013316
-2.04904079
-0.44064081
-0.80075043
0.40265721
2.60084081
-0.81541049
1.98973107
0.30508316
-0.81576502
0.14721327
1.60418630
2.34783936
2.18926549
1.56217337
1.33048141
4.49711418
0.00588535
0.90905297
0.80328351
0.07913334
2.00093055
1.26667786
1.90758610
0.64074105
1.80413294
-0.26735705
0.31672776
-0.79141057
2.82800317
0.24401885
0.14363563
6.63445997
0.24693932
-0.49649847
-0.26831096
1.87715638
-1.32712388
0.87877226
0.23882490
0.11251784
0.01607066
1.27376366
1.90914714
0.05571695
1.85080528
0.33032387
-0.39683318
-0.25127691
0.08824556
1.71560156
-0.61211807
0.51144105
-0.01812018
0.32222348
-0.25899905
0.29588270
0.28313875
0.62392521
-1.20973182
0.09252628
-0.07911672
0.60020161
0.45141351
0.84359539
0.55707556
0.93461537
-0.02735934
0.43832317
-0.05043458
0.37852219
0.75154752
0.41898507
-0.13706656
0.36399662
-0.78424472
0.65239984
-0.55936116
-0.69533247
0.43832254
-0.07972124
-1.15957367
0.82567012
0.14349625
-0.35604745
-0.11835805
1.61767876
0.35895288
-0.71888721
0.28694457
-0.32251272
-0.18345615
-0.20871662
1.81254923
0.48597020
1.55610859
-0.49073789
2.28913093
-0.28350955
-0.35151333
0.22339092
2.15870714
-0.31363034
-0.13944694
-0.22347741
0.29046756
0.93239003
-0.31258586
0.63683695
0.01864575
-0.31390297
-0.30550417
-0.75295526
-1.18810201
-0.14505039
0.17739268
0.43846831
-0.03228921
0.28603837
1.36964357
-0.05007914
0.75107032
-0.02136786
0.30093983
0.10219252
0.07505116
-5.50579309
0.72580111
1.41482663
-0.22017953
-0.60862941
0.03489190
0.03880043
0.25344244
-0.12459775
0.67477989
0.82129323
0.77331179
-0.86142635
-0.43257385
-0.75936484
-0.31053188
0.04299943
0.56877351
-0.42735842
-0.02395653
1.93712842
-0.15756124
0.51903766
0.94412959
-0.23753929
0.26623482
0.25487185
-0.75441611
-0.15754865
0.24238604
0.48943940
0.84801322
-0.36762577
0.29667547
0.49192289
-3.11004710
0.67823493
0.34904566
-3.37328482
-0.45527482
0.12556200
-0.65093082
-0.14135855
0.28928843
0.68451667
0.38244197
1.53666174
0.77696151
-0.57450438
0.99619162
0.35159919
-0.54180646
0.86938936
2.02115488
0.44063267
-0.67093086
-0.12843679
0.43388167
-0.30717894
1.75961721
-0.61862826
0.49968347
0.10117756
-1.13245273
0.23027511
0.06383018
-0.34608957
-1.54971766
0.00988887
-0.09357283
0.33439854
0.05953396
-0.35328919
-0.09559176
-0.97051597
0.02797850
-0.80821711
0.52967709
-0.05229384
-0.09284347
0.12439661
1.37161756
0.60364163
-0.55761570
1.24125445
0.80471289
0.07873634
-0.65622383
-1.11315656
-0.11538041
0.60097325
-0.44807616
-0.10081553
0.44871873
-0.27884766
0.48107311
0.14008935
-1.41422558
-0.17377226
-0.40220883
0.20481557
-0.29105753
-1.34119105
-0.04997564
0.06448147
0.47965303
1.04234290
1.09598649
-0.85807383
-1.18026340
-1.64988208
0.94296819
-1.75683200
-0.53805834
0.30459550
3.57083464
0.52538019
0.70897460
0.46960059
-0.00743079
-0.02417173
-0.08195071
-0.62687379
-0.25673786
-0.55999196
-1.79120958
0.05463551
1.34087706
1.12515283
0.08470847
0.28894663
0.53120708
-0.31004944
0.02330937
-0.69551915
-0.19806120
-0.39415756
0.02937764
0.08811318
-0.15557882
-0.04007778
-0.37021741
0.01209456
0.22960396
-0.98821008
1.70067024
0.74999321
-0.00272299
0.07241497
0.42635727
0.13108803
1.42204094
-0.78466111
0.30176044
-0.30128741
1.43822765
0.30160138
1.57947779
-0.02864614
0.27776676
1.32763076
0.46598256
0.07640602
0.23816472
-2.67672133
1.48379266
-0.33644944
1.64856303
-0.52337801
-0.26880014
-0.67744863
-0.46054652
-0.27464965
1.61131251
0.33329093
-0.71753687
0.52472246
0.56118160
0.25036606
0.43653136
1.33579254
0.08056237
1.37229037
0.20596616
1.40941584
0.07299813
0.44300339
0.72570652
1.78975105
0.42680272
-0.30381370
-0.40673789
0.47404912
0.59482223
0.72423458
0.15426376
0.12971790
-0.23441267
1.67432845
1.27036822
1.37966204
1.31005239
-0.51876819
0.53001469
-0.04155333
-0.06069691
1.18940055
0.05470645
0.79310697
-0.00272794
0.59678286
0.78921568
0.05593778
-0.08443698
0.28751996
1.05539024
0.28834483
1.85710645
0.60856640
0.15387729
-0.34592459
-0.01344076
0.00305127
1.87627125
1.56211555
0.24855497
-0.17097981
0.76481819
0.58549666
-1.31488776
0.92441916
0.74870932
0.08856902
-0.37139714
-0.53181428
0.25946212
0.84530807
1.05349743
0.01155630
0.43464696
1.09299028
0.48229840
0.27810082
-0.42346731
0.46937960
0.21738233
-0.04346175
-0.73835897
-0.03344076
0.06121558
0.06881393
0.51483244
0.52354455
-0.74507064
-0.57714975
-0.19432786
-0.45619485
-0.10749014
-0.12249265
0.29937518
-0.09166683
0.73179746
-1.13741589
0.71593571
-0.17878358
-0.22372359
0.16734520
0.63475478
0.55923337
0.30657130
0.24562512
-0.11292651
0.57126409
3.65143275
-0.62625808
-0.42765683
-0.16907810
-0.96054912
-1.50834620
0.29957849
-1.86560476
-2.63694882
0.88985002
1.42558467
0.10040608
-0.09137820
-0.63036621
-0.19033583
0.66477782
0.25857219
0.17908326
-0.14296187
-0.95220649
-0.00988462
0.79863149
0.22648685
-0.04040523
0.18453564
-0.48648557
-0.09827361
-0.34592438
-0.03525188
-1.58459008
0.88766354
-0.27884555
-0.27739066
0.06874689
0.15662575
-0.11336014
0.83627504
-0.24494153
-0.33499891
0.49439767
0.10611965
0.57590818
0.39449421
0.26312980
-0.67105198
0.08067864
2.66060209
-0.12077418
-0.51141894
0.55612993
1.41266143
0.11756162
0.40532923
-0.74304253
-1.25917637
0.00830967
-0.22437920
1.34188020
0.80689204
0.02660505
0.09452587
-0.21528952
1.57044649
-0.25278440
0.20211183
0.08102857
0.47458079
-0.48445424
-0.07189906
0.57234311
1.79273701
1.12210846
-0.88235492
0.53026658
0.33547649
-0.42344651
0.48325399
-2.44321799
-0.40205693
-1.26660502
-0.28850687
0.41865483
2.11738682
0.41708189
0.68257272
0.68152833
0.86224228
-3.50007296
0.05071759
2.59332919
1.29611480
-0.05448510
-0.07132833
-0.53158385
-0.12837635
0.99372756
-0.53424507
1.00733793
0.53180093
1.34682333
-0.21880613
-1.69600666
-0.12028602
0.72125578
0.12579077
-0.47994125
0.72022867
-1.78835571
0.76568800
-0.17816274
0.80874127
0.27971524
0.07306901
0.15099888
-0.29141313
0.67439520
0.33501965
0.25988796
-0.19695160
0.26162717
1.24921978
1.71069586
-0.08739083
0.94534117
0.42588222
-0.56667423
-0.24188842
1.36715186
0.71114653
0.27498955
-0.06205850
-0.21081768
0.03736921
-1.24437249
1.00567722
0.25949675
-0.06535982
0.38628519
-0.44842574
2.90693521
-0.55708623
0.83652014
-0.01785725
2.00263405
0.22339258
-0.44692725
0.69247681
-0.33269337
1.50503886
0.54126263
-0.15527776
-1.01001394
0.24560422
-0.16153035
0.25888982
1.38930559
0.00691612
-0.52349412
1.22400010
-0.32621458
0.21447542
-0.34684303
-0.03619592
0.18846567
0.16536982
0.61921716
-0.14102387
-0.40953040
1.03740728
2.23165870
-0.54031086
0.86463523
-0.22456056
-0.40848321
1.83388138
1.24903643
0.68164468
0.63678724
-0.60679632
-0.35323468
0.08525121
0.96586007
-0.83855242
0.61448997
-0.31971830
0.00942294
-0.44952628
0.72856420
0.12721655
0.09810947
-0.13895187
0.29093447
-0.04530168
0.47385558
-2.09460020
-0.14511502
0.50529128
-1.71363425
0.03023085
-0.01990805
1.47422493
-0.17743637
0.14870077
-0.37326571
-0.02563054
0.32469478
-0.14126457
0.11381970
0.30533782
0.02712608
0.84355855
0.80608493
0.24217786
0.64909744
0.46868768
0.95477414
-0.04427847
-1.26416945
1.92316675
0.43162906
0.07991109
0.03162383
-0.13117640
0.13761757
1.14611852
-1.01092255
0.09131212
-0.02059824
-0.35419723
0.53087831
-0.01219857
-1.08370435
-0.14394426
0.25837663
0.55274475
0.13225418
0.74453968
-0.57537067
-0.03104967
0.16252278
0.14043361
-0.56964785
-0.14317082
-0.91031533
-0.27600208
-0.88379216
0.29582366
0.87379402
0.41333327
0.53559756
-1.26582348
1.29940200
-0.74509704
-0.22760691
0.65564036
0.80178571
-0.33648610
-0.47151560
0.18285172
0.44200155
-0.60310143
-0.00971563
-0.41011012
-0.95238894
0.05488270
3.31526971
0.30151063
-0.15131332
-0.32091582
0.23843288
1.08021653
-0.18580806
-0.42459539
0.08774748
-1.55313134
0.00541019
-0.38465255
0.09849109
1.10006762
-0.47476533
0.10336550
0.13111694
-0.50372118
-0.01744643
0.27631009
0.28062111
0.64666712
0.02588133
0.95818633
1.89496505
-2.74552965
0.83289665
1.66608047
-0.08049918
0.54600137
0.84337860
0.53748113
0.01062845
0.73019391
-0.35557774
0.32540694
-0.10582104
0.87127227
-0.01566163
-0.84839284
0.38695469
0.19122761
-0.30448431
0.14224489
0.96920669
2.36821318
0.22039674
0.91084337
0.97752118
0.31471622
-2.39280438
-0.79992419
0.00042738
1.37656438
1.15236211
-0.00804215
0.33981830
0.44635344
-0.55012691
-1.47395992
-0.17342481
-0.00014162
0.33740905
-0.74521232
-0.38423446
-0.19938812
2.04028535
-1.33389044
0.98777223
0.55311632
2.01686239
1.52311361
1.51977658
0.08345065
0.51142812
-0.77842587
1.10952830
1.61727941
-0.86069423
0.26917958
-0.26031610
-0.40119481
0.41550618
2.01177597
0.94021755
-0.14053367
-0.10199632
0.84972411
-0.43646678
-0.11062297
0.26819676
-0.02205699
-0.46931964
-2.82223296
1.04306281
0.92259824
-0.01653155
0.89677459
0.00525056
-0.39471486
0.21361303
-4.52105188
0.61553901
0.42735389
0.00543481
-1.11300230
1.50816655
-2.63988161
-0.02941101
-2.73023486
0.53719419
0.26993844
-0.83119619
0.35148746
-0.84076697
-0.42575192
2.60773230
1.35970342
-1.38381660
-0.50071824
-0.72852904
4.70246792
1.71652317
0.09559242
-0.18833449
0.16236730
0.33756348
0.93764663
-0.47550359
0.86934745
3.97199726
1.01151097
2.99673700
-0.23828214
2.13106298
0.68328196
2.73221016
-0.28008035
-1.21675694
0.07731897
1.47613466
1.52381790
-0.40350199
1.68974018
1.41025579
2.11296487
-1.69799006
-0.47217667
-0.69692886
-0.27800781
0.10174399
1.38848042
0.45786533
-0.02069041
8.20669460
-0.49911651
1.10712981
0.24188113
-1.35179305
1.25998390
2.42759967
0.61794901
0.24955741
0.27307811
0.81256241
2.74137282
-0.60062033
1.04097199
0.66915035
4.39469767
1.95537388
-0.64853501
4.98181581
-1.61994076
1.50909102
0.72675705
0.56647861
-0.43794137
0.60782510
-0.53209817
1.68106365
2.13523078
-0.87977558
2.49785256
1.73316276
0.02169489
1.54986238
0.86392188
-0.46027178
1.26411939
0.56572700
0.51294059
0.03000668
1.62529683
-0.42538300
-0.09699811
1.46340859
-0.84512037
0.38273308
1.61085916
4.27982759
8.39001083
1.18763125
-0.08817232
0.99461228
1.06861222
-0.70183206
-0.13048902
-0.66357076
0.09276135
-0.08966830
0.24344549
0.18386036
1.00439286
-6.00376844
1.09908557
1.99515247
1.15005493
2.41034055
1.32484508
0.09485707
-0.86618310
0.53956032
-0.05786712
0.58790064
-0.28749985
-0.02191863
0.47445405
-0.50306785
1.44804084
0.01331280
5.42326307
-0.09836177
-0.25470677
0.68302363
-0.12305252
-1.26267135
-0.00075037
-0.05954387
3.28670120
0.77614355
-0.41630417
0.76414597
-0.56326568
0.76864600
1.38976014
2.00115895
-0.50282878
-0.00092462
1.27014732
-1.18646502
-0.08147353
0.92018366
0.10096656
0.70158780
0.01872934
0.45919755
-0.11360369
0.55448931
0.82565594
-0.49947241
-7.33546114
3.23427653
0.34826249
0.38620278
-0.77174807
-0.65060508
0.07237361
-3.13060904
-0.81457055
0.07819484
0.33771551
0.05259178
-0.57350767
0.94389766
0.92256445
-0.79265958
1.86122358
4.82393789
0.35696626
-7.26665878
0.05196831
-0.75533742
0.08324942
1.87370086
1.10837972
2.01201677
0.62297463
-0.41675192
1.20458186
0.80770159
-1.51009202
0.62739825
0.05694162
2.51530600
3.42164755
0.74701369
1.84671474
6.55526495
2.01501775
0.57786161
1.71734083
1.02766800
-0.35534221
3.18347549
0.76371282
1.81109750
2.06399012
-0.56877637
0.24191874
-0.52742535
-0.08689874
0.69970632
-0.00912855
0.95058942
0.74258929
2.31027269
0.54521793
-8.57676888
0.01799790
0.01200038
1.53806734
1.42887604
0.90530312
0.79615009
-1.61567771
0.66944653
2.35293627
0.98015279
-1.63988161
1.06991470
1.13784587
1.41571927
2.14521098
1.40018857
2.47833610
0.26328093
1.15855634
-1.08737862
1.15751910
0.96500486
0.14119877
-0.70984620
-0.26745829
1.04204488
1.68638492
0.02836221
-1.04841542
-0.18015249
1.33134687
0.35343099
1.45257425
1.99845409
0.48687536
-0.97804308
-0.75119889
0.23951158
0.28304842
0.00508087
-0.18434091
-0.00597882
0.45023209
1.24241233
0.44188875
2.01605892
0.17560324
0.55780172
3.81873226
0.60322374
-1.20659530
1.49075079
1.24770808
0.26683798
1.14114499
3.21024179
-0.07764135
-0.01454689
-0.50724101
-0.44756129
0.38443646
0.35769892
-0.54637945
0.07126240
-1.37335622
0.58632445
0.09681745
1.91322052
-1.05128253
0.66316754
0.42864916
0.10956145
1.34921014
0.45677328
1.31351233
0.55223238
2.31648421
-0.13617665
0.69940913
1.36458969
-0.46253467
-0.85610777
-1.92818534
1.31895292
0.93865514
0.64323896
2.96210814
-0.57853210
-0.64461076
3.17662311
-1.25699198
1.16924357
3.53784728
0.63729632
-0.51248956
6.75950241
-1.26349735
0.99603981
2.56393671
0.32081190
10.10937214
1.67516804
0.85444242
1.15502167
-0.45328525
0.62454402
1.71240723
-0.72191358
0.13606381
2.35474873
0.04925787
1.27595639
1.50929034
-1.86847615
-0.36289546
0.56734228
-0.05620227
2.33786035
-1.80297792
1.98293507
-0.70281106
-0.34941414
-0.35549626
-0.02895683
1.09532166
0.55371177
0.44822294
0.67619860
0.64195651
0.82981920
-0.86754370
-0.36872959
0.46568599
0.38625750
-1.27758515
-1.50645554
2.82865024
1.10717082
1.69074333
0.36758432
0.90549815
0.89006269
2.51558685
-0.05028640
-0.41476548
1.22990155
0.21877165
0.34513992
0.22225526
-0.22825503
2.73909569
-0.42534071
1.17507052
-0.13992389
0.88389319
1.37740135
-0.38587025
1.28808200
2.17900872
0.91762215
-0.49512783
1.72608590
-0.19436838
-1.24165726
0.45537016
11.42420483
0.72943610
-0.36418495
2.10607195
-0.02682693
1.12679577
1.01726246
1.59639072
1.26207697
0.33562586
3.12659717
0.26034150
-1.55079699
2.49851155
0.24120316
-0.47462660
1.30220783
1.67109966
1.17848623
-0.58912975
1.74531102
0.38768923
0.87038702
0.21276645
-2.59940481
-0.17293985
-0.07870239
-0.28183883
-0.32977128
-0.97466201
4.39912176
1.49350536
-0.19347739
3.13643956
0.59141499
-0.03961497
0.30309188
0.66670334
-0.12733532
0.14583418
0.32760310
-0.12263608
1.69332981
1.34561217
6.23578215
1.04911780
1.91974819
0.84854680
-0.47898036
1.76788592
-0.86307538
1.13356721
-0.30502909
1.06736398
-0.43506381
-0.13767469
3.31486034
0.24252822
-0.16776341
-0.91455090
1.27960277
-0.37462860
-6.07780170
1.02082586
1.87428725
0.09132419
2.46438265
0.58130538
-1.71720278
0.95614600
0.82676965
2.83099818
0.89968979
1.16433549
-0.45881581
0.68028724
-0.31069073
0.70404124
0.85782617
0.08676828
-0.08129588
-0.26599517
0.65237868
-0.44520912
0.67685848
0.59541166
0.23286921
0.99220872
0.82300138
0.73407137
-0.38928553
2.28728843
-1.12848592
-0.60670477
-2.35548353
-0.14560230
-0.14577557
-0.74572366
2.36790991
0.32986259
0.44198668
-0.04998392
2.25889134
0.66243732
1.22038233
-0.45428544
0.06942695
-0.12623303
0.62179768
0.46347240
0.86487460
0.77001846
0.17658563
-0.28142947
0.24060597
0.94266671
4.12027597
-3.91489506
0.33807021
1.78071201
1.25688016
-0.57885730
0.31833631
1.32569075
-0.90824854
0.46454218
1.82913709
0.06850813
0.95696115
1.33612502
0.30380586
0.80557001
0.13597414
0.36892185
1.21322072
0.19174278
0.44629601
0.02942566
0.96799999
0.27538922
4.73164034
2.37746859
-0.32456765
0.13718556
-0.02120330
0.17423609
0.34272009
2.74984264
1.85954690
-0.00188910
-0.19883806
-0.15103072
1.70274591
-0.40701970
0.17082064
0.38167787
0.44667289
2.72231364
0.10926346
0.09016722
-2.16966271
1.20580482
0.94208115
0.07196952
-0.61867392
0.23217432
-1.01050591
0.97399092
0.14110449
0.21527284
-1.55992305
0.10332901
0.06825157
-2.41239476
0.04153780
1.67617869
-0.69267142
0.75327855
1.91144788
-0.63450295
-0.99385738
0.99871665
0.91611052
-0.29526195
1.09900081
-0.93376780
0.88918370
0.08243740
0.61659032
0.40606338
0.52746373
0.70627123
1.26511443
0.40045059
-0.33483276
1.49579263
0.81846046
-1.62908852
0.36913964
-0.17356068
0.25144410
-1.61114717
-0.70337874
-0.35894030
0.15292433
-1.31149852
0.16178505
-0.87032050
2.09995556
0.26228699
0.36565989
1.24716103
1.00268292
-2.09227753
0.84015274
-1.99572909
0.19704622
0.55298620
0.26455560
0.98597854
-0.45544514
-0.07174073
-0.65674943
0.44641212
-1.01927400
2.15164208
-0.29215342
0.10546488
2.48167634
0.07866449
-0.67881334
2.14403558
4.82337713
-1.94149470
1.12262166
4.51212883
0.13473953
4.07621765
-6.38664103
-4.03463840
2.98858500
0.82585907
-1.31588137
-0.58277857
2.05823636
1.35521472
0.15332316
-1.54794991
-0.83775926
1.66267407
0.81842560
0.53884149
-0.57627451
-1.80897892
4.08827353
-3.38792801
5.39516878
-1.51142287
-0.85053283
1.94552433
3.58819127
0.28745246
6.39943075
0.12115243
5.04451227
4.32156515
-3.20087457
-0.92454803
-1.07283497
-1.11812973
2.56560969
4.69705057
-0.75678611
4.16648197
-1.64138222
3.27446938
-0.59505534
1.26661718
-1.10051405
3.30662465
-0.23786314
-5.71035862
-1.23554862
5.95817232
-0.37062016
1.88995671
0.34528616
1.16464174
0.78590697
-2.63042140
1.22098589
-0.15002412
0.97351348
-0.80395806
6.21147633
1.19851565
0.16642015
-2.38001919
3.94053864
-0.36257961
1.27556109
1.10357666
0.50362319
-0.23335120
-0.12636814
2.97070026
1.87024474
-0.69191527
-3.43693066
0.67656785
0.07135792
1.81376719
-0.07252633
5.01436710
1.79292262
2.82844424
-0.35487145
-0.22107698
-16.28945923
5.49723673
-0.20040680
-2.75807810
1.61927152
-0.31623164
-9.56429100
1.17739677
2.25625706
0.61394256
0.91452634
-2.87474012
-0.44423616
1.18792617
0.08741838
5.07949686
1.47208750
-0.59919858
-0.16244289
-0.86805987
0.88903868
1.31047761
1.72624290
1.14557445
18.96025467
0.01069642
0.84512174
0.39486894
-1.30929232
4.89834118
6.45966101
-1.36435044
-1.24851227
0.12100901
0.32547778
-0.98475266
-0.16452184
4.19219065
6.33072901
0.86959982
0.99873036
-2.56657577
-0.62880939
2.24155140
9.29222298
0.35458997
-0.24717413
0.09502271
0.65755928
0.42949101
-6.95008802
-10.15378857
-0.11666365
6.79575443
3.92976213
1.20304620
1.52053344
-4.18723536
-0.41266844
-1.48592722
7.79584694
0.55829889
0.41785407
4.47792006
4.82134867
4.91428232
5.41551542
1.28943813
-3.62091994
3.12397242
-1.09129977
-0.61208397
1.37245154
1.01210666
1.61563301
5.44153404
-1.05354881
1.58721602
-0.69079924
1.41693878
2.36323118
-1.16203940
1.83160555
2.32969666
14.94637489
3.21581364
2.93590999
8.75558758
5.30874777
3.30949140
1.98537624
1.98192441
4.14171124
1.47394884
2.68992114
1.93298709
1.02864993
-1.97093225
-0.31917551
3.98863840
0.59423929
0.11367743
-0.19898506
0.58845311
3.48814440
3.01204538
-0.97727996
1.02037299
1.40790617
-5.57555485
1.21533072
-0.28124186
-4.80179405
3.81906581
6.02178192
-0.17343706
2.38727713
-0.64733714
-0.36231869
-6.65242386
0.02689863
0.24950324
0.37213713
2.21580672
3.17544913
0.42335859
7.74391127
1.86977923
-0.11639055
-1.97521758
6.05429697
4.94606972
0.21406609
3.37202120
4.10314226
0.37216407
-0.56702489
1.95103109
0.84331977
-2.05580401
0.16743195
4.11259031
1.11190045
-1.29351449
3.01726794
-0.11912318
-0.86105227
2.95291209
2.73931742
-2.03184223
-0.81011754
-0.51700532
-0.09856959
-2.28609180
3.27559257
0.13558070
-0.39806303
3.07946277
0.42776474
-2.95165372
5.64072895
-7.70449924
1.89302957
1.22285652
2.97873068
1.66762197
1.82999611
5.29015064
4.19770432
8.87990284
-1.36266124
5.42080307
0.70056319
-0.51125234
-1.28286743
-0.35106751
7.97780418
2.93178678
0.40685448
0.30956325
0.29265186
7.15906954
2.08211350
1.12243235
1.53107560
-0.94647086
2.51322174
2.33553147
-1.03791177
1.14280832
0.22623925
-0.69015789
-1.52245784
0.14111246
-0.26363301
6.96405649
4.69012737
6.60621691
3.56523085
-0.42011654
6.99830961
-0.34446892
-6.07732964
2.73317361
2.60562634
2.30791378
0.96206999
0.38365269
-2.04242015
-0.69510835
2.61691332
4.12872934
0.12260517
-0.48587689
1.48228371
0.85587788
1.35839415
0.59730756
-0.62696189
0.68008178
4.12701225
4.04832983
-0.39395958
3.06686497
-2.81628871
0.34196094
1.61128199
1.36498916
3.80348539
-0.27183172
-1.55642617
-1.04824400
1.25489104
5.63968945
0.45658726
4.52520275
3.38261151
-6.08743048
0.53772485
-0.22696263
9.82282925
4.62961006
1.33270204
1.56810474
2.73739696
0.16529542
8.29648304
-0.27574047
-2.63214421
1.65562713
2.62974453
-1.21653843
1.85496819
3.39533544
8.67929554
-1.09270835
6.02368212
-1.16292882
0.21750684
5.29909086
-0.86683440
5.80931139
-0.88899982
4.29253578
0.35134119
4.26448774
1.36076808
7.88636446
4.19152689
0.37021285
4.30273390
-5.78385830
8.14762497
-1.63045990
0.98110127
-1.51637983
-0.21236436
-9.79550171
-4.21770287
-2.49385977
0.03864466
1.49720216
2.25554562
-3.04562640
-2.66142273
1.04853606
1.38712990
3.56228566
2.91238093
-5.03773928
6.32144880
0.37652746
7.31050730
-0.20299974
5.89234543
1.15336978
-0.20142545
2.33921933
-0.35167557
2.59897709
-0.83186048
-4.35654831
2.56780553
-2.85052347
-1.54986835
1.12162352
3.84826064
-2.12576079
1.64873517
-9.42364025
-0.17635803
-12.47112370
3.10513687
0.73847651
-0.78366017
-7.95213652
1.18256009
3.15591288
0.36309841
12.38181686
-0.23611921
3.30489588
-0.40212154
-1.00311959
-1.95467901
-2.61861634
7.89089346
2.09989738
1.18219030
1.75439847
-0.29624677
0.23852998
2.22573996
-0.49067289
0.04603043
-1.68668258
1.92425537
1.57118428
-1.30230558
-2.62987924
-2.45001006
-1.72508931
-0.38763911
-1.67561698
-0.46533543
-0.37693948
-2.92747664
5.97708607
2.27395701
0.37753403
6.20742273
-0.00645498
11.92794800
1.59705818
-5.43684006
2.29960799
-4.05800056
-0.38250586
2.92990017
-0.02074667
0.34790844
5.74208450
4.70104122
1.28683889
0.51332486
-0.60228544
0.55525899
-2.91562915
4.15558100
-0.27372813
0.01498888
3.05771232
-2.57104254
2.29548526
1.74029660
-1.55135357
-1.21895790
1.42467248
-3.07094598
1.80777931
1.11759996
-0.45070028
1.72917640
-0.60514909
0.22572438
5.98463726
-0.84038007
4.58438206
-0.94518882
1.24470139
0.81296188
-0.80294722
0.40971681
6.41050959
-0.59778130
1.59461021
10.35981655
4.04595709
-20.42274475
-0.19533767
3.78877211
4.47852325
-0.22079276
-0.63096064
6.69037247
6.75278616
-0.28487369
3.94933009
-0.52700406
0.66838199
-0.02510329
-4.75182199
3.45419741
-0.79786772
1.07736886
0.59655571
1.46565187
5.05742311
0.37127927
1.29391801
0.39777455
2.49580455
-4.52907562
4.73619127
0.06783835
-8.78548717
1.31857872
1.08940423
1.73075974
4.06871748
-1.85861135
6.26379967
-3.15057015
1.21817207
0.60657901
0.13762772
-3.93615150
-0.16413651
-0.88104105
2.75317216
3.25691414
3.17417288
-2.42780733
3.71116996
-0.38079387
0.89004326
-5.89675856
-0.57635897
-3.69652081
1.51084709
-0.72429597
-1.32570028
-2.21253920
5.93541431
1.22038543
0.10351883
7.83034229
3.58283138
1.86838078
-1.86699414
1.99599981
-0.72907835
-1.66966903
-0.00484733
3.55262494
5.09315634
0.32316351
-0.66098064
3.52772999
0.92757696
3.49661970
11.31634617
10.47136116
5.24523354
8.72192097
-0.49602705
0.68713927
8.42072868
-7.05889273
1.28103268
11.21749401
1.42399549
5.66270161
9.29994202
3.08793640
10.63753510
1.78689885
3.71206689
8.23565292
0.13155442
-0.93005091
-0.96473402
4.43471241
2.14649630
-2.42267776
1.51251161
-0.01564616
2.98593307
0.98811293
3.13966775
0.27613279
-1.96552145
-1.56597340
1.41801405
0.35302362
3.80041647
5.17689991
-0.27896461
0.47355953
6.23185062
1.17370009
8.12470436
1.56813109
-0.02086736
6.97518873
12.60109997
5.58097696
-1.05023336
-0.47731283
0.34227467
-1.57563126
6.78663683
1.74351537
2.86436486
-1.91225016
0.81264734
3.91185355
-2.89301324
-1.67828918
8.37444687
-0.87973589
0.26784444
-5.00408173
-0.16727462
-0.55876893
2.26640821
-2.88221812
6.98347664
5.20430088
0.35098624
2.74184418
1.23121321
-7.33115911
2.39620185
0.26616004
2.88656259
2.51286554
0.47503847
1.73317063
5.14609194
-1.78105628
-5.22890711
3.22464728
-0.15247551
0.95729011
3.47838521
-1.17737758
-0.56321627
1.63633966
-1.66235125
0.95806646
0.09378376
3.95718646
-0.54731417
3.27020431
2.56963396
-1.95972073
1.22329247
2.41514468
2.66379499
2.05006456
-0.30534720
-0.78269237
0.28785658
3.67454815
-0.88605922
-0.83978570
1.35820091
-3.16991138
0.01982325
0.47037020
9.72942066
-3.15293455
2.18073678
-0.26136830
-0.63015473
9.26130676
0.02163881
2.39150548
0.86651170
0.95272994
0.27457741
-2.98195744
-1.00025725
-0.02921171
1.27000976
1.38511753
0.02852060
0.37140328
0.44709104
0.01032719
-1.44551730
-0.07646660
-0.01657104
0.32188267
0.68834138
-0.35772261
-0.21545571
1.70999253
-1.26077175
0.94652098
0.63013440
2.05668211
1.46578813
1.61823297
-0.03691915
0.59423733
1.44836605
1.11729729
1.72532773
-0.58992004
1.50162041
1.22549427
-0.43187788
0.45572793
2.09445238
1.14807642
-0.04805822
0.06396145
0.79735649
-0.41718647
-0.21403490
0.40594116
0.03213686
-0.44885933
-2.56195211
1.01676297
0.64332372
0.87975073
1.64227986
-0.05642836
-0.29157841
0.04024640
6.95272875
0.66213900
0.68388480
0.00429854
5.54539204
1.55901825
-3.12464690
-0.04253267
4.48202944
0.45345855
0.37312037
-0.21423297
0.31272140
2.09189725
-0.42152441
-0.51502699
1.27218103
3.56421542
-0.48968232
-0.69978470
-5.85419178
-0.55335283
0.03573398
-0.21651299
0.12792128
0.27020964
0.61631143
-0.48542649
0.89170253
4.35438204
0.92431474
-0.66158295
-0.20967358
-2.44070101
1.00920725
2.62431550
-0.20589884
-1.30229115
0.02501299
1.36652184
1.50227952
-0.40350628
1.61788845
1.61412013
1.70116949
2.72556090
-0.49474719
-0.80556363
-0.40955532
0.08685622
1.26281571
0.28029722
-0.01584363
9.50877476
-0.45801157
1.17958510
0.53183335
2.70029616
1.36770260
1.98409891
0.35318184
0.35045460
0.28720906
0.86420435
2.82753015
-0.55714512
0.85660583
1.09649074
-5.45309114
2.00741720
-0.60025722
-10.84318829
-1.28668642
0.79436445
-0.78274250
0.56441665
0.47076449
0.57753021
0.88057578
1.22293198
2.84264374
-0.92896068
1.97682846
1.59511304
0.05049593
1.81111181
1.08742630
0.81113595
-0.67358291
0.25770378
0.52100742
0.10499745
3.02094507
-0.28457537
-0.53274137
1.02154839
-0.43661484
0.94153458
2.04021621
-0.35236689
-9.29389000
1.03191960
-0.09348885
0.91845638
0.99546087
-0.78183073
-0.05830505
-0.57420921
0.02733485
-0.18104950
0.15138589
0.13518290
0.86908644
-6.48970890
2.50899935
1.81638265
1.27707601
2.43620110
1.37549233
0.24216010
-0.97223300
0.39514840
-0.02819125
0.43376553
-0.32058200
-0.02872677
0.53624403
-0.54868925
1.18337023
0.09739556
-5.80367565
-0.10582078
-0.21980356
0.54866117
-0.23174207
-1.31841886
-0.01198004
-0.06778149
3.11442876
0.25113282
-0.40102091
-2.26028657
-0.89025253
0.86339092
1.69043505
1.64494419
-0.48743084
0.09105728
-1.81065118
1.61211276
0.13309352
0.87659764
0.09899142
0.77156240
0.03433820
0.51797831
-0.01282339
0.22880581
0.55834037
-0.50743687
4.19496393
-2.87381506
0.22757614
0.74573839
0.54167283
-0.61957848
0.09928833
-3.18331194
-0.62260544
0.00124846
0.25223625
0.07395850
-0.39175484
0.96300441
-0.59406877
-0.87900424
1.59973943
-3.37989855
0.50113916
6.44013405
-0.02633210
1.07870841
0.11383642
-1.09757090
1.21752989
-1.01720977
0.42628875
-0.44466361
-1.02488577
0.50495565
-1.42803228
0.48524356
0.03646914
2.09376836
3.20923781
0.62848562
1.79305124
-12.00224209
2.26989365
0.93940121
1.44781625
0.87739033
-0.32542446
-1.23746741
0.65188855
1.71242213
2.08889723
0.81849104
-0.73499650
0.43958953
0.17727068
0.76231533
-0.12078502
1.50848627
0.72143394
2.88970351
0.27891916
7.83663654
-0.02548100
-0.11822324
1.33863974
1.81909406
1.00064099
-0.61226249
-1.91938651
0.68407500
1.82099104
0.85532188
-1.85815942
0.95528203
-0.81572449
1.61662531
1.86935425
1.54325914
2.20180178
-0.92241293
1.09148407
-0.86291975
1.15825284
0.77117157
0.39511755
-0.77489513
-0.30508319
1.10590041
1.65056050
0.02067606
-1.03235924
1.41605759
1.27582896
-0.18956083
1.38241959
1.94651198
0.02748764
-1.00745070
1.28427339
0.21935543
0.32201710
0.00132772
-0.11448443
0.12551729
0.39535004
1.14077210
0.06153610
2.00068307
0.08820643
0.35233593
3.78677392
-0.77864909
1.29912961
1.02017605
1.18166232
0.15652068
1.23634887
3.22812271
-0.10982668
0.12723424
-0.63289279
-0.58927149
0.40541071
0.28232980
-0.47681382
0.05154051
-1.67886543
0.31080908
0.03985820
1.62126243
-1.11664248
-0.52174109
0.26052400
0.18936551
1.68220699
0.39804640
0.86061543
0.52124727
2.25683308
-0.08048936
0.46255067
1.38701141
-0.43195295
-0.71521646
2.02279425
1.66220438
0.91126049
0.60558248
-1.36084461
1.29749107
-1.41950941
-0.34052068
-1.15064263
-0.75164115
-5.61283159
1.21461117
-0.57850796
-1.16260898
-1.44374573
0.79315561
2.04002309
0.27703986
-5.83554983
1.54910111
-0.50167626
1.24954951
1.12188780
0.91380745
-0.70245373
-0.54472870
0.30095908
2.91483903
0.08682603
1.35351396
1.66623986
-1.65255511
-0.27215412
0.33352476
-0.02624256
2.50391889
-1.79710877
-0.79586828
-0.94946665
-0.33580199
-0.00205631
0.09484225
0.86949462
0.63210332
1.67786407
0.68946391
0.47598472
1.02775228
-1.23085451
-0.34256679
0.32306519
0.36928269
5.18206072
-1.68092048
-0.61335659
0.72235119
1.67662764
0.50314337
0.73423249
-0.58859164
-1.42984080
-0.06485519
-0.31518301
1.17948484
0.11502799
0.42166308
0.10940318
-0.20002954
2.56343842
-0.45160496
1.21304810
0.91094345
0.98871922
-0.83470434
-0.36290795
1.24761093
2.90819454
0.83644670
-0.55444789
1.58205903
-0.21559696
-1.09404981
0.65104330
-11.51631737
0.37784901
-0.01534528
0.12209772
-0.29626155
1.11249053
0.95491719
1.48257625
1.01912165
0.14174826
-4.17402697
0.32625639
1.81609249
2.56295514
0.34914112
-0.43474928
-0.75975984
1.54737771
1.25395048
-0.62213242
1.42981017
0.40869090
0.91814011
0.20194039
-2.22471571
-0.19282898
-0.07170533
-0.21623196
-0.29932994
-1.13274097
-4.15575838
1.67749465
-0.33764771
2.49095798
0.65173542
-0.02344769
0.31255043
-0.49776936
-0.11579318
-0.12709492
0.30746794
-0.05293213
2.14503479
1.13332689
4.75931692
-0.73870748
2.31695533
0.89357466
-0.49188662
-0.36997601
2.16041255
0.60209513
1.73677063
1.03246367
-0.31900805
-0.04191306
-2.69206095
0.26016688
-0.15566105
-0.90151179
1.36935592
-0.41823581
5.14630699
1.14434540
2.26603031
0.06147445
2.16373539
0.51372999
-1.69347692
0.89709413
-0.38069180
2.68293285
1.03655922
1.26815712
-0.46878341
0.74204737
-0.31600818
0.79724932
0.83778924
0.02549121
0.00336490
-0.20256793
0.71872687
0.61266720
0.67486298
0.62742573
0.33060598
0.90902489
0.90357512
0.82414556
-0.22301356
2.65432429
2.05909157
-0.56155527
4.78358221
-0.13497160
-0.24071352
1.65044487
2.31318831
0.36499169
0.43228874
-0.08212932
2.23533964
0.80697846
1.55800593
-0.49973437
0.01099912
0.00100366
0.63811654
-0.46596900
0.43679240
0.47299138
0.21978474
-0.27134430
0.45067549
0.98514062
4.24043465
1.49826276
0.22579361
1.85179031
0.44472721
-0.61712450
0.31287712
1.52089393
-0.97787994
0.47653660
1.58505166
0.04298797
1.09483790
1.19548535
0.36429858
1.68141305
0.15069416
0.27096748
1.09414697
0.05430842
0.38384971
1.35274005
1.21622074
0.24303605
5.22781515
2.37244797
-0.20961958
0.16336551
-0.02185943
0.27696347
0.34686780
2.60307503
-0.67206258
0.06459823
-0.09115019
-0.22537565
1.59406543
-0.40755674
0.11619702
0.09445556
0.32259637
2.23689485
0.07636726
0.19386226
-1.67311966
0.86764139
0.90191728
0.04796928
-0.56175047
0.32995009
-0.88434446
0.79666871
0.17652519
0.05529235
3.65710044
0.09957997
-0.26347387
-2.10612512
-0.00252602
1.12913227
-0.72222412
0.91324860
1.68469048
-0.61677575
-0.91538042
1.02019429
0.80572897
-0.58521616
1.13660121
-0.99232084
0.56013966
0.08203302
0.30713582
0.42901823
-0.63564897
0.67862403
1.09269416
0.35004866
-0.30055419
1.47543132
0.82747322
-1.83298242
0.24310659
-0.24992566
0.21608768
-1.74793196
-0.37840265
-0.33517626
0.13476904
-1.62589228
0.09791745
-0.65118903
1.79355860
0.31594592
0.38127106
1.32996368
1.05871737
3.12409306
1.00889325
4.72498369
0.07993350
0.64162463
0.36636940
0.98749185
-0.45534003
-0.12298628
-0.65211004
0.51705474
-1.17974019
2.24451280
-0.27794608
0.11118032
-0.17018202
0.08406609
-0.61323655
2.18793869
4.36711407
3.68680906
1.10754621
0.24312459
0.14907852
-0.42433608
1.28991246
-1.02314544
0.00929606
1.98707449
1.43070924
0.53329861
0.00738376
-0.20702267
0.01046510
-1.04555881
0.03055719
-0.00596134
0.35262877
-0.76367801
0.10231471
-0.02504801
-0.16457802
-1.21874833
0.18876438
0.97955698
0.04038364
0.31252083
0.33810949
-0.47806334
0.24617036
-0.29437873
0.83338982
0.51178765
0.18724594
-0.13272698
-0.43700731
-0.12812583
0.51483029
0.45591250
0.79615802
-0.12062025
0.99972385
0.42584670
0.13108450
1.11630428
-0.40740317
-0.37820086
-0.33700839
-0.08569343
-0.05431760
0.45965689
-0.55195230
0.65117902
0.30515021
-0.07575144
0.53673190
-0.22206070
0.65780848
0.12235776
0.10447436
0.01172414
0.16269740
-1.17856836
-0.40460709
-1.86094260
-0.22005859
1.02816188
-0.56700701
-0.03674486
-0.23407838
-0.32224682
1.07731128
-0.31259018
0.61881059
0.29872712
-0.06424857
3.22204399
0.26128471
0.53251505
-0.42676908
-0.14494899
0.33461434
1.22590649
-0.05141003
0.39824560
0.38374066
0.36805260
-0.20915195
0.36784005
8.31784058
0.86900806
1.12733817
0.32904562
-1.26887000
0.03880401
0.87072623
0.19458796
0.35501114
0.52698475
0.78329802
0.40341604
-0.62949210
-0.42684168
-0.60206771
0.28813273
0.05739474
0.42351174
0.48278347
-0.02204146
-1.58563471
0.25610012
0.92467189
-1.22547746
-0.62695801
0.52209342
-0.07399713
1.16363132
0.35081312
0.12929238
0.26618543
2.84416604
-0.44615880
0.27561554
0.09853736
2.63482380
0.40341905
0.45641300
2.98060799
-0.45911515
0.38728589
0.30585185
0.55211323
-0.16086628
-0.13047971
-0.14914401
0.55126923
0.99619490
-0.69431996
-0.13040622
0.12328467
-0.01524099
0.26293930
-0.30471498
-0.50870240
0.19753040
-1.10287225
0.27121836
0.14598720
1.32262397
-0.21451223
0.07852281
-0.16552983
1.55310559
1.14013565
0.05119210
2.35547709
1.94776547
0.10930823
-0.03318312
0.58269626
-0.10110130
-0.58356571
-0.03307772
-0.68977928
0.00112405
1.46583354
-0.47241235
-0.10253990
0.25477365
-0.58483624
1.51305485
0.51784611
-0.07681671
0.76480287
1.60468626
0.04165851
-0.54223335
-0.10361455
-0.08690130
0.56141627
0.06777199
-0.06367750
0.38619730
-0.27533174
0.69691861
-0.46944305
0.75329083
0.20582749
0.06781827
-0.38918397
-0.14178856
-1.18400884
0.03490543
-0.01340284
1.33371520
1.03584445
-0.23287071
4.18232775
0.36888561
0.40275159
1.39187837
1.92569005
-0.39623833
-0.12479079
-1.12945414
-0.53499329
-0.29725024
-0.20424107
-0.02678753
-0.20193416
-0.08262528
-0.93903995
-0.19634531
0.85912985
1.37971449
-0.26030079
-1.85604680
3.36126494
0.07930604
0.18385778
-0.42995405
-0.26663274
-0.10182599
-0.55843264
0.00475912
0.60946518
-0.09587198
-0.02728611
-0.03355805
0.18340029
0.43790638
-0.22540069
0.22040981
0.82321823
-0.55603820
-2.33953810
-0.20980714
-0.32336405
0.34572980
1.00693500
0.70083016
1.41733050
0.28898078
-0.23504387
1.00188494
0.69427890
0.27527535
-0.04354973
-0.02473654
1.36345816
-0.15902427
0.06700291
0.48603141
2.80505753
-0.09212327
1.52026975
1.19552660
1.26607895
-0.53713310
0.50080657
0.55272400
-0.32578090
0.88854969
-0.24608549
-0.48464552
-0.19350415
-0.20705023
0.15999664
0.24978705
1.36432290
0.04438785
0.99543560
0.16880180
-3.36095452
-0.44591054
-0.48463291
0.97360641
0.88821918
0.04991704
0.32160810
-0.84414488
-0.18461923
0.00069671
0.60382181
0.27911124
0.31990004
0.11310068
1.65134621
-1.01657569
0.58263284
1.47192955
0.15597577
0.02473100
-0.02504304
0.08805855
0.15494172
-0.28662270
-0.43838266
0.04968039
0.59150887
0.93570781
0.01185838
-0.24570093
-0.20107365
0.74493086
0.34580785
1.16644883
0.41769451
0.11535697
0.19397345
-0.45812601
0.01721062
-0.90305966
-1.29187262
0.02009113
0.70579785
-0.21854390
0.37181967
-0.44175655
0.95217258
-0.24232239
0.05702584
0.64859569
0.24846430
-0.41663149
0.49499723
0.24928819
0.35846207
-0.00984250
0.99739206
-0.41049832
-0.10803595
-0.82687557
0.34924978
0.26062101
0.04305934
0.65871108
-0.02805265
0.58560199
0.36059541
-0.28865713
0.44228134
-0.89313191
0.36042464
-0.03962478
0.56064332
0.06199137
1.12361991
0.16164511
0.08439344
1.51172912
0.49014449
0.61757678
0.39982742
0.02183980
-0.04351671
-0.79326397
-0.24785171
0.37013280
0.38258582
1.66544640
-0.51143682
-1.87745535
2.93956041
0.10519687
0.24454878
1.87061083
1.85427141
0.25657910
2.55360126
-0.95903635
-0.28848094
0.12530862
-0.12100262
1.61079359
0.55275631
0.14070673
0.48544052
-0.41780475
0.34090671
0.96045756
1.23585200
0.08182882
0.49235845
0.12492551
0.24299248
0.82534868
-0.80813354
1.09923279
0.55623943
-0.16584380
-0.97545832
-0.49600032
0.58854276
-0.33475915
-0.05197213
0.19734924
-0.17131799
0.85928911
0.67758101
0.53820539
0.45324832
-0.22132543
0.26925895
0.05589109
-0.12115503
-0.99365920
0.09472397
-0.78735143
-0.82777297
0.87402064
0.18612875
1.22232044
-0.02947828
0.26416895
0.49401733
-0.89942575
0.06586485
-0.06966303
1.22959352
-0.30173510
-0.17339531
-0.15886983
-0.21081568
-1.10744905
-0.12775914
0.12497136
-0.20325924
0.13399170
0.40740901
0.25239843
0.81660241
1.60496902
0.52179497
0.16541138
0.68206352
-0.42649141
-0.49536496
1.00652122
4.43627930
0.95917553
0.89651358
0.63919306
0.53095692
-0.69232130
0.38770941
1.15984964
0.81854630
0.72332096
1.94401550
-0.01858605
-0.24510358
0.10659478
0.43719736
-0.12037421
0.43694523
0.54031837
1.00971639
-0.15349133
0.55644667
-0.21774262
-0.57728970
-0.19923231
-0.41548857
-0.05010867
-1.22176850
-0.11457013
0.37372497
-1.01899099
1.83566678
0.79122758
-0.04881813
0.62596744
0.26477274
-0.07334986
0.00314822
-0.04093908
-0.72144139
0.18465281
0.69048136
-0.21906009
0.00451842
0.26717216
1.49910235
0.22097035
0.93502784
0.38866171
-0.50303072
0.69962031
-0.63798547
1.46204436
-0.30228794
0.72363758
0.38087559
0.02877848
-0.16283986
1.29841661
-2.01390409
0.07698770
0.78996372
-0.45458055
-3.38512301
0.62186050
1.08200824
-0.02737982
1.77309787
0.06137170
-0.24310349
0.58477861
-0.34599140
1.98283148
0.50931412
0.17006709
-0.03159485
-1.01970291
-0.07251808
0.21576771
1.33887184
-0.00583381
0.68479717
-0.91240740
1.26967585
-0.11023446
0.92283499
-0.03569420
0.78422201
0.40136200
0.41027570
0.56986207
0.45563826
1.72487283
-1.97638500
-0.43283379
-2.05671191
-0.22872241
0.93455315
-0.44545773
-0.05042463
-0.57278109
0.21955352
0.72557890
1.30278337
0.37527901
0.44546840
-0.24477743
-0.11413122
0.52878141
0.92066491
-0.15887889
0.70564592
-0.15065283
0.16640522
0.67713809
0.45601872
0.83178133
0.38453388
-0.36480308
-1.86024249
0.57181883
-0.46872145
0.14332552
0.12377407
0.47544700
-0.60150546
0.18890402
-0.39106861
0.01904985
0.12651856
0.20692794
0.00552192
-0.26088321
0.03033738
0.64982754
0.24058190
-0.27444157
-0.13642144
-0.51164669
0.91564697
0.16426393
2.81031752
1.95647049
-0.35627472
0.31849623
-0.00523055
-0.16195923
-0.02276170
0.84051597
1.24573338
0.17138901
-0.09752261
-0.33307496
0.01334507
0.02013847
0.65894830
-0.80543733
0.15070897
1.23464489
0.11443309
-0.34713846
-1.54536402
0.01615587
-0.47975791
0.17301825
-0.51399243
0.65581614
-0.55820930
-0.65075696
-0.35274842
0.03412582
-1.15171254
-0.14093344
0.28676376
-0.89746439
-0.87840146
-0.80955893
0.09891590
0.22523969
0.69275475
0.09542777
-0.50580031
0.25596827
0.65735424
-0.73236102
0.16763586
-0.45215350
0.88664103
0.02010365
3.03496957
0.19942291
0.43953267
-0.00207758
1.15581787
-0.21861787
-0.26466480
-0.47744730
0.14680794
-1.19723511
0.16859648
0.13228196
0.17479655
1.45650041
-0.14986345
-0.06774633
0.23055097
-0.46980456
-0.03995199
-0.21839370
-0.09011899
-0.63635242
-0.02005707
0.81595176
-1.15594423
-2.41458559
-0.11354333
-1.19299471
-0.07652137
-0.05718475
-0.05987448
-0.34843603
0.11115842
-0.50881404
-0.33732331
0.34806523
-0.18753101
1.46546185
-0.33653560
0.14059837
-1.00263453
-0.02860225
-0.36055970
0.49585927
2.02514768
-0.37348679
0.52587718
1.21139240
0.08398373
0.34005409
-1.99905932
-0.10806943
-0.26893172
2.18139720
6.02998972
1.40573704
0.41579974
0.33245927
-0.45755494
-1.25413454
-0.09327432
-0.03885765
0.30086631
0.22233945
-0.47699544
0.16167970
1.52720499
-1.35683918
1.66850781
1.58189797
0.92137533
1.19494522
2.80104303
-0.55268371
-0.48102629
-0.02378716
2.18239021
1.09537458
1.55218768
-0.32246262
0.01810118
-0.54594988
0.67677224
-1.87101197
1.10401607
0.41444957
2.49028015
0.52238339
-0.41366252
2.03886676
-1.01428044
-1.27799904
-0.47144085
-0.41984206
-0.90355432
1.36147487
-0.27605698
0.74972254
1.70667493
0.06126532
2.01092625
-0.67760855
0.25931773
-0.09349289
0.34944224
-0.33098081
2.02919626
-2.19758463
-0.76499414
-0.02014109
-0.37124291
2.03641272
0.45618269
0.45542541
-0.91303176
-0.31390628
-0.18358368
1.68505335
-0.65180820
1.43182468
-1.81345916
-0.92702657
-0.48929027
0.24489236
-0.45474514
-0.29321963
0.17064279
2.23601890
-0.28423455
-0.52939701
4.78265858
0.83753264
-0.06256150
2.10874963
4.86491013
0.25319457
-1.24342322
2.32317901
3.33316994
0.09058425
2.19371057
-0.61322641
1.52178478
-0.10497637
2.15411830
-2.48307920
-0.10927889
-0.61655557
-0.94255948
1.59026361
0.07378488
0.90768045
1.77057016
0.03339558
10.75444984
1.69954467
0.98211432
-2.56637311
-0.14455640
1.30677307
0.53029555
3.07068610
0.68906480
-0.13969067
0.94778687
3.40053678
-0.56567103
1.29042614
0.65450513
-0.30228764
1.81542981
1.10971606
2.28076577
0.59956515
0.90231466
0.08283132
1.71275008
-0.09219123
-0.11453766
0.11387761
-0.02406064
3.96160364
-1.18187118
1.13462305
1.43918133
0.45559186
0.62775177
-1.41064727
-0.27319396
-0.04009667
0.34850550
0.54222268
0.57010591
1.00545681
-0.36428642
0.83914679
0.73097777
5.65459871
2.90432787
2.21324062
-1.50946748
0.47386950
1.33945608
-0.03141546
2.32840300
1.10571921
-0.87732619
0.04978628
-0.35799414
-0.04295365
4.17445517
-0.09339123
0.03012143
0.31293172
0.92256600
4.82680798
0.18183880
1.17178857
1.34954047
0.77659833
0.22517321
-0.93231338
-0.73597932
0.07102159
0.82732451
0.72469717
0.10806753
0.58984154
-0.43407121
1.13203692
-0.75422251
0.00577996
0.96025145
0.23398012
0.33144367
-0.12277586
-1.72463691
0.14835076
0.01023897
-3.39217663
0.24735972
-0.18675700
-1.22673738
-2.79985785
1.71054685
2.54109788
2.85588741
-0.27225968
0.16370708
-7.02837992
-0.73035884
-1.19991088
-1.11770999
0.07949585
0.80710435
-0.46934560
2.91560698
0.07305900
1.80532014
4.81991673
-0.55198491
0.57249790
-0.86479795
0.09544113
1.39864862
-0.00682556
-0.71843761
0.12946559
-2.51776218
-0.34939754
1.24026310
-0.17746149
-0.19466269
-0.71717250
-0.56143099
-0.01107588
-0.69238698
-0.19690160
0.41943941
-1.43765163
0.02098715
-0.62493682
-0.16607714
0.23177244
-0.12127000
0.42162120
-0.41052157
0.50654066
-0.39471290
-1.15664685
0.82220352
2.68939209
-0.41667750
0.20892878
-1.21515906
1.40331781
0.32094422
2.14619207
1.27823985
1.26901269
3.63953614
2.20236158
2.07753468
-0.47015235
-0.95111370
1.42209160
1.73349416
0.77975756
0.10594694
-0.51589262
-0.37870234
-2.16837692
0.95019060
0.38932076
1.24145031
-0.32775611
2.48750329
0.70435333
0.07890514
-0.75802797
0.03514716
0.35515711
-1.26529682
-0.56908607
-0.09605622
0.88704067
0.17220043
3.26862669
0.66301835
-0.49058557
1.43247378
-0.32571110
0.94157791
-1.26042032
1.93628323
2.11385202
0.00984418
0.97183442
-0.86212313
-0.92394996
0.80131871
1.79297268
-0.52113736
0.76333553
1.21350038
1.50174832
0.20751065
-1.38649106
0.06230270
0.49388275
0.71542174
1.44076765
1.70388317
0.63948148
3.29683876
-0.34483448
0.42959830
-0.63091075
-1.06585002
-0.41892442
2.12367129
-0.46182486
1.69127548
-1.57755697
1.45176411
0.39490029
1.15215659
-1.69937444
0.04356398
-0.69152284
1.75479138
1.16710103
0.49602032
-0.79373229
0.78286856
-1.62862265
0.59099859
-0.48509774
-0.20005679
0.24663815
0.50829864
2.33361840
-0.02980934
-0.45323241
1.16660869
-0.37651882
0.71876055
-1.23560071
-0.08732057
1.53634822
1.85811329
0.12113481
1.65678704
2.42336106
0.97558475
4.90014839
3.34092760
1.78361833
1.60985684
0.58174807
-2.99871278
-0.86547160
0.70783138
-0.49453998
0.62211782
-1.19637072
-0.03467937
-2.02488852
-0.80582756
-0.35939288
-0.24447396
1.40067792
4.59572411
1.41997957
-0.68357944
-1.22593534
0.05508421
1.18169463
0.18510237
-0.94164151
1.15988052
0.03867295
0.88135827
-0.33016548
1.05244541
-0.20137130
1.92653441
0.40405849
0.40924573
-0.00861216
0.05637781
-1.82290936
3.22889519
1.32809854
2.58283091
-0.13370368
-0.40205514
-1.49727356
-0.44924366
-0.15392528
-0.40154526
4.94993782
0.43330568
1.53243399
1.41348910
4.50082397
0.57171667
0.26822278
-0.80141574
0.64555538
-0.87735140
-1.54053652
-0.22113028
-0.63253558
-2.44046760
-0.88296431
1.74483287
2.75875902
0.21725509
0.34289208
0.40755948
-1.54395592
0.03744768
1.19636917
1.69674313
-0.25336188
0.02067743
-0.00220765
-0.08565595
-1.08615446
-0.48573238
-0.44961488
-0.04958838
-0.09374817
-0.41837072
0.98720306
1.65638840
4.41044426
1.32290602
1.41388798
1.23895359
-0.55344200
-1.33524024
0.59656596
0.61193156
1.13151968
7.99610233
-0.41438171
0.72550333
-1.32908356
0.97516018
1.58911228
0.99494582
0.25001812
-1.21801043
-0.98825526
-1.15667117
0.55859488
1.17993188
-0.62210834
0.08481104
3.66274166
1.16284037
0.36802840
2.32218146
-0.63780135
-1.15504313
0.11197703
-3.13944840
-0.15356065
-1.81400502
-0.81688535
1.29580271
-0.88896000
0.06877077
1.98049104
1.96210933
2.14356661
-0.56840611
-0.01784222
0.49405885
-0.53993350
-0.87163627
0.34227872
1.97689223
0.00189698
4.10301447
2.21213484
3.44306612
-0.38804048
1.97483563
0.89527506
-0.51793545
0.12974280
-0.32728156
2.03887606
-0.16456452
1.22007275
2.27943563
1.32949829
-0.29780501
0.01164120
-1.38832724
-1.02656066
1.55824411
-0.41872743
0.20910342
1.05437124
1.77070057
0.04449295
4.60369492
0.55399597
-0.56909525
0.93298745
-0.37452880
1.26616466
1.26006210
-0.04380528
0.30340922
-1.71184587
-0.44137144
1.34518623
1.17357957
-0.01153339
1.57017231
-1.37938178
2.36312985
0.33717921
1.65106487
0.95822686
0.44509467
1.12181723
0.08254057
0.73411554
2.52373385
3.14105749
-1.17533815
-0.70659286
-0.38865438
-0.15617138
1.24948466
-0.31979841
-0.90289217
-0.92926693
-0.27013522
1.33400083
1.18401873
1.05659246
0.29367626
-0.15548307
-0.48989719
1.44926882
1.45181572
-0.12456230
-0.35465270
0.81324315
1.18546939
2.64840388
0.39573148
1.88572538
-0.00795922
3.39220762
-5.82566404
1.57883883
2.62734842
2.39038038
0.39307457
0.87668806
-0.60147572
0.71805847
1.13705814
0.22155403
1.27306306
1.50676274
0.46704015
1.67566216
0.05666450
2.06787992
1.65394413
-1.04762709
0.22743270
-0.25011337
1.17799807
0.24120937
4.92417908
1.75546408
-0.76886064
0.60392457
-0.04779478
0.07075596
-0.28976390
1.80366445
-0.10347921
0.22305007
-0.75411755
0.26310432
1.19016016
0.03411387
1.33732820
-1.11663437
0.51424372
2.24652624
0.32434526
-1.33615017
-5.44660187
0.62126625
0.44496968
0.01344063
-0.78072947
1.44490051
-0.94831759
0.81470817
-0.25426784
0.32729805
-0.73102415
-0.34156504
1.75237465
-1.30738115
-0.65807021
-0.88069385
-0.25886962
1.84568965
1.75985956
0.82301921
-0.67568690
0.42831177
-0.68122691
0.65812486
1.26184320
-0.13037276
3.22290540
0.12434577
0.01170481
0.35179576
0.04257876
0.31210372
-0.54865181
0.39125797
-0.12627907
1.05845118
-1.26935458
-1.04473948
-0.31519461
2.14263892
1.40392005
1.66855168
-0.45385182
-0.32004586
-0.14668265
-1.28305626
0.06350654
-0.72314215
0.69411278
-1.10957921
-0.50325811
1.16358984
-2.13615894
-0.30785382
-0.21540384
-0.41484261
0.00301877
-0.81001735
-0.43498722
-0.46760336
0.19708312
-0.55284184
-0.50346971
0.36198822
-1.05134165
0.84627616
-0.48913136
0.16021743
-3.05801702
0.08284114
-0.60680348
0.08029733
4.93470383
-0.40764180
1.52410066
-0.03548307
0.18656097
-0.33583987
1.15958238
-1.19444680
-0.03886310
1.97982037
1.57455742
0.44284573
0.01217421
-0.15843764
-0.40552190
-0.97286725
0.05296548
0.00808644
0.42267767
0.76350808
0.04411514
0.01539349
-0.29455173
-0.88014686
0.01681177
0.97865754
-0.08063484
0.43060493
-0.12616880
-0.40706417
0.28765646
0.38441956
0.75798690
0.39606014
0.28341630
0.34182638
0.52860898
-0.13779132
0.20801567
0.23337591
1.02851272
-0.11210573
0.83488631
0.47857204
0.11177550
1.02836978
-0.66419363
-0.66862434
-0.29685864
0.40200445
0.06173820
0.27420661
1.38251340
1.92872846
0.38036975
-0.04406053
0.51375407
0.66213751
0.74630260
0.25079533
0.05900836
-0.18124790
0.47342527
-1.12408757
-0.34341228
2.18360996
-0.48216325
1.05586529
-0.02972988
-0.05459615
-1.03976274
-0.25094825
0.16179305
-0.12885103
1.03305781
0.41479862
0.03181377
-4.16365814
-0.13743421
0.51552153
-0.21066789
0.08373374
0.24238248
1.26768219
-0.13821243
0.38935035
0.33677441
0.25353229
-0.04688925
0.37795758
0.28355253
0.82999080
0.68005335
0.40147915
-0.93499762
0.05598829
0.68161851
0.27166936
0.20440345
0.59729737
0.42810810
0.96459407
0.76811647
-0.36979717
-0.59287691
0.42068863
0.04207489
0.60763222
0.60845774
-0.00980086
0.96808845
0.24237201
0.86630380
-1.40272427
2.16286135
0.45883054
0.23009387
0.97558874
0.34222433
0.16654560
0.27136597
2.59195733
-0.43586785
0.03071911
-0.19769642
-2.51645994
0.45579275
0.42440972
-4.28063869
-0.83102262
0.19953310
-0.28942156
0.55406445
0.29540822
-0.24750546
0.16856244
0.67719465
1.12956774
-0.63870263
-0.09967636
0.32370028
-0.04999368
0.57817763
-0.47581539
0.13754229
-0.45393336
-0.32791185
0.23764294
0.08405536
2.08728623
-0.18181239
0.32261500
-0.02025614
1.30264568
0.93643093
-0.18283144
-0.77078134
-0.49060971
0.28040382
-0.04938737
0.82220954
0.36572653
-0.80607069
-0.04317341
-0.65609592
-0.00868631
1.35381651
-0.37110230
-0.07728133
0.45721236
-1.68928552
2.25660205
0.57870418
-0.33691803
0.62653971
1.79115665
0.11971638
-0.41652420
-0.07900713
-0.10830983
0.51825345
-0.00573588
-0.02384950
0.37167919
-0.28392076
0.78607070
-0.50545806
-0.60792065
0.13614953
0.10686565
-0.38988134
-0.10105891
-0.98656285
0.02862085
-0.01602610
1.31830180
0.02567805
-0.22809865
-0.79245812
0.97537994
0.12151565
1.42145932
1.93342900
-0.43107727
-0.14136501
-4.61825848
0.31251127
-0.35189131
-0.12216843
-0.07402558
0.02193472
-0.07877352
-0.31094617
-0.24080603
0.63915998
1.19672418
-0.44461298
1.37378931
-1.80677712
-0.08960900
-0.07410272
0.12647991
-0.24470282
-0.15065216
-0.75605941
-0.03798110
0.63212305
-0.01683870
0.03149048
-0.00390133
0.15786195
-0.33081913
-0.19458707
0.22642170
-1.26744604
-0.48461956
2.57624292
-0.18743965
0.42122254
0.40398216
-0.24483080
0.60496944
-0.74406612
0.20098247
-0.30256024
-1.34806883
0.73854184
0.23045194
-0.05258698
0.00290984
1.58521926
0.07114378
0.04827739
0.37461191
-5.39085722
-0.22512408
0.96789020
1.18076313
1.28273082
-0.53275782
-1.19202375
0.60192466
0.40704894
0.77621013
0.01086925
-0.24899806
-0.37792265
0.01749307
0.12339661
0.32148221
1.41607082
0.04103773
0.19777912
0.36569461
1.97742665
-0.46138841
-0.47055760
0.93091691
0.94002062
-0.01141821
-0.25405183
-1.13273335
-0.03798478
0.33047813
0.76516062
0.32181096
0.13068768
-0.23270254
1.66185236
-0.89923394
0.42269680
1.31283855
-0.31012115
0.12775108
-0.12895615
-0.00725659
0.36532825
-0.33030719
-0.49358922
0.04763244
0.68896544
0.79328853
-0.02022249
-0.23738785
0.31528008
1.01036227
-0.02506420
1.15589035
0.41389206
0.15243551
0.21503800
0.25135908
-0.06533072
-0.70014262
-1.52679276
0.10135879
0.70733678
-0.26190099
0.43619734
-0.01342463
0.81298000
-0.07586644
0.06118163
0.10839184
-0.64491069
0.40734184
0.52588588
0.72354227
0.41610613
-0.13483876
0.53545827
-0.33821842
-0.28232411
-0.83478838
0.35453272
0.26840016
-0.04146477
0.70681739
-0.08481260
0.61711264
0.60531020
-0.34023976
0.41054672
-0.77566969
-0.24426997
-0.31713018
0.54108721
0.42548844
1.14802980
0.04242155
0.05992270
2.34846950
0.45081884
-0.04077180
0.10514556
0.04311723
-0.04292176
3.11642671
-0.27839169
0.34579235
0.32737929
-1.04926896
0.33062819
-2.00228810
-0.97921687
-0.02544028
-0.37857011
-2.93735552
1.84542084
0.35124961
-3.34101748
-0.90860236
-0.08434043
0.31179193
-0.03542061
-1.86116707
0.78585058
-0.21577011
0.53238738
0.42523435
0.43187982
-0.26154718
1.29856539
0.13242699
0.62081462
0.06516224
0.22886427
0.77867985
-0.06913576
1.03236890
0.49550152
-0.13201490
-1.22279453
-0.52682352
-0.25014126
-0.44229612
-0.07202332
0.15351319
-0.10052612
1.11466181
0.66362941
0.33575749
0.43787009
-0.09046386
0.24736734
0.32503727
-0.15199709
-0.94079661
0.03017475
2.44743776
-0.85592967
-0.65302479
0.46470335
1.55005765
-0.04964764
0.28082234
-0.09548354
-0.30044398
0.00551880
-0.03291896
1.40524268
-0.27535984
-0.07365534
-0.05131520
-0.18785407
-1.11659873
-0.11225585
0.12443377
0.23894589
0.21652012
-0.74960858
0.20015194
0.87756193
2.69724512
0.61487347
0.28986686
0.87239391
-0.30880776
-0.47575369
0.74477446
-3.41934586
1.07495296
1.29843271
-0.05230407
0.52170879
-0.64782029
0.40314308
1.13664830
0.74617273
0.89627957
-2.59339595
0.00983944
-0.72534961
0.18579894
0.67208433
-0.20619757
-0.49285638
0.37274283
1.12029684
-0.20010509
1.00237131
-0.11953873
-0.57152325
-0.22662333
-0.24882163
-0.12737933
-1.08251143
-0.31952035
0.34674421
-1.06432045
-1.99765110
1.24261880
-0.01273781
-0.01543017
0.22452971
-0.03547199
-0.01669343
-0.49344954
-0.88646752
0.19589329
0.57551599
-0.14123222
0.01600261
0.47011355
0.43819726
-0.14440154
1.03571618
0.49720055
-0.55532146
-0.23315847
2.24233246
1.31892967
0.93169433
0.65650094
0.21894486
-0.06017424
-0.14804712
1.37157786
-1.91894174
0.17030708
0.57159609
-0.39647973
2.11050129
0.64881164
0.82287484
-0.02079560
2.09881043
-0.01627464
-0.52464890
0.79416955
-0.11779959
1.86266804
0.50649875
-0.01943385
-0.02074061
-1.00773942
-0.00920988
0.18912430
1.15488636
-0.04739125
0.65539324
-0.87055498
1.19758511
0.27391538
0.82276845
0.01329205
0.48998275
0.23482428
0.35586730
0.43046385
0.37168890
1.63362992
1.66206622
-0.47075903
2.54578328
-0.24877799
0.80533773
1.32335126
-0.04490557
-0.59847504
0.23327284
0.53855479
1.00811899
0.37960914
0.64349443
-0.17779592
-0.25099126
0.45068306
1.18664217
0.01898640
0.76262081
-0.08316069
0.20189202
0.68017542
0.27683640
0.78661114
0.75477487
4.60962152
-1.93145800
0.55924743
-0.18259169
0.19571787
0.13720314
-0.12618172
-0.13121231
0.26028094
-0.74963939
0.00687344
0.03962320
0.30913457
-0.11602075
-0.19173174
0.03501202
0.66927677
0.23861414
-0.26639509
-0.10650248
0.78655547
1.07720673
0.20241429
3.19189477
1.91468048
-0.42134598
0.32580006
0.00679459
-0.27954030
-0.00807817
0.87703496
-0.23098435
0.17099024
-0.06284143
-0.25039461
-0.25889632
-0.07766724
0.78622854
-0.99510217
0.13362591
1.45379269
0.04761885
-0.47594124
-1.93194115
-0.10366651
-0.16161290
0.16444324
-0.54245269
0.59343177
-0.61769092
-0.43900695
-0.24581170
0.01968372
1.16221201
-0.12706049
0.33638197
-1.13181567
-0.85745597
0.74477440
0.14353333
0.22752970
0.86052865
0.12484469
-0.48526639
0.19043997
0.55544138
-0.92701977
0.10062806
-0.35232782
0.95282614
0.00054116
-1.00774395
0.09774725
-0.27891183
0.13203120
1.12307584
-0.10385866
-0.24252467
-0.40262055
0.18234855
-1.49290419
0.26814738
0.14836599
0.11079193
1.80971718
-0.12981310
-0.18370813
0.19816585
-0.18066517
-0.04618375
-0.31400073
-0.32053506
-0.70367312
-0.08909908
0.73376888
-1.01959372
4.85726166
-0.17973007
0.79052651
0.09699959
-0.40703663
0.01372439
-0.10320974
0.07053299
-0.55990344
-0.38530940
0.29700661
-0.30879909
1.16131520
-0.33472502
0.14959984
-0.31667382
-0.00017722
-0.34112775
0.34579161
2.13556623
0.13348769
0.45888305
