2.87627692
-2.49866633
-0.67518957
2.51440919
1.06612280
2.10259353
2.27091633
-1.09372384
0.02584209
0.16105609
1.74999068
-1.11258443
0.36222146
0.41929872
1.51720752
-2.72907058
-3.81829357
3.99138931
1.80411679
-2.47233060
-4.99533135
-1.71672256
-2.09116629
-1.39160618
1.84318466
5.53600673
-0.28519109
-0.26047279
-0.35040047
4.33668733
3.37413680
-3.27522386
3.31304774
2.32635125
6.69394838
2.46072525
2.80992517
-1.36824637
-0.09944164
-1.36664029
-2.57384171
6.84649452
2.92169233
-0.02397856
-1.18498177
-1.77895301
-2.07297685
-0.77626785
3.78234410
-1.49591732
2.65621341
3.19130426
-1.98536082
0.11748025
4.58531511
-1.66560847
-0.84938182
1.52201847
-2.06107250
3.33965271
4.16750206
-0.82075460
0.28702406
-4.25871562
0.65360403
-7.65402499
0.86105647
-4.45679433
2.05827972
3.06918598
-3.31582498
3.76362760
-4.30432078
1.06425555
-0.81997419
2.88804672
3.42373388
-3.33509912
-0.99445216
-3.56979924
0.31948095
-2.16689736
2.03184161
-0.38888230
4.26175188
-2.18895311
-1.39194018
-0.89832416
-6.98887177
-2.61871322
12.13984016
-4.08996450
-1.41354729
-1.21049637
-3.74441548
-3.64259660
0.17366069
-2.14092333
4.32570169
-1.60980294
-0.95965685
3.67243254
2.32296165
7.04888608
1.44607307
-2.91675779
1.06741916
-2.29515857
-2.11230005
-0.67770529
1.51133437
0.55333484
