-0.48262024
0.02317317
0.42252007
0.25299999
0.28537405
0.05302552
0.05624295
4.36535740
-0.27002928
-0.03466554
-0.30137682
0.13736279
-0.04199868
-0.09107132
0.00175931
-2.70743513
-0.13689204
-0.18175533
0.06317925
-0.82697719
0.10877256
-0.03631492
0.00859854
0.01294510
-0.51484656
-0.11192878
-2.35394406
-1.98385513
-0.09226825
-0.11540809
0.66003150
-0.46327671
-0.07759340
0.03092918
-0.01198786
0.00972422
0.01910624
0.18951662
0.03505148
0.17416862
-0.24617152
-0.09467882
-0.05337302
-0.91892254
0.02755202
3.43198490
0.05910734
0.07131056
-0.41046190
0.10125221
0.35168430
-1.33072865
-0.61652416
-0.69551682
0.00448207
-0.05291101
-0.03492097
0.04456110
0.64934140
-0.24336763
0.06826600
-0.07449234
-0.11784028
0.31682470
0.07953103
0.05201519
0.88166994
0.27092129
0.29011858
-0.99554902
0.19589540
-0.00235842
-0.59754807
1.17336404
0.00157527
0.02660696
0.53575420
-0.89008194
-0.00054439
0.97379017
0.00455768
-1.92781889
0.00630858
-0.08610132
0.05557992
-0.17776825
0.13085489
0.05028046
-0.08463210
4.02859068
0.13180308
-0.00660100
0.03344835
-0.11560865
-0.06709699
0.41817093
0.06486245
0.05927170
0.23075438
-0.02312244
0.15434945
0.32982969
0.01215232
-3.34489202
-0.46500698
-2.06268668
0.02904223
-0.30475926
0.42811486
-0.15519126
1.19947815
2.40070724
0.44797370
0.12376998
-0.00911003
0.43592229
0.14349991
-0.26142135
0.96505713
-0.08874264
-0.01470455
0.21197174
-0.50894070
0.01528038
-0.17562661
0.12041514
-0.00787971
0.17767650
-0.00490098
0.41535762
0.16709824
0.30383238
0.24625051
0.09903343
-0.22901212
0.00350122
0.06244693
-0.05198880
-0.27603674
0.77874917
0.03929320
0.01291668
0.05148733
0.18735237
-3.18515968
0.00343711
-1.11606193
0.30263317
0.03761634
0.41894796
0.00549266
0.02258866
-0.08431139
0.01879279
0.50658512
0.11120222
0.03918011
0.18046249
-3.12915015
-0.19977577
3.00077629
0.03239278
2.04489827
0.01993344
-1.95277607
-0.79610771
0.82823688
-0.66124362
-0.25236970
-0.49377933
-0.26052558
0.68588257
-0.00175396
-0.34658271
0.03777654
-0.01084104
0.01770411
2.51310635
-0.01601609
-0.33418447
0.25734037
0.20856769
0.02539454
-0.59196883
-0.05600789
0.43982947
4.58183575
-0.00903125
-0.03275952
0.61389005
-0.39831948
-0.02606271
0.03419801
0.03765307
0.97935539
-0.10264058
0.41559213
0.17336760
0.20680586
0.25823602
-0.03410999
0.03304493
0.02995918
-0.09889522
0.13118578
0.84646612
-3.64577150
-2.03000045
0.04577472
-0.04746967
1.60482550
-0.83439475
0.02213584
1.87267864
-0.32146725
0.08322099
-0.99156094
0.20446962
-0.00042071
-0.18040380
-0.27829418
0.21519975
-0.05554299
-0.04512983
0.02607019
-5.29267263
-1.16822410
0.03236206
0.21357082
0.05821384
0.57642335
-0.00985017
-0.13896663
-0.19664671
-0.33016858
-0.06818064
-0.25374383
0.13717128
-0.01098522
-0.17002377
0.70795029
0.19306330
-0.05893590
1.78549445
-0.03012780
-0.02294125
0.14572823
-0.04386956
0.16681236
-0.06957603
-0.12254387
-0.17819019
0.02601941
-0.16568673
-0.14757058
0.20675638
-0.31376782
0.42891249
1.07214618
-0.03640803
0.66282874
-0.06855455
-0.00302777
0.13675439
0.14260139
0.09466534
0.01897949
0.04093329
0.30155706
0.04754378
-0.12032405
0.20491697
-0.92982686
-0.12859805
0.05208740
0.23180094
0.01353758
0.03635753
0.39333162
0.65187603
-0.00355137
-0.06836205
0.15404408
-0.03518468
-0.11655883
5.57507610
-0.21225290
0.10385171
0.18206128
-0.54123425
-0.61082166
-0.04462262
-0.38454372
0.54836404
-0.00752087
0.17489681
-0.02599067
-0.16890076
-2.53117609
0.43811801
0.33681655
1.41965640
-3.47352028
-0.21868330
0.14471206
0.50910622
-0.11673018
-2.57970905
-0.00322312
-0.06444097
-0.11901489
-1.37418985
0.47913644
-0.01352614
0.73753077
0.14686745
-1.43260157
0.18968268
-0.01187792
-0.64043617
0.94755185
-2.23155308
-1.17386329
-0.08701676
8.75710678
0.00641959
-0.03212100
0.02643721
0.00801834
0.31930193
-0.09454338
-2.14634442
0.03357431
0.37073690
-0.48031965
-0.07514016
0.47574332
0.00351844
-0.07875761
-0.05019484
0.06916909
0.72270858
0.02994539
-0.86773527
0.50937235
0.34477568
0.07130565
-0.08171158
-0.05015405
-0.30190685
-0.02491978
0.04155074
0.09422706
0.01584816
0.07498230
0.52338886
0.00996066
0.02356624
-0.00703192
-0.05798406
4.09858179
-0.03463519
1.11746359
-0.27448267
-0.06538835
0.04549920
0.10308991
0.09934244
0.44841304
0.00943733
0.14782259
1.22165930
0.78785443
-0.14180261
-0.00762173
0.07667640
-3.48388529
0.02453947
1.49019766
0.01020693
0.85113710
-0.52001202
1.80936670
0.24873254
-1.24503171
-0.41226023
2.40581679
0.59578812
-0.90600681
0.75046927
1.50690711
2.44332647
-0.04633164
-0.14182028
1.09900939
0.48617241
0.05487822
0.09559623
-0.15151590
-2.19397998
-0.20138012
-0.31287983
-0.13827123
-1.46184194
0.36158022
0.15432250
-0.14202821
-0.56796205
-0.35833848
-0.15559223
3.60546589
7.70778131
-0.19974077
-0.16663787
0.80970305
4.56038666
-0.19784775
0.66657734
0.38054422
-0.05826897
-0.02631588
-0.63468945
0.25843289
0.93460542
-0.28136286
0.07924064
0.12013660
0.21130912
-0.02870155
3.58945012
-0.27343449
-2.94094443
1.44178426
-0.10232088
-4.47374344
-1.52434409
0.13363509
-0.67326355
0.02502766
-0.30672270
0.00590107
-0.13626176
3.07748199
-0.43842876
-0.07523881
1.61135054
0.03512144
0.31003615
0.23701361
0.41748580
-0.33336216
0.63036644
0.10754857
2.21830392
0.96418327
-0.02977251
-0.39018816
-1.41469467
0.17432891
0.17972058
2.86755657
-3.99325800
-0.00816271
-0.38427830
-0.39483798
-1.84258413
0.05089470
0.34064811
-0.26099408
-0.21164450
-0.59716809
-0.02716757
0.01933473
-4.73254395
1.37737453
-0.17495269
-0.02572559
0.37343577
0.01986328
1.14591587
0.51521653
-0.02266186
2.24538517
-0.16895562
0.33335045
1.19151914
-0.09951469
0.02905242
-0.70445567
-1.14395702
0.63958937
0.13283621
0.67028683
0.44400224
1.71067417
-1.00183916
0.98705626
1.47284532
-0.03513551
0.60988438
0.33567387
-0.35703847
-0.77040845
0.26096565
0.17947125
0.43828499
0.49208763
0.14052431
-0.21041077
0.29874638
0.17380148
0.69956017
0.02045688
0.30508873
0.41555360
-5.76565075
0.72068560
0.13397221
0.38950825
0.50457615
0.06354940
0.53326809
1.87352717
1.59996963
0.64342684
0.09104387
0.65203267
0.84113371
-2.45069170
0.11946804
-0.25148630
1.88008475
-0.13598719
0.64842921
0.14756288
-0.22357090
0.14048249
0.23202965
-0.64443940
0.47918645
0.05212150
1.76592648
1.96136296
3.26819944
-2.65175128
0.42968780
-0.10090893
-0.01719704
-2.26072931
-0.64354628
3.47678685
-0.93755782
0.00819257
-4.79929495
-0.13439469
1.16075683
0.06937598
-1.07434523
-0.22639750
-0.89605218
1.74645984
0.63206422
-0.38981766
-1.37056339
2.01320291
1.12672484
-0.28417808
2.87381387
-0.16909696
1.72345936
-1.85599470
-0.13444418
0.67081535
0.68338859
-0.61325812
-0.21700932
0.29896745
-0.08621828
2.08022046
-0.19137730
0.81928396
0.47099274
1.90226161
-0.34494269
0.26206061
-0.04840304
0.13235563
0.76547891
1.19462657
0.40422088
-3.82483912
0.11603136
0.01829173
-0.23019098
0.07601525
5.37360620
0.04775955
-1.70010936
-2.34053421
-2.36338043
4.31162500
-0.52339381
-0.02305839
-0.19629362
0.28986767
-1.81684232
-0.01198085
-0.16000523
0.14051822
-0.36813739
-0.54793566
0.20919688
0.48776540
0.42625618
1.50396335
0.37267026
-0.25785086
0.19733490
-0.42000595
-14.74079800
-0.62267327
0.28430849
0.01913339
-0.09542248
1.11820745
0.12231158
-0.20959306
-1.16814041
0.22372629
-0.07132811
0.36096957
0.02893928
0.37061727
-0.11195757
0.20686725
-0.46321580
0.11743809
-0.33128220
-0.62924868
0.28767946
-0.47564247
0.48919544
1.89052165
0.08526868
-0.36197737
0.07227048
0.09663197
0.50171554
1.09489071
0.04564117
-0.02954274
-0.35919502
0.98089653
0.57559168
0.90313154
0.89301109
-1.09862888
-0.09739734
0.13446796
1.28097868
0.60528141
-0.04490000
-0.25468183
0.41851079
0.47139874
-0.29759139
-0.26245961
0.08590914
0.13180627
-0.55680734
-0.68894064
0.71565634
-0.48381063
2.27409720
-3.88782358
-0.10909478
0.58993071
1.34285986
-0.03023234
0.49387667
0.10000300
-0.19460233
2.83418655
0.12594602
0.69988734
-1.84396017
0.86591619
0.37085670
0.52824074
-0.59170729
-0.28292441
-3.10177898
0.13674435
-0.20634466
-0.26875106
2.44991803
-0.08807978
-0.01825847
2.16994119
0.14229846
-0.37492955
0.35290617
-0.32940522
2.44032001
-0.41163072
-2.64687276
1.41523147
0.24429694
-3.73489904
0.07116267
-0.13961762
0.07747757
-0.18499802
1.04295492
-0.01671770
0.43027824
-0.01820791
-0.52912712
-0.85508502
-0.20335045
-0.20571849
0.08004159
0.62004298
0.06261961
-3.22996521
0.91144949
0.28389984
-5.00335979
1.50221634
0.34989041
-0.24085954
-0.12766722
0.04922538
-0.35140589
0.29185894
0.13052790
0.25578949
-0.33427522
0.03442471
3.54180789
0.04032221
-0.00053885
-0.02620211
-0.30173454
1.61030912
-0.09653138
4.25310850
-0.72674036
0.12513052
0.19070758
0.32476586
0.25226271
0.51101309
-0.00554299
0.62349063
-2.02566767
2.48698664
-0.28106037
-0.31526086
0.09162420
-4.76231480
-0.01370640
-0.19212134
0.15577230
-0.68453318
-0.80516809
1.16034031
0.10930851
-0.73976016
0.09547849
0.33991134
0.54051977
-0.20417440
-0.09324010
0.09123625
-0.12406883
-0.16289075
0.07894520
-0.25703979
0.17104414
0.13722348
0.11561296
0.01441780
-3.60616279
-0.17309014
-0.12776086
0.08907019
-0.96225047
0.42502043
0.59348333
0.00703248
0.01702971
-0.21825533
0.05002990
0.61836815
-0.88501310
-0.08694343
-0.07514121
0.50110376
-1.23769283
-0.04829667
0.19766364
0.00541941
-0.01500659
0.00368356
0.28924483
0.07698705
0.11624515
-0.29382852
-0.32834804
-0.09934732
-0.78783178
0.06006830
-0.52838981
0.01707214
-0.06289151
-1.70642257
0.04777413
-1.07800078
-0.62197185
0.65098488
-0.52629179
0.01843455
-0.04215897
-0.05006063
0.13557369
0.84724271
0.56680310
-0.03432223
-0.76145416
-0.25018108
-0.71642828
0.05887949
-0.47752163
-0.77534401
0.16984917
0.25143734
-0.93627155
0.20424002
0.04593911
0.30485454
-0.23773599
0.07025962
0.00723027
0.36306345
2.59155035
-0.01137583
-0.45835030
-0.00581346
1.41538298
0.01953781
1.40747762
0.05554017
-0.17290972
0.42789552
0.06526286
-0.00238488
2.52631736
0.09176896
0.08917084
-0.00743115
-0.26037273
-0.04429926
0.41076985
0.19172534
-0.17584491
-0.12121546
-0.03790533
0.20350793
-1.56878614
-0.05737000
-2.41806126
-0.49964821
-0.98259497
0.00424482
-0.14646585
0.42322734
0.10446472
-1.48854756
-3.30335379
0.53523219
-0.06171130
0.00733720
0.53888625
0.28695378
-0.28035933
0.17202809
0.11756823
-0.08396094
-0.01083625
-0.59174329
-0.01140650
-0.16407628
0.29468909
-0.02907221
0.06409588
0.02890332
0.60762024
-0.10445651
-4.33025074
0.40014017
0.06378683
0.09199779
0.06701150
-0.02487791
-0.24724457
0.02200861
0.47453138
-0.03889399
0.01329755
0.45199677
0.09780695
-2.57940483
-0.15019892
-0.80678403
-0.33768848
0.09945998
-0.05717906
-0.02519559
0.19911514
-0.02455228
0.05428423
0.06232311
0.11252796
0.04251380
0.15356319
-1.75909269
0.61158675
-2.17659616
0.09574195
-1.64541876
0.01825761
-1.33995283
-0.15714870
1.41391361
-0.40347075
-0.98168886
-2.75058699
0.19342202
1.14904511
0.01280806
-0.46714085
-0.10181331
-0.15964448
0.00129550
-3.48245144
-0.04881450
-0.24610868
0.27866003
0.09158146
0.19669914
-0.12827677
0.03993655
-0.62905002
-0.61768824
-0.05175273
0.01575737
0.51453680
-0.35158759
-0.00899646
0.04408584
0.04750495
-2.37258315
-0.12856765
0.41772062
0.31269601
1.40596926
-0.25980064
0.01382169
0.00560624
0.02115803
-0.57633317
-0.09908091
2.44144797
3.66415811
-0.85840172
0.05748754
-0.06557655
-0.42596143
-0.74249434
-0.01195308
-0.86092865
-0.81097060
-3.29682636
-0.66596347
0.06550648
0.00275684
-0.16401108
0.99332619
-0.14487414
0.14649127
-0.06622282
0.02982193
0.56953371
-1.09359574
-0.03075416
0.28630471
0.10152691
0.66700852
0.02653270
-0.07891942
0.14049742
-0.28890598
-2.48412251
-0.17608757
0.11849542
0.00070029
0.09598589
-0.06179226
-1.78982902
-0.05566369
-0.59460706
-0.06013685
0.01821119
0.17946354
-0.12769841
0.17952797
-0.02249821
-0.09580711
-0.15293014
0.04106272
-0.16619584
0.00215926
0.10658535
-0.30178714
0.41709399
-2.42111039
-0.00133794
-0.02288729
0.16292566
-0.01370790
0.05254325
0.19364077
0.04475077
-0.03002853
-0.01833243
0.49643263
0.06620136
-0.11618354
0.45526615
1.03343928
0.09694158
0.07322900
-0.08662241
0.10917414
0.00372386
-0.08101953
0.27869159
0.09853501
-0.08120656
0.11531939
-0.08527004
-0.06330230
-3.36728096
-0.20865127
0.20888665
-0.25156796
-0.14456050
-1.10901940
-0.00090717
-1.50758398
-0.46159747
0.00056565
0.07096593
-0.01198944
0.30268237
0.78340220
-0.05949025
0.36048350
-1.66881907
-4.70268345
-0.07570987
0.13150974
-0.20835432
-0.05371888
-2.47917438
-0.01185810
-0.03715757
-0.09306738
0.22799598
0.30454633
0.06990192
0.60094064
0.01429744
3.24878144
0.08584842
0.13214725
0.39455822
-1.38178527
-2.45143771
0.08158436
-0.11855641
-10.01708221
-0.02890059
-0.00948957
0.01564257
-0.00706755
0.45063457
-0.03552329
0.67541736
0.03126514
0.37501481
-0.36651388
-0.08614932
-0.35104674
-0.01110317
-0.08867569
-0.01340579
2.30702329
-1.58085573
0.05832981
-0.37924245
0.27898878
0.39162934
-0.02903523
0.02206692
-0.06373938
-0.29539776
-0.09955528
0.05099717
0.12005699
-0.00888487
0.06674759
-0.45000303
-0.00908413
0.00207591
-0.01110694
-0.05058822
-0.16592836
-0.08227874
0.47796428
-0.18289375
-0.14218412
0.10421385
0.08996010
-0.01435792
0.39845639
0.01831786
-0.11515407
-1.33266914
-2.24828339
-0.13645704
0.01268220
0.05911573
0.68902612
0.05631975
0.54164863
-0.07779139
0.78244597
0.63014638
0.71901757
-0.42495894
-2.38084984
-0.23955013
-0.09523636
0.34003663
0.29661423
0.61200774
-0.39878309
5.87666416
-0.07928168
-0.19468918
0.43496564
0.62809747
-0.00950891
-0.18258379
-0.12410183
-4.72458887
-0.25270864
-0.34120160
-0.10729113
-1.29351449
1.24551988
-0.11786810
-0.19427654
-0.57591933
-0.42531797
-0.22972412
1.61791968
1.18026078
-0.19564758
-0.14697836
0.78690463
0.13124062
-0.16997895
0.76643664
0.54343230
-0.02713659
-0.02445414
1.10839951
0.28180778
0.63886786
-0.33004013
-0.15235260
0.05786266
0.06741215
-0.02788482
5.53524733
-0.28612992
0.08641924
0.42347354
0.13711242
4.20846844
-2.06652617
-0.95453817
-0.20036958
0.04583771
-0.21060209
-0.05878613
-0.06213652
2.59168410
-0.79739290
0.05578937
-3.05495715
0.45676294
1.04807448
0.17454822
-0.09442433
5.68588829
0.54902327
0.06388783
1.94272792
0.89059258
0.01621077
-0.40423104
-1.61345935
0.26930982
0.17835201
-0.16858804
4.80503273
-0.02225419
5.80016804
-0.30686915
1.18060195
0.05573849
1.14347374
1.74115109
-0.15009136
1.01740086
-0.07555354
-0.52028811
-0.79546374
2.56926155
0.14917304
-0.02898472
0.22762519
0.14054568
0.10087632
0.47845846
0.05035910
-4.20751143
-0.15866275
0.44073531
0.84190124
1.12486577
-2.30971885
-0.57771337
-8.67061329
0.12680967
-0.26620811
0.74721730
0.40428934
3.08613420
-1.57228279
1.02207994
1.74354434
0.00733920
0.82461637
0.40587166
-0.39300939
4.45020533
-0.12247013
0.60864675
0.15050665
1.17353857
0.05147312
-0.37406662
0.08085679
0.06330086
0.68436694
0.00645239
0.28717917
0.56411481
1.99325502
1.17581868
0.18126521
-0.68888968
0.56377643
0.04605388
-0.05613318
1.64647555
0.48436335
0.61799264
0.10656595
1.03018332
0.71456134
-4.93539429
1.44417274
-0.51320165
2.86783028
-0.18160629
0.31985041
0.04300211
-0.16921549
0.84504759
0.24472280
0.48476845
-0.01121077
0.04682472
-0.68623245
0.89921206
-5.92258072
-0.31063741
0.36535227
3.27955723
-0.04302627
-3.51783156
0.02411281
1.55175328
-0.01589150
1.10174453
2.84540582
1.26723111
1.50722027
0.04483874
0.40811288
-0.20916291
0.94803685
2.56017685
-0.34752163
0.45206004
-1.19592524
2.15230513
-0.22341308
-0.06957605
3.85326242
1.50192392
-1.14696693
-3.84322977
-0.19463725
0.41477782
0.95098162
-0.70199943
-0.11732179
0.20659465
0.01974901
1.72620654
-0.17417748
0.66566819
0.49907428
-1.60655284
4.27791691
0.20442957
-0.00315917
0.12023143
1.65109015
-0.26882657
-2.71152902
-2.10275674
0.11860010
0.04409042
-0.25684366
-0.04844964
-0.63241106
-0.39524996
3.64900422
-5.21554708
-5.56312275
4.34625244
0.94259781
0.00806715
-0.25996697
-0.10572155
-0.39848408
-0.03012167
0.01579210
0.11928482
1.56086361
1.12840605
0.24911268
0.63481796
0.36275807
1.64205968
0.31679225
-0.19860603
-0.64332038
0.00716790
1.04457498
-0.64155465
0.31360403
0.02886485
0.56827360
1.58109677
3.42034006
-0.14766921
-14.83320141
0.17924044
-0.39127499
0.45209551
0.25476193
0.39040291
-0.17113304
-0.05763098
-0.22683078
0.19738244
-0.34491122
-0.75615883
0.16206580
-0.57518423
2.44655323
2.30431628
0.10873139
0.29757148
-0.18529195
0.13593613
-0.06722995
1.65900207
0.23144659
-0.11142689
-0.24900688
0.85780418
-0.09130584
-0.90899223
1.08574760
1.38206220
-0.06887177
0.10527441
0.69517899
0.46369189
-0.06783768
-0.20976089
2.01222277
0.60503423
-0.34075332
0.03322728
-0.77603525
0.07725815
-1.82493889
-0.10371242
0.90182233
-1.46885169
0.90630871
2.06739783
-0.05919247
0.44948894
4.29631138
0.03150873
0.49880901
0.11925641
-0.38458654
5.47317600
0.29245526
0.71022826
0.05495710
1.84638643
0.18522139
0.41722962
4.24640322
-0.18061621
-2.97487259
0.10643166
-0.18488404
-0.26662427
-1.69230926
-0.38531989
0.06224765
-0.33358619
-0.58642638
3.92234278
0.26011541
-0.34986210
-0.05426539
0.59956735
-2.23136282
-5.38030672
-0.93059570
-7.68437004
0.04223010
-0.17182772
0.25316480
0.01631173
1.21761835
0.01880070
-1.39050770
-0.00446671
-0.44449717
-0.43457970
-0.22554751
2.73560238
0.05321558
0.12940972
0.02676216
-5.40082026
3.25084090
0.05717032
0.59642035
1.01706612
0.42995152
-0.10413370
-0.10019403
0.00742488
-0.34085670
0.11400289
0.13069528
0.31192952
-0.30668890
-0.12697677
0.64692396
0.05477484
-0.00516200
-0.05713630
-0.27352479
-5.81760883
-0.03611536
-0.82921153
-0.82739824
0.00301596
0.13294430
0.47971281
0.18140940
0.72038674
0.02411848
-0.37923074
6.41792536
2.61810708
-0.35752955
-0.58562839
-0.03109156
-0.91595638
0.03039130
5.21557426
0.03116572
1.95876217
2.74456954
2.34051824
0.03525443
9.21580315
-1.99190593
-3.05557704
-9.63373566
-5.96958494
2.08578849
-2.28532696
-11.79096317
-4.94358301
-5.92600155
5.50352955
2.60488033
1.33016884
-2.18751264
-0.80829340
15.66603374
-0.93184990
0.08927820
-1.03410375
-2.59220767
-0.82746309
-0.09372636
-0.78033143
1.26221836
-1.83142579
-3.01325250
4.20113897
-6.49268007
-0.09313583
-0.14463644
3.69430208
4.81402254
1.32714915
5.47073650
3.02311826
1.31826627
0.42556807
-1.00540245
0.98952615
4.84418488
-0.63638878
-8.07518578
-1.43451560
9.51407146
0.54394376
3.84554434
-1.39915311
2.48862410
12.18879604
-4.08336449
-1.14588332
19.67993355
-4.95678759
-3.05152249
0.46782151
-7.01690817
-1.01721346
4.05403519
-6.05670929
0.69344276
3.25041032
3.88057876
4.84015369
4.35592651
0.56062937
0.77777964
-3.63890481
1.34946227
-7.31379938
5.87787628
1.82947004
0.53549987
-2.04098558
-3.98154855
1.38403881
0.69620138
-3.08989882
-8.82060719
0.63556820
-7.40274572
-0.22096542
9.65451813
-1.25274551
-10.14732647
-1.75359452
0.69857830
-1.47296441
-1.57215035
0.21648040
-16.98542786
1.95887816
0.91214466
0.55127066
3.28272247
1.34756613
0.67941236
0.79638594
0.98564273
4.01621628
-0.53444833
4.88154507
9.28317547
-2.25875378
12.91744518
-3.13755131
12.92196655
6.29278946
-3.62874317
-2.82097554
2.82011962
3.47208905
7.23898458
5.44452381
6.26223946
0.87583333
1.41016757
1.19327807
-0.36307314
-8.19661331
0.74141395
1.29098976
4.00127411
5.37273598
1.36955929
-1.01451695
4.44251966
4.64152861
-3.07372284
0.66759527
-4.50751352
3.15059114
7.74973440
-0.27391571
0.37124914
0.90791488
1.89247036
1.00804651
-0.19570127
2.96671939
-2.84961939
1.74185658
0.39931425
5.17753935
-3.44837809
11.71190834
-1.66023231
4.73816109
8.94925308
-3.43731570
2.30749440
0.60602039
-2.23728013
-0.54513747
1.05856860
0.51488590
0.27222052
0.44813731
-2.85528016
10.29754925
2.84654093
9.68256664
1.18721342
2.19667125
0.66571373
8.91932678
0.44868043
8.95407391
-4.74501514
0.63595372
0.39685252
-0.18767314
-8.61292553
0.94638431
1.27331245
-0.43483689
-0.50704175
4.54048872
7.89268780
0.61299539
-1.57073629
4.36222315
-1.13191557
-0.91204399
7.98897076
-2.47071719
7.35632610
-12.42341995
-2.78156376
1.25657177
3.66614079
-1.33024967
-0.20307115
1.46525419
-0.74519873
4.47709370
0.67113805
4.13458443
2.40522146
-3.66119504
-3.51281762
1.32901382
0.64361423
0.72343087
2.72355795
-0.91665494
1.51859701
-3.39340925
6.81454325
0.79752970
-0.07876751
-3.73313594
-11.28536415
0.42994854
2.87411976
-9.61347771
-9.01284504
10.20428562
-1.15889037
1.00839162
-0.23060699
-2.64996004
1.24290693
-2.42166281
-1.28158593
-3.04964280
5.75614595
6.54060268
1.25637913
4.11942053
0.89325857
4.45295286
2.58597517
-0.30842325
-3.32783628
-2.42781401
8.68488789
-6.77993441
2.21196508
1.14816725
-0.01911767
4.24213934
21.94907379
0.59244418
11.58093739
1.25906789
-0.81163442
2.22483659
3.81648612
4.69815731
0.80344278
7.46805477
0.54559141
1.91018248
-0.19566563
-2.08383846
0.30632547
-1.06276846
3.46108866
5.42251682
1.23586905
-0.15283503
-1.52421987
0.79671323
3.04362392
-6.15511322
-10.07876492
-0.74068880
-0.88194966
-1.58687389
-2.66016269
2.09964514
1.28515375
2.30825424
-1.24240458
-2.84780693
1.84423006
1.92523742
0.49950546
-0.22692095
9.48607540
3.10254693
0.04762067
0.06363729
1.92403364
-1.84327030
-6.60738707
-1.86237502
2.36680460
-8.01007271
3.11379671
7.57519197
-0.60970438
5.64078379
-1.02965665
0.41331369
2.51218748
-0.92128336
-1.10479128
3.91337872
4.55372190
4.28299904
11.74028492
15.35675812
3.67152166
0.32304397
-2.91270947
-0.11903098
7.66901970
1.78481591
-1.41354942
-0.20407204
3.31375670
3.60532737
0.83648604
-3.55846214
-0.28116664
-13.07977486
0.74329787
-0.87482071
5.15753984
7.64087534
10.96301556
4.28576326
0.32973710
12.92314816
0.45819086
0.45849609
0.61344677
-1.52144146
-3.06923461
-2.34169078
5.35314274
-1.58765924
-10.12325191
0.24626251
-0.49561125
-3.38415933
0.50011897
0.57580262
1.00675499
4.84863234
7.86308575
0.62373626
5.80600691
5.03528595
1.43530655
2.62194300
-0.43308201
1.03469503
1.15523779
5.26900291
0.27555171
0.91312599
0.19637275
-3.19884038
7.74639225
0.99188888
-1.06011915
0.94848937
-0.85105491
7.69275522
-1.46563303
-3.72513437
0.66064495
-1.68990803
0.64628255
2.11638880
0.77259493
-3.43575764
0.30918512
-0.24852896
-6.82722473
6.30007887
-0.66534567
-4.93212128
-2.18028069
8.38003159
0.52437043
-2.85804844
1.86801171
5.19307804
-2.83449173
3.96166801
0.77923751
-1.32700706
-0.15443668
-0.32087627
0.56241953
0.37004590
0.90818149
-0.60031271
-3.42212725
-0.59946805
-0.20496082
0.99731481
0.19299737
0.03831206
-0.41861877
-0.34738120
1.86754668
-0.21189782
-0.33983964
-0.07977241
-1.04215026
-0.51959944
0.00907684
-0.17790517
-0.56150031
-0.79799807
-0.19810396
1.50721049
-0.61679024
-0.15003401
-0.08885088
0.62761223
-2.48570299
-0.10675834
0.57550353
0.44529441
-0.01812186
-0.00915268
0.84697527
0.33572498
0.93485951
-0.37130511
0.09503406
0.07489212
-0.10350137
-0.03136439
-2.20816112
-0.33783856
-0.63275808
-0.08509903
0.04948819
-5.36192846
-7.20756721
2.62704062
-0.75523156
0.04795846
0.05553105
-0.06197200
-0.29676786
-0.81653404
0.70012635
0.24269401
1.56414795
0.01743389
-0.46063310
0.10767105
-0.71877688
-1.54111552
0.56224507
-0.18785203
-0.69302052
0.85029250
-0.02570372
3.82462215
1.83562052
0.19182560
0.13042365
0.02309469
-5.01388884
-0.03471075
-1.13031280
-0.37143847
0.49205819
0.01742424
1.58800721
-0.20465533
-0.17351021
1.21890128
-0.08278677
-0.06377327
10.48608017
-2.92674971
0.13690445
-0.00228944
0.04444377
0.10586259
-0.12152541
0.53239393
-0.00920114
2.76634526
-0.24530806
0.34926817
-11.79451561
0.88773721
-0.50758618
-0.57137400
-3.90216827
0.39265925
-0.51750016
0.70961082
0.40345481
3.61189914
1.89388347
1.10349083
1.47729552
0.03054984
0.85772407
0.45460674
-0.32190427
-1.17791748
0.25989473
0.59567219
0.20929928
0.15583192
-0.02075766
-0.43531322
0.25913277
-0.00552705
0.39193025
-0.02192464
-0.22857267
0.46665147
-0.33853868
1.08177125
0.12933478
-0.25096589
0.66684741
0.07020829
0.05562319
1.43683052
-0.51859301
0.61514521
0.08002675
0.99434966
0.77549100
3.40758467
-0.36347094
0.18536203
-11.50794411
-0.14778373
0.48229074
0.00268219
2.14166093
-0.30342618
0.28579152
0.33017457
0.03125346
0.03616314
-0.70374739
2.36425090
4.64546251
1.47622895
0.43218693
5.39920330
-0.04955391
-2.30385113
0.34825921
1.62452018
-0.08508937
-1.66482818
-4.26527548
-0.24115469
1.10183346
0.09310843
0.20393178
-0.17190236
0.64730614
2.24485135
4.16981745
0.64212179
-0.96278965
-2.26773334
-0.24486879
0.94820744
-6.22382307
1.50255477
-4.01067114
3.10703468
-0.15483110
0.14070161
0.73980206
-0.67984432
0.38144365
0.14430013
-0.02066569
-2.99087334
-0.29375711
0.69014966
0.66896242
-1.11450851
-0.18861467
0.30684096
0.01858815
0.16160132
0.24293707
-0.14996395
3.68942475
2.29590559
-0.19908212
-0.02838535
-0.19504394
0.27133599
6.54791927
-0.43341443
3.22858739
6.31595230
4.84728956
-5.83297873
0.91621721
0.00089280
-0.24977863
-0.23750693
0.13329256
2.37618089
-0.04423749
0.13849075
2.31044579
-0.29900402
0.10975754
0.62457359
0.29529375
1.54177785
0.30168948
-0.08035941
2.82145071
0.20570229
3.43898225
-0.51898378
0.11872403
0.02872860
-0.16996995
1.35265815
-15.92287064
-0.22884950
2.94988322
0.19120535
-0.12479664
0.39133602
0.21643521
0.20870292
-0.18649541
0.30550420
-0.16050403
0.09238645
-0.29173377
-0.73492056
0.29556701
-0.52156764
2.24046230
-2.77203131
0.04023191
0.03034478
1.54726231
0.07630160
-0.15874998
1.59739888
0.10732957
-0.10867044
-0.26307487
0.78258318
-0.18289796
-0.09656998
1.16759133
2.16136003
1.01610649
0.11571166
0.53927058
0.64153421
0.00975484
0.41277292
2.21553993
0.48449457
-0.27444094
-0.11937932
-0.16043650
0.02064187
-2.09812164
-0.02893631
1.20537734
-1.14623952
-0.06117561
2.00103045
0.00063337
0.97910047
-3.76597238
-0.00678060
0.32711294
0.08401433
1.90702605
3.93785119
0.09251504
0.98866856
0.51796156
-2.52319551
0.45013869
0.43928522
-0.73737818
-0.16933575
2.81019926
0.13201711
-0.08990701
-0.27130088
-0.31933925
-0.36568347
0.04588789
0.37288687
-0.69108242
-4.26890421
0.33153978
-0.48894224
1.71740139
-8.40540886
1.23055148
1.61702287
0.21311457
6.36187458
0.09933335
-0.18238454
0.23522553
0.07380310
1.18939900
-0.02133377
-1.10714066
-0.04978146
-0.36523259
-0.46673667
-0.23749267
-0.01413057
0.03162128
0.20269386
0.15837474
-0.02365604
-4.84595442
0.12460221
-0.00038536
1.21635258
0.49851057
-0.04893097
-0.14741261
0.04275355
-0.33272076
0.14188285
0.15142037
0.50270903
0.10306492
-0.50487268
0.15236926
-0.03630709
-0.01643186
-0.05958615
-0.25991932
4.21845102
-0.01303450
-0.88629037
-0.78711319
-0.04379646
0.07672117
0.38004702
0.15947220
0.62990034
0.02132539
-0.38480797
-1.64044702
-2.58181858
-0.27751595
-0.79963684
0.03635399
1.33501565
0.08430212
-0.68019009
-0.07905633
2.11491418
0.78313220
-2.02484965
0.04340294
-0.60835737
0.05560147
0.12266605
0.65947551
-0.04507922
0.01036653
0.01509574
0.10704800
-0.43733117
0.17499103
-0.14670841
0.34276435
0.09349425
0.33710426
-0.05990536
-4.30685282
-0.08958177
-0.09415713
0.04469537
-1.24347937
-0.13664700
-0.07707190
-0.02945470
-0.03875410
-0.35526827
0.04279391
1.27424204
1.03322589
-0.09030598
-0.07523680
0.64312261
3.06647849
-0.04298584
0.20770937
0.05667720
0.00047443
0.00950539
0.52465689
0.05929027
-0.08283933
-0.24777400
0.00985242
-0.02795291
-0.95493758
0.07688354
-0.77234173
-0.00652729
-0.06973225
0.85625273
0.08739565
2.42355847
-0.25959682
-0.17764293
0.30995643
0.02895580
-0.28409916
-0.03849177
0.06823506
0.50217670
-0.13413009
0.09488926
-1.46422958
-0.24876682
-0.57221007
-0.01932026
0.09621834
0.27089855
0.18258950
0.13205527
-1.25245583
0.12268465
0.01498880
-1.75538480
-0.42579889
0.00168516
0.00519199
-0.25870675
2.98117185
-0.02218912
1.16370511
-0.01488839
0.33956423
0.00665113
1.63100421
0.19060163
-0.16651827
0.39706329
-0.01435895
-0.02394295
-0.59315151
0.43893012
0.07342795
-0.00696383
-0.08120711
-0.01806167
-0.26073357
0.20258234
-0.14137076
-1.58307493
-0.05234078
0.13213751
0.40028629
0.08298235
-3.83619523
-0.47735417
-4.23562145
0.02554468
-0.22933562
0.31922299
0.11109104
-0.47767577
-3.00540185
0.59136122
0.01990172
0.05235744
0.44800913
0.49658611
-0.20161988
0.88974017
0.03555288
0.11883111
0.00466518
-0.09114522
-0.07253245
-0.12152268
0.28632048
0.10276031
0.31758544
0.05340625
0.60784537
-0.09106001
0.89108223
0.21897033
0.08992301
-0.89833808
0.06435087
0.01005209
0.00865093
1.06964326
0.25610620
0.01948548
0.00911869
0.33588675
0.12120005
-3.21708298
0.09031542
-1.50171900
-0.73483962
0.15116185
0.11879521
-0.05552472
0.04432490
0.06861298
0.06473434
-0.33243096
0.14233628
0.03373687
0.53703773
-1.14426589
-1.48890269
-2.22368789
0.11923873
-2.00170779
0.02781637
-2.01205015
-0.04297438
-2.32008195
0.17357059
0.95769930
1.26759422
0.13351226
1.18392122
0.04446596
0.27347550
0.00855864
-0.14611356
0.10965879
-2.01406503
0.01867093
-0.22887023
-0.18824109
-0.20953956
-0.06640237
0.16883957
0.14110492
0.68076777
0.17089900
-0.00017263
-0.02410375
0.58867371
-0.39582440
0.00073264
0.04794681
0.02200271
-2.12137914
-0.17930087
0.46088427
0.14567681
0.92554611
0.30975518
0.00534073
0.03064992
0.05417457
0.62166172
-0.05317064
-3.42786169
2.79392648
-1.17960703
0.07559463
0.01121097
-0.33088461
-2.03941226
-0.02753610
-0.77696890
-0.27338275
2.83326912
-0.96282440
0.00709050
-0.00858807
-0.09230720
1.71474898
0.23374112
0.11902087
-0.08093312
-0.00667299
0.82742923
-1.06444740
-0.00217389
0.28413728
0.10486825
0.76028210
-0.08267587
-0.07848332
-0.31412229
0.23535393
0.60202974
0.00697943
0.13403551
0.02471301
0.07924024
-1.45212948
-4.62520981
-0.11336161
1.95097291
-0.04903071
0.06546709
0.19714098
-0.04291761
0.08847558
-0.09943631
-0.18161695
-0.16456191
0.02151534
-0.17859940
-0.06186445
0.11540689
-0.22342826
0.46988943
-2.17716622
0.06105115
-0.43602458
0.21100135
0.00583535
0.06459891
0.36192870
0.22384606
-0.00464150
0.04696741
0.53565699
0.12212110
-0.36013451
0.31077096
1.06183457
-0.11115602
0.01446962
-0.30024639
0.07565014
0.03037982
0.04335886
-2.27944136
0.30718404
-0.06750140
-0.23885535
0.15867148
-0.05444466
-3.69702959
0.32665619
0.45517564
-0.19112255
-1.01473045
0.63916355
-0.00833025
0.19040768
-0.38737938
0.01481460
0.15758745
-0.02838388
-0.20346576
2.65407014
0.10334850
0.53628397
-2.42379785
-3.83471513
-0.22046536
0.05819841
-0.10763562
-0.03847238
-2.74611807
-0.00036136
-0.09936321
-0.09970756
-1.96438098
0.32650128
0.05030142
-0.48103195
0.10282988
3.95778298
0.16072908
-0.01438193
-3.39883447
-0.18796892
-2.00967693
-0.79697180
0.11690050
-8.85677147
-0.00888106
-0.02752442
-0.01905290
0.02023938
0.48113918
-0.02598246
1.16421819
0.06841275
0.20984450
-0.09709132
-0.07254426
0.29076648
-0.02484430
-0.08671658
-0.01468717
-1.98362911
0.97394526
0.03379044
0.46800041
0.03569992
0.25657934
-0.00029622
0.05513914
-0.02596655
-0.28115365
-0.16691634
0.03530589
0.11249955
-0.04829425
0.07677895
0.27302155
-0.00390515
-0.00180210
-0.04086220
-0.08093563
-0.97187281
-0.03448999
-0.06027648
-0.15004981
-0.15362939
0.09800212
0.02723132
0.05536221
0.36842698
0.03656035
0.30738747
1.34659553
-2.44254899
-0.19345850
-0.23472345
0.09456129
1.12878633
0.05089553
1.29060626
-0.02171939
-1.74019587
0.74869043
-0.75833488
-0.29208100
-2.08504081
-0.43799302
-0.43585804
0.92007482
-0.06485728
0.56358087
1.57430851
-4.95895863
0.02852018
-0.23286974
0.75378716
0.67985815
0.00991642
1.64094424
0.99636024
3.16376591
-0.18705505
-0.38336504
-0.10898959
-1.05653846
-0.27529329
-0.03130382
-0.08813641
-0.59878075
-0.26096073
-0.26367447
3.49985337
-2.77357793
-0.17830190
-0.13249847
0.75344431
-3.52501822
-0.13312247
0.46511778
0.22050825
0.00059347
-0.01575052
-0.92509234
0.41725776
0.95878595
-0.30821028
-0.08869930
0.14863600
-0.23928590
-0.02338914
-5.29498196
-0.33456951
0.10068735
-0.93407345
0.06237824
5.11146402
-8.85114574
-0.08848577
4.39013100
0.04988926
-0.12965019
-0.04646817
-0.25808436
-0.80938488
-0.20031242
-0.16279738
-1.07863045
0.47285554
-0.21425371
0.17185083
0.77910852
1.01244593
0.53225815
0.24820939
2.11474776
0.84034330
-0.02962792
1.14978540
1.88768899
0.25438270
0.16327375
-0.12719308
7.27521610
-0.03638536
0.16046144
-0.33987752
-3.58951402
0.06896390
0.06802522
-0.30511230
-0.22993770
-0.67803806
-0.10621206
-0.02048146
0.38227046
-1.46913671
0.23746967
-0.02366127
-0.07105402
-0.10048738
-0.43949643
0.59064060
-0.08210333
-4.54119205
-0.25223398
0.24741590
1.31335926
-0.12273064
0.83137268
-0.83505130
3.60072970
0.50109303
-0.17370237
0.71754181
0.30958009
2.44621921
2.34349585
1.23351502
1.41045570
0.00729011
0.54688638
0.76664066
-0.28065121
-0.36602765
0.20659235
0.06228608
0.38572520
0.34607580
0.02420446
-0.30486903
0.22756676
0.10840598
0.48034388
-0.02244728
1.80251753
0.46521863
2.04005456
1.06317508
0.14105588
1.24428904
0.66936862
0.05210479
-0.14014724
1.66965723
-0.12120613
0.62329745
0.07114871
1.31193697
0.73568559
2.98605180
0.10964261
1.00271523
1.77526045
-0.19323583
0.32805020
0.06927343
-0.42344987
-0.10874692
0.10845640
-0.21253142
0.36690739
0.02245830
2.13867640
1.84094560
-5.30283833
2.86096025
0.43482518
-1.70158398
-0.00191239
-1.40074515
0.50377661
-16.04046440
4.97574377
0.60720921
5.85874271
-0.02446762
1.24997783
0.08441113
0.86415702
-0.14998093
-0.58833730
1.09808969
3.13771462
-0.41472578
-0.90411139
-4.96920109
0.16175690
-0.19535495
-5.15378618
-0.36301810
1.26901901
4.40742874
-0.02989079
0.44413617
0.65230113
-0.51729888
-0.16838346
0.14473319
-0.08499531
-2.33013463
-0.34840831
0.76717079
0.56490833
0.62213892
-0.22973354
0.31173852
-0.08927871
0.14633575
0.15919447
0.01897104
-0.90596008
0.17341365
0.34523049
-0.03395284
-0.17055193
0.11386032
-2.00136161
0.13113755
-1.94343126
7.43468237
3.72304916
-4.19906378
-0.49102196
-0.02035899
-0.11867990
0.09263543
0.17006472
-0.33339357
-0.11950669
0.18310879
-1.42962873
1.49899697
0.12084257
0.60287726
0.33147290
1.63218546
0.33178890
-0.18183352
-0.22771408
1.49111664
0.51823950
-0.73141301
0.32334596
0.05702839
0.10801961
1.62423480
-11.86630440
-0.17386505
-1.16256392
0.26381761
0.99215269
0.50689262
0.19679300
0.32353640
-0.13655543
-0.13796024
-0.27451971
0.13228600
-0.31799176
-0.89787281
0.37064940
-0.50214708
0.68866968
-2.22116637
0.03947289
0.48487771
-0.45394084
0.03505868
0.49305010
1.26703513
0.02173367
0.09157430
-0.26961493
0.89638239
0.58385628
-1.34739053
1.15682971
-1.16444600
-0.11462412
0.14811060
1.48471820
0.70607007
-0.03823840
0.05557295
-13.94702530
0.37091732
-0.25248277
0.75597328
0.06901924
0.01324559
0.05404045
1.83013761
1.19405425
-0.00301149
-1.94364452
1.67109609
-0.07440594
1.40382552
-0.47087637
-0.03322226
0.45277056
0.07314032
-0.32139322
2.49977303
-0.04945898
1.06567919
-4.83164883
-1.42742336
0.39628226
0.56247717
-0.42947459
-0.17604657
2.82049489
0.10299536
-0.13238971
-0.28288922
2.12729335
-0.23176861
-0.03546347
-0.17499992
0.17322996
7.56833458
0.31538761
-0.38479191
-4.99857759
2.10916209
2.74394464
1.39886713
0.08066610
8.15314007
0.02525723
-0.24729906
0.02565561
-0.13108049
0.97046226
0.01922166
0.44878563
-0.04439818
-0.17887212
-0.00786939
-0.17506653
-0.01301378
0.02903136
0.61190546
0.11845688
1.09800863
0.44803825
0.21248303
1.07995725
0.97006619
0.57329792
-0.15984565
-0.10291087
0.04066089
-0.34676915
0.00774085
0.13621406
0.51248139
0.10132284
-0.27073112
1.81112087
-0.00277320
0.02240097
-0.08378353
-0.20706932
-4.47735167
-0.08227828
-0.04246279
-0.67563701
0.04356593
0.10212565
0.41788325
0.12424602
0.61119336
-0.00108640
0.22005440
1.32737362
-2.37933993
-0.31628311
-0.39240184
0.11257760
1.10568249
0.02498936
-0.63645625
0.04932196
-3.28975844
-0.96517354
-0.72233087
-0.04804116
-0.94394958
0.07529388
0.15654837
0.34867787
0.39684251
0.20891771
0.09302741
2.95040894
-0.03854047
-0.01049088
0.04395910
0.29788244
-0.03402293
0.22862944
0.00362711
2.60246181
-0.12505648
-0.04780550
0.07459836
-1.08841908
0.07746169
-0.02871489
-0.03369931
-0.10866645
-0.35061157
0.13644798
-0.71113485
1.56142652
-0.09457426
-0.07709859
0.36782223
-1.16117513
0.01172592
0.15221976
0.08593638
-0.00142924
0.03043097
0.21118377
0.07151981
0.18781705
-0.19346716
-0.10514654
-0.04864929
-0.64156622
0.01626888
-8.68443775
0.03303073
0.46223888
-0.86560768
0.02251377
0.76677573
-0.67419827
0.26276222
0.87935913
0.01554763
-0.23289829
-0.00772955
0.13950549
-0.98300469
0.24528946
0.03293980
0.39225987
-0.33504328
-0.65056312
-0.01608984
-0.75863045
-0.71967423
0.26744094
0.21066028
-0.01530915
0.34451652
-0.01577820
-0.12315525
2.19349408
-0.02275963
0.00380230
-0.31873500
-0.84234071
0.00355917
-0.61356896
-0.02703978
-2.25606728
0.02810884
0.46414238
0.08324023
-0.14991429
-0.02173886
0.01590770
0.04496573
4.79610777
-1.42894912
0.02095224
0.01800444
0.08270542
-0.03260287
-0.36531070
0.02463923
0.06930216
0.03506401
-0.04040380
0.15444657
-0.70015150
-0.04213450
4.16638422
-0.41555670
0.35883844
-0.13385114
-0.11538537
0.43989021
-0.07830988
0.80926251
2.51341605
0.52824795
-0.41183513
0.03651085
0.29332879
0.36200586
-0.20727937
-0.21540265
0.09418925
0.02042864
0.03459818
-0.36897770
-0.15458341
-0.15723942
0.19149196
0.04021137
0.18879595
0.03910441
0.73248881
0.15146975
0.10301003
0.37567818
0.08247239
0.00553620
0.10416183
0.05150709
0.15319946
0.47600758
0.39288774
-0.19949719
0.02813218
0.35005081
0.14492236
1.20682633
-0.10798825
-1.14285731
-1.11540532
-0.04317177
-0.12215388
-0.00722503
0.39817432
0.06314904
0.08305411
-0.08824918
0.11070043
0.04111443
0.43164632
-0.82187438
-0.19996211
-2.07575631
0.05514593
0.75405556
0.05297059
-1.38941836
0.68533695
-1.80623078
0.34699762
0.15572950
0.36715093
0.06042938
0.96690232
0.03609994
0.29171816
0.04785347
0.09507403
-0.23174994
-2.43459010
0.11376753
-0.22423388
-0.45922193
0.09223393
0.18002512
-4.10033131
0.10392860
0.19416262
6.23115110
0.10239007
-0.07286425
0.53306955
-0.35924229
-0.03092331
0.08670321
-0.00406646
0.03222174
-0.19242585
0.32373196
0.23771311
-0.38831958
-0.05085191
0.01897080
0.01167248
0.07139815
0.36355624
-0.07761048
-0.47872648
8.82933903
-1.34490454
0.09171844
-0.03716239
1.93061793
-0.10475619
0.00811277
1.14427578
4.03316259
0.38121611
-7.19172382
0.21234326
-0.00639084
-0.07213043
-0.15716501
0.02283137
0.11907888
-0.02639826
-0.00009412
-0.94401759
-0.56052864
-0.07787212
0.33721149
0.11046989
0.66042227
0.10768485
-0.06533696
0.42489910
0.27978545
0.77671075
-0.11280722
0.02647792
0.02992840
0.06735669
1.04560184
5.03154373
-0.11027321
-0.63166773
-0.00856504
-0.13613074
0.26528218
-0.04938224
0.04873479
-0.11414655
-0.32890156
-0.05888632
-0.00637453
-0.13003153
-0.05735011
0.10762428
-0.23952480
0.43613273
-1.34512162
-0.02914182
-0.13253875
0.14558092
0.02769580
0.08846433
0.25176045
0.00404579
0.01011248
0.08493108
0.47146812
0.02250784
0.40883294
0.23974605
-0.57008755
0.13439637
0.00264965
0.27923837
0.08328135
0.02171756
0.07671575
-2.25669050
0.46618602
-0.09797896
-0.01183137
-0.08272191
-0.08162500
4.72806597
0.16999660
0.41562366
0.22504479
-1.30878007
1.40708423
0.01742312
-0.90211588
-0.30140570
0.01467988
-0.01418198
-0.04299184
0.16777417
-4.03449821
0.20145734
0.55248821
1.15459359
3.63368988
-0.07214611
0.09186011
-0.74157435
-0.06852890
1.79635787
0.08286195
-0.06071558
-0.09001171
-0.17739443
0.12225248
0.01853647
-0.46499223
0.08982705
0.04849333
0.13411629
0.12216584
0.44696563
-1.68762052
1.66280723
-0.34458745
0.05216875
1.52512276
0.02718867
-0.02080652
0.05814087
-0.04568821
0.40328622
-0.11972198
-1.94609702
0.06492718
0.35633931
-0.11423239
-0.14096643
-0.41587934
-0.02247613
-0.08905110
0.19269660
0.24305545
-1.18907785
0.01253915
0.26073146
0.28117549
0.38959724
0.10166805
-0.02617833
-0.03052525
-0.25946811
-0.02989054
0.03769865
0.24614827
-0.05745993
-0.00059549
-1.22452796
0.01499434
0.02263694
-0.02584003
-0.05026274
-2.16360450
0.00101267
-0.55141425
-0.12267656
-0.10724829
0.10116149
0.24485576
0.06085922
0.39483774
0.01320270
0.67754632
-1.66029811
-2.09297156
-0.19316469
-0.14300558
0.14443320
-1.46242511
0.04886905
-0.22508574
-0.02520253
-2.09586215
-0.57316446
-4.45953083
0.24451999
