-0.06622410
-1.10513568
0.00609930
-0.33160573
-0.06700278
0.47722483
0.09616482
-0.70090979
-0.24557571
0.98004442
-0.18561527
-0.08471941
-0.15832259
-0.34661609
0.04000519
0.10142678
1.07523394
0.25056952
-0.17682298
0.72341025
0.01012082
-0.47553343
-0.04832432
0.13456583
-0.02440087
0.38449043
0.05737607
0.01039976
-1.01856875
0.07744881
-0.06819931
-0.68239713
0.38998544
-0.26131502
0.04842819
0.27806798
0.29332548
-0.25819945
0.14231938
0.43919605
0.00855104
0.38224611
0.25402045
0.06802572
0.05695032
-0.01038720
-0.09112443
-0.20245942
-0.65473491
0.04416373
-0.03759922
0.28024173
0.28907365
-1.17002571
-0.39139864
-0.14550047
0.15385255
-0.11833410
-0.05754646
0.08808513
-0.00492314
0.64318728
0.25099093
-0.41592464
-0.30851671
0.09367500
-0.27554485
0.30328366
-0.36357170
0.15360253
0.33216774
-0.87868506
-0.00176374
-0.11350484
-1.09764731
0.07237195
-0.21678644
0.25974387
0.01453554
-0.34386060
0.14266676
0.41001958
-0.39917240
-0.65640342
-0.08781405
-0.64584857
-0.01773318
-0.25474170
-0.02983650
0.54993141
0.21082653
0.21207233
-0.66755867
-0.30158776
0.05139431
-1.53341234
0.37835652
0.29052401
-0.04496049
-0.43414098
-0.01048026
0.39964247
0.01999165
0.04078496
-0.44476068
-0.41939971
0.20673928
-0.80110240
0.11690627
0.21332671
0.08676812
-0.08077979
-0.33352789
-0.09986112
-0.09777469
0.35672113
-0.17636870
0.12696524
-0.08846144
0.09154799
-0.08731660
-0.13767196
0.12769073
-0.59295475
-0.07600814
0.14872126
-0.05783695
-0.01626826
0.19683369
0.70451486
0.11203380
-0.07827781
0.26393732
0.40683660
0.24579705
0.56845909
-0.21542449
-0.25523171
-0.29378998
-0.03769207
0.24596241
0.90180796
-0.01857042
-0.13839041
1.04124737
0.14130306
0.03724961
-0.33393493
-0.19114421
0.61084390
0.04977754
-0.02773282
0.22244075
0.17761050
0.28790009
-0.19541112
0.24936168
-1.45192170
-0.01054933
0.04041804
-0.18278542
0.32629338
-0.64676285
-0.08427641
-0.17282109
0.09702437
0.13296500
0.30101317
0.15740818
0.86099154
-0.33261171
-0.06739888
0.62282270
-0.04408522
0.11341514
-0.08940332
0.12140173
0.66176146
0.96966112
0.69703519
0.13062529
-0.39678168
0.20101035
0.15206724
0.40921816
0.46424535
-0.26935366
0.46747115
1.25826514
0.00623879
0.16892737
0.60669011
0.31975377
0.37132210
0.19074976
-0.15372412
0.09828667
0.51126248
-0.40486437
-0.22704120
0.00222805
-0.47955120
-0.94034374
0.01292172
0.34144613
-0.32181019
0.20361781
-0.07597898
0.06722669
0.26370522
-0.90327466
-0.01663951
0.09072225
-0.10432677
-0.57192892
0.19992095
-0.01403420
0.76336259
0.48406196
0.23798455
0.09904613
-0.41660279
0.16013664
-0.65479571
-0.22242586
-0.31540093
0.28597257
0.13269500
0.24124111
0.34258440
0.09767649
-0.54390007
0.02901083
-1.00760615
-1.89255548
0.08677794
-1.22082269
0.03054486
-0.16434662
0.09305356
-0.90332812
-0.41827190
-1.00891614
0.41732010
-0.11903739
-0.92988306
0.29099202
-0.10513601
-0.21842939
-0.59212250
-0.06205226
0.68814290
-0.46758851
-0.21808414
0.09657611
1.15109456
0.05061992
-0.22010550
-0.11094685
0.15553832
-0.06638427
-0.26711443
0.00619305
0.54289937
0.48692325
0.54331839
0.89048070
-0.42786354
0.16369388
-0.51385617
-0.15696880
-0.20899093
0.06290602
0.00701729
0.08591343
-0.26785716
0.04013699
0.73665643
-0.20203689
-0.02995073
0.16227122
-0.69984633
-0.15319729
-0.71081042
0.26287815
-0.69202340
0.18863811
-1.80861282
-0.58736295
-0.08763357
-0.15966320
-0.25451803
0.33664110
-0.97140074
0.16720027
-0.31614184
-0.07979847
-0.15233456
0.42891082
0.56117129
0.39452872
0.74237049
-0.01732925
-0.12240897
-0.00671067
-0.49576369
-0.20064250
0.11806644
0.33162096
-0.19174476
0.64316827
-0.20820521
0.50691956
0.41094023
0.50271040
-0.41766956
-0.05268845
0.16186975
0.15540168
-0.13825700
-0.04107212
0.44559881
-0.60179955
0.01502067
-0.00262231
-0.32770216
0.32497153
0.19955181
-0.59244585
-0.37185133
-0.24009129
-0.01661896
-0.19311330
0.00475750
0.26502174
0.00475412
0.02599489
-0.34471872
0.10984085
-0.32168692
0.05611164
0.50737280
-0.18578029
0.02762967
0.00027481
0.36718237
0.56351340
-0.01295300
0.38552487
-0.09575054
-0.32045847
0.24563183
0.18289012
0.64095712
-0.52656114
-0.15680119
-0.18993710
-0.22254528
0.10118406
0.42008308
0.24539112
-0.53417224
-0.42055923
0.50134158
-0.07200735
0.47563085
-0.19496690
-0.06436248
-0.06353719
0.07784486
0.57658941
0.09538730
-0.38747534
0.02645005
0.17247161
-0.15379563
0.44174838
-0.19397196
-0.70379210
0.38866484
0.32420757
-0.53112543
-0.32607096
-0.30190328
-0.04451853
-0.20159712
-0.36564195
0.28182170
0.01049508
-0.33212453
0.26511437
-0.40106985
-0.09497402
1.25727093
0.09084383
-0.12068649
-0.45458022
0.00466418
-0.03507365
-0.04938453
0.49949986
0.50199533
-0.02808270
0.06394973
0.34627572
0.41989097
-0.46938768
-0.04467640
0.11765440
0.42807442
-0.07518302
-0.31949240
0.48942453
-0.33042550
0.03759911
-0.21396084
0.27952728
0.34931558
-0.12668851
-0.59495836
0.14790919
-0.06702846
0.28831992
-0.36972412
0.24829759
-0.53727919
-0.18444115
0.16215234
-0.25557163
0.32512611
-0.18100403
0.30825880
0.06633625
0.12605493
-0.33075717
-0.55168700
0.19474545
-0.35201278
0.06086280
0.02310093
0.13964598
-0.10158303
0.33596507
0.28000534
-0.11227862
0.41784820
0.17315766
-0.27018651
0.10715330
-0.39821100
0.31527379
-0.56269020
-0.10098928
0.45461899
-0.21052255
-0.20542440
-0.33471832
-0.33280841
1.45587516
0.47184655
0.08800044
-0.52120435
-0.14651485
0.05404859
-0.41570812
-0.17056894
-0.18882939
-0.05498800
0.12408389
0.64526302
0.35527855
-0.21600416
0.55381131
0.12285189
-0.35913685
0.19983770
0.19045503
-0.16490041
-0.01299614
0.22278048
-0.08823431
0.29835278
-0.05090287
0.11649856
-0.03968653
0.47632900
0.12007065
0.74177945
-0.12222341
0.42952612
-0.64132768
-0.43116066
-0.22092335
-0.15562230
0.09838141
-0.01245971
-0.34816992
-0.24683765
0.02282527
-0.73301661
0.00393503
0.63056606
-0.37944606
0.08246100
-0.11288687
0.84342903
-0.11312949
0.16250047
-0.28807062
1.25958943
0.03303047
0.20168556
-0.35831141
-0.42380998
-0.37887320
-0.21980771
0.32511798
-0.06201897
0.24401419
0.20432936
0.11235828
0.78614509
-0.86984277
-0.15191010
-0.41054079
0.64315057
-0.03052245
-0.06629216
-1.34683633
-0.10090139
0.35036898
0.54585236
-0.17244443
0.61706656
-0.23731607
-0.07527416
-0.14207855
-0.05306546
-0.08200186
-0.16636769
0.63775903
-1.72462165
0.16493328
-1.07419217
1.07976305
-0.80034846
-0.33983171
-0.33358297
0.03916026
0.41148886
0.18126057
0.16271019
-0.14357516
-0.46665838
-0.48323622
0.25151062
-0.34107825
0.63105339
-0.12134778
-0.09376770
0.33834222
0.49510273
0.16833460
0.55526435
-0.22310007
0.30582550
0.25660515
0.12066509
0.13510840
-0.24552421
0.29895872
0.27309129
-0.84425461
0.06581274
0.02786949
0.21079654
0.12419299
0.17722884
-0.95073521
-0.11322030
-0.23819613
-0.02406403
-0.01699988
0.28792101
-0.04462805
-0.51819181
-0.12384562
0.15241781
0.93282825
-0.08135947
-0.00414868
-0.05021865
0.22216590
0.38143486
1.14272904
0.52137786
0.02435075
-0.12142157
0.22979324
0.00489822
0.46613541
-0.35353166
-0.40079626
0.46963382
1.36106741
0.00904458
-0.06231629
0.50944120
-0.24460159
1.23932624
-0.07569069
0.57131433
0.00408499
-0.02610946
0.30707026
0.19737273
-0.35142398
0.24316882
0.19913819
-0.24223278
-0.39548570
0.23569481
-0.14967793
0.09043168
-0.36799344
-0.06236966
0.11196144
0.89706773
-0.00056088
-0.53237599
-0.24046290
-0.10600410
-0.05819058
-0.12315751
-0.12235720
-0.53381467
-0.44054115
0.47367385
-0.17675589
-0.23921409
-1.10073769
-0.36663574
0.52304012
-0.49154019
0.06095433
0.36500606
0.24194565
0.24200597
-0.07444749
0.46015352
0.46819273
-0.04058184
0.52119076
-0.17955631
0.08393256
0.18702169
0.79812521
-0.24548806
0.13979577
-0.20184723
0.18074015
-0.71615225
-0.34945226
0.00982625
-0.46740559
0.00903489
-0.49943554
0.34498012
-0.28921613
-0.19074282
-0.07043238
0.44554961
-0.03244605
0.01693188
-0.56603402
-0.01119003
-0.07087255
-0.37610242
0.19951347
0.13868926
0.13747182
-0.53214914
-0.84114969
0.53456199
-0.27476099
0.09232303
-0.11809692
-0.06551115
-0.06103523
0.45357281
0.43044794
-0.08501045
0.27473825
-0.23725307
0.46786752
-0.18445909
0.57977855
0.20496234
-0.73316640
0.38499448
-0.38551554
0.72578120
0.17560422
-0.35916969
0.26916716
-1.01855052
-0.19439146
-0.16430748
-0.19714475
0.46105579
-0.23850508
-0.21755874
-0.02308150
0.60281354
0.69162005
-0.13714086
-0.04763596
-0.42851824
-0.01864019
0.02087452
-0.64501661
0.30332035
0.24547940
0.90388048
-0.15714490
-0.07160078
0.33548743
0.14251395
0.35848868
-0.09457892
0.39159304
-0.05299677
-1.10064232
0.44010454
0.02758926
0.20696877
-0.17337419
-1.02148342
-0.29899591
0.02575645
-0.27454782
-0.46865466
0.43859896
0.25009257
-0.00004307
-0.57385099
0.43490699
-0.16734870
0.26879334
0.42070130
-0.05840792
0.11336730
-0.18810427
0.56701201
0.70461452
-0.70892668
0.16092660
0.76115620
-0.49905550
-0.02524852
0.13856575
0.70342028
0.19568785
-0.43391651
-0.57583636
-0.16965118
-0.18963875
0.23410614
-0.16815157
0.08221617
-0.39379555
0.27372718
0.39438790
-0.04961570
0.41205138
-0.03739488
-0.13216850
-0.66076279
0.53492075
0.34331152
0.18004687
-0.05183847
0.61479354
-0.50750285
0.04374938
-0.57570845
-0.63686913
0.15419005
0.28783050
0.13334171
-0.11716083
0.29987824
0.57707644
0.05061928
0.02641922
0.23571095
-0.09934923
0.18237029
0.47970694
-0.18236865
-0.59604734
1.48253417
0.17631072
0.11419990
0.13173771
0.47038510
0.11775681
0.00369888
-0.20471004
-0.18996659
0.27913356
0.05887135
0.33294308
-0.18367842
0.06906849
-0.10353336
-0.17051482
0.01030397
0.89350027
-0.58575511
0.08124579
0.45849398
-0.41659054
0.08552760
0.06988678
0.15646787
0.03211936
0.20809475
0.03250253
-0.54165423
-0.06267414
-0.20882253
-0.10395887
0.23563489
-0.06763010
-0.50939482
-0.27325258
0.35607445
-0.11372268
-0.75944465
0.10257035
-0.13410160
0.40042815
-0.21665068
-0.24032441
0.85121858
-0.07867554
0.22257993
-0.15450224
-0.04388411
-0.17742206
-0.67285472
0.00007903
0.26210904
0.18103531
0.04284725
0.22791970
-0.10846534
0.18925107
0.19321784
0.15901071
0.65856141
0.12170063
0.14862265
0.00291395
0.14397030
-0.28049934
-0.11656506
-0.08294944
0.14185745
-0.06103742
-0.05584104
0.24849862
1.15818191
0.81273669
-0.10467654
1.21277416
-0.11676695
0.07242829
-0.06826154
0.19149177
0.46075487
1.04275203
0.67507529
-0.08310598
0.20143928
-0.24584992
0.13222440
0.03073110
0.24560665
-0.08803344
0.06917280
1.18106186
-0.19533576
-0.02268670
-0.03966482
0.49713093
0.28189594
0.47819400
0.01445748
0.13456114
0.02602280
0.05700873
-0.44009915
-0.12029140
0.14204082
1.30360949
0.32099387
0.25803104
0.19361298
-0.26811728
0.08949110
-0.84948063
-0.12765941
-0.08333392
0.23462960
0.23595065
-0.03334097
0.12199069
-0.34321558
0.12045886
0.85662645
-0.36409822
0.64039445
0.53098214
-0.17802876
0.09065484
-0.38025475
-0.05998378
-0.14135888
0.20382082
-0.08884396
0.08096068
0.11311098
-0.03392731
0.94684678
0.20634943
1.66333342
-0.20741133
0.22668771
-0.22587200
0.08164061
-0.11761399
-0.05798281
-0.03317417
-0.21531244
-2.11224532
0.48173121
-0.12815389
0.10809400
0.17969282
-0.05926920
0.17461643
-1.99553585
-0.22574487
0.14096351
0.48296115
0.00722133
0.19308272
0.97201830
0.16833256
-0.92369765
0.11882766
0.06332738
0.06445194
-0.31098694
0.20765674
-1.01153445
-0.01120478
0.47355115
-0.22718833
0.08809119
-0.40203738
-0.48890889
-0.05971621
0.00720278
0.09383513
-0.10731375
-0.13634039
0.07984523
-0.02818657
-0.93782055
0.23460115
-0.04413833
-0.02940603
-0.26966411
-0.00400306
0.22119957
-1.24265373
0.62149370
-0.03530115
-0.77451688
0.10231137
-0.11148179
0.27371603
0.09848292
0.04546257
-0.49583247
0.52734244
0.22373435
0.14926694
-1.31992185
-0.13324764
0.22788048
0.44948962
-0.42772582
-0.07836820
0.10988022
-0.20453584
0.39071319
-0.44560954
-0.09586482
0.60412323
-0.34871981
0.68003589
-0.16815266
-0.07823859
0.42880780
-0.01041542
0.39784357
-0.16810969
-0.15383562
0.47743070
-0.49578467
-0.24292184
-0.50233305
-0.16513228
0.18973096
-0.20943025
0.12832066
0.12546526
-0.29836783
-0.06186193
-0.05529064
0.95677775
-0.18945114
0.33317679
0.63729411
0.02097309
-0.04753961
-0.57153344
0.19900548
1.48225379
-0.85488677
-0.03049836
0.19569702
0.12696783
-0.04571779
0.03547034
-0.40287086
0.01536626
0.06663685
-0.47807717
0.28006876
0.03349802
0.38925818
0.13540149
-0.45526078
0.04758561
-0.16984722
-0.07336729
-0.26520988
0.26574138
0.04555623
-0.18903834
-0.17312022
-0.46349126
0.06211885
-0.32105210
0.24297068
-0.17018478
0.00020349
-0.14160115
0.21449541
0.06582627
-0.20719430
0.15070586
0.90615362
-0.04074131
-0.16340536
0.41867882
0.31227654
0.18441084
-0.99570262
0.63475239
-0.13302067
-0.05087873
0.34869492
0.07792287
-0.05674684
-0.35022247
-0.44185716
-0.03451039
0.41093811
-0.38575119
-0.14876701
-0.24581732
0.00682296
-0.34911501
-0.63265979
-0.34747830
-0.23117095
0.02097675
-0.05001103
0.24900608
-0.01178906
0.34769186
0.06079218
-0.13197862
-0.14517531
-0.45913270
0.07976497
-0.15079930
-0.29707816
0.30166313
-0.27717969
-0.38870528
1.57278693
-0.13707796
0.21572801
-0.10545951
0.10975188
0.09657706
0.19886807
0.08433534
0.36531749
0.29083455
0.17822818
-0.32442090
0.12449389
0.02141853
0.00587205
0.75035954
0.79011524
0.06786666
0.07564282
-1.02275801
0.13191293
1.28532529
-0.08462536
0.10241384
0.63192362
0.15604851
0.00392982
0.07871718
-0.43192068
-0.08622662
0.29509449
0.44369721
-0.60463721
0.00528836
0.95541030
0.32902130
0.12843819
-0.31934336
0.68601090
-0.01795070
-0.56814820
0.36051488
0.04940251
-0.16760698
0.15367834
0.27647060
-0.59414822
0.30434161
0.71159250
0.09640058
-0.10889111
-0.02384120
-0.19012283
0.18988006
0.28412685
0.04090682
-0.81965148
-0.26963577
0.03790370
-0.35351139
0.01075337
-0.58235776
-0.11110292
0.35846308
0.85859656
-0.04663901
-0.11805426
-0.05037455
0.41790530
-0.05997244
-0.36394617
-0.26840019
0.47301522
0.26055658
-1.36098480
-0.42890203
-0.51651615
-0.14680833
-0.57346356
0.71079361
-0.07091510
0.20888014
-0.00472878
0.64640057
0.04252721
-0.44083196
0.34058055
-0.08486759
1.40660882
0.46886158
0.24705431
-0.09606839
-0.03016599
-0.44024169
0.33626273
0.67917407
0.74270892
-0.06438275
0.01237526
-0.02122992
-0.42373079
0.32031769
0.43426183
-0.03517327
0.39018849
0.15126468
-0.30551079
-0.14967056
1.62178123
0.40387908
-0.15560395
0.92566508
-0.21502471
-0.00405353
0.11723834
-0.39864373
0.19456089
0.50032771
0.71084177
0.30555397
-0.04542607
-0.12450335
0.04497151
0.15627974
0.44367564
0.03783348
0.73973995
0.46359938
-0.44503793
0.14088048
0.33091879
-0.03974388
0.51720029
-0.47897264
0.77116847
0.10829441
-0.40406156
0.79748797
0.75129735
-0.08065632
0.45722866
-0.13315730
-0.10023552
0.16072556
0.26347920
-0.05208757
0.04940030
0.08427089
-0.28049269
0.32240376
0.46301544
-0.02584188
-0.60859299
-0.36430967
-0.05494409
-0.54230744
0.33846095
-0.30443072
-0.28639981
0.36575103
1.07716393
-0.14858040
0.34288353
-0.86876684
-0.17933159
-0.11930379
0.34185952
-0.35347098
0.47109899
0.22352360
-0.05933983
-0.19783750
0.36677024
0.27082732
0.14015259
-0.24632271
0.07912565
-0.06563912
-0.51653588
-0.31791642
0.34992811
-0.26282698
0.05571047
-0.35962287
-0.28946608
0.30963835
-0.46479636
-0.00470361
-0.00372470
0.19766647
-0.33957133
1.15215886
0.23808938
0.10346197
-0.23613605
0.53951544
-0.30159098
0.18151031
-0.27169964
0.06765484
-0.31417760
0.09460659
1.50162101
-0.02839382
1.05553484
1.22958779
0.11051823
0.03254641
0.00430586
-0.06407043
-0.11313086
0.53095430
0.20477061
-0.80220485
-0.03902230
0.22033058
1.22610676
-0.18102437
-0.07836342
0.03265892
-2.08673048
-0.05871933
0.21708256
0.39972484
0.63537204
0.13619578
-1.08542860
-0.81573790
0.11264630
0.52953112
-0.45545372
0.06860897
-0.13165243
0.00439842
-0.57276481
0.44504106
0.39680019
0.18373473
0.31739739
-0.32740980
0.22452043
-0.33013123
-0.50643891
0.05895527
-0.39388877
0.15067203
-0.61818218
-0.28443298
0.22264959
-0.56851697
0.54746479
-0.16310470
-0.44649604
-0.27292183
-0.04157424
-0.67263955
-0.08411395
0.01221172
0.06381564
0.06244098
-0.77093911
-0.14580251
0.60173786
0.21185772
-0.30581188
0.02584603
1.30878067
0.04850602
-0.68257517
0.73171294
0.93881714
0.30816463
-0.52796584
-0.28673658
0.00725293
0.39710537
0.30676857
-0.18626615
-0.49376592
0.18806148
-1.55994487
-0.52635813
-0.24767852
0.49385446
-0.48096368
0.78364193
-0.67288607
-0.06887206
-0.47635248
-0.09548447
0.61731607
-0.02483668
0.52995348
-0.84730244
0.01233054
-0.26192743
0.13704063
-0.29906037
0.26045114
-0.01925067
-0.00099129
-1.10171509
-0.32567939
0.13473704
-0.18604828
0.09926922
-0.10005414
1.15777111
0.60095924
0.65153849
0.22493075
0.02680890
-0.10311501
-0.14438863
0.17027195
0.40625104
0.13741058
0.04539274
0.09812032
0.59748626
0.10860293
-0.02599856
-0.33187324
-0.30549726
0.24283068
0.28588974
0.15186432
-0.04733606
0.07214045
-0.03108551
-0.59983838
-0.08951872
-0.50636077
-0.35116959
0.04229036
0.13546039
-0.91560972
0.12540480
0.04976148
-0.03890082
-0.12921922
0.30928290
-0.70564270
0.01092574
-0.16205953
-0.41307536
-0.11113694
0.06802557
-0.68266845
-0.23850316
0.10640223
-0.08131027
0.77041411
-0.27671513
-0.45501435
-0.10326717
0.29944235
-0.06540903
-0.00713761
-0.17559107
-0.08508831
0.14960495
-0.39267644
0.02186328
-0.16923791
0.17987664
0.37638921
0.05172570
0.46859795
-0.32818377
0.23352088
0.18208846
-0.17393984
-0.08944511
-0.16789483
0.08603641
-0.26302195
0.32023606
-0.29062381
0.37512699
-0.10977122
-0.14302234
-0.36631069
0.40764067
0.39698589
0.02551947
0.45713532
0.10630931
-0.12195157
-0.07442302
0.32295007
-0.05926983
0.03588242
0.07495818
-0.70071328
-0.28345394
-0.63669741
-0.45088816
0.17894444
-0.31317449
-0.02706906
-0.06727678
-0.00985512
0.04241268
0.10399389
1.02951145
0.30646268
0.12114540
0.25639477
-0.27120402
-0.09784398
0.32232019
0.31802648
-0.25292411
0.63060713
-0.81250626
-0.26334956
-0.19194704
-1.59037709
-0.02255544
-0.46100855
-0.05491367
0.49565798
0.01623885
0.15172200
0.18186520
0.63907355
0.17316790
-0.47482440
0.09876689
-0.29365993
-0.74028498
-0.91513526
0.29924303
0.13618493
0.73371840
0.71325332
-0.76035643
-0.82876146
0.48803538
-0.10337467
-0.07719034
0.29288363
-0.81772500
-0.79695749
0.42750981
0.92893612
-0.52756858
-0.41985571
0.49840596
0.51689452
0.40887785
0.17433564
-0.05161547
0.03148725
-0.00232106
-0.04067168
0.21315563
0.14713989
-0.11337064
0.09062748
-0.70436370
-0.15304653
-0.19004399
-0.05972524
-0.00292708
0.01632867
0.07958279
0.08538942
-0.02129279
-0.35373506
0.07584468
0.60204095
-0.66129684
-0.00857653
-0.14906299
0.60299212
0.14221014
-0.23855160
0.94359285
0.75600791
-0.12854804
-0.12158623
0.15231872
-0.18634662
-0.09992120
0.12847398
0.10141709
-0.26014358
0.05356072
-0.25500223
-0.20361559
-0.41341946
-0.78079039
0.02181161
0.29532528
0.11351383
0.00604140
0.27496842
-0.38883573
0.19692349
0.52055365
-0.62130761
-0.00412324
0.11376694
-0.10184900
0.05789037
0.21072847
-0.14051096
-0.23182875
0.20863909
-1.32671106
-0.03764337
0.23571908
-0.62450939
0.24819784
0.00942545
-0.22693901
-0.09859068
0.17440802
-0.14030880
0.07443760
-0.46991614
0.17014104
-0.28477642
0.11158840
0.75783038
2.39113784
0.26771799
0.03398111
-0.15379770
-0.33394060
0.61465245
-0.56950521
-0.00103523
0.09507304
-0.35215381
-0.66646367
0.01115275
0.13667442
-0.85324198
0.15950279
-0.28781542
0.44130057
0.14380708
0.00385624
-0.53730166
-0.06309055
0.34561735
-0.50620753
0.45955193
-0.30687603
0.26327926
0.01906434
-0.42164388
-0.05990274
-0.23950109
0.20681807
0.59179491
0.65790433
-0.13224524
0.16361851
-0.02639879
0.42383951
-0.20137973
-0.48170847
-0.68126965
-0.36793685
-0.06211269
-0.13818778
0.21628518
0.36331147
0.38108319
-0.43539241
-0.32801148
0.03733307
-0.58994812
-0.35427329
1.02003038
-0.29418698
-1.07954490
-0.12771381
0.37112609
-0.18591876
0.18293118
-0.35801139
0.48467544
-0.03551024
-1.63132834
1.19769621
-0.23794769
0.52267963
-0.34705460
-0.08282612
0.16660480
-0.74670583
0.19224077
-0.05802077
-0.96859288
0.07461541
0.54479849
0.62485260
-0.05440143
-0.15019917
-0.79210091
-0.45284644
0.48365989
-0.38376439
0.37833780
0.05591539
1.77442527
-0.33495206
1.18431342
-0.32397002
-0.55570930
0.08734926
0.85714722
-0.10211065
0.66196597
0.06654956
-0.20667474
-0.56945550
0.12611903
0.23047985
-0.26353562
-0.07688027
0.02025736
-0.06375955
0.33921891
-0.04492120
-0.11470558
-0.14223686
0.38983455
-0.20869169
0.03835362
0.25485238
0.47499514
0.58345795
-0.31320980
-0.25446236
0.69820631
0.06113718
-0.07187562
-0.32052496
-0.29663607
-0.09562112
0.30724686
-0.08363624
0.08614562
-0.40902093
-1.04037964
0.38691914
-1.05326855
0.95617461
-0.34981507
0.01197978
-0.87628084
0.00499390
-0.05637218
0.11081913
-0.13656095
0.00210666
-0.15906847
-0.18325952
-1.41907322
0.24423842
0.05419488
-0.12478340
1.10121632
-0.19095512
-1.01724410
0.16328004
-0.34216729
0.16813543
1.90411687
0.29692474
-0.10331438
0.31940690
0.20919128
0.01736977
0.55928236
0.04631955
0.07135883
-0.03923617
0.32943571
0.49588585
0.04981931
0.12672873
-0.72722816
-0.04156813
0.03100349
-0.17160794
-0.26417962
-0.60496509
-0.21058193
0.12761383
0.04886979
-0.19240189
-0.04778776
0.24888846
1.05247474
0.14932041
0.54189277
-0.89037520
0.54116428
0.18694878
-0.75316387
-0.12688042
-1.28234518
0.48613080
0.31619143
0.05163797
0.03063777
0.21030958
-0.53375441
-0.31261730
1.03259838
-0.04948420
0.20283996
0.02415172
-0.69019675
-0.08760501
-0.08178286
-0.49637941
-0.07545757
0.90092695
-0.68786573
0.34269187
-0.16045700
-0.39693168
0.00217959
0.10857219
-0.80343747
-0.43543899
0.58997840
-0.03884575
0.34332168
0.03128183
0.05975959
0.31879351
-0.14812097
-0.05023790
-0.15689051
-0.22836821
-0.03257189
-0.03094552
0.81664222
-0.05848054
-0.45279476
1.65282869
-0.13741378
-2.97579789
-0.38778108
-0.07765020
0.08796397
0.48846477
-0.49956167
1.20044851
0.89138156
-0.06090163
0.25799677
-0.07165569
-0.05029923
0.18875290
0.02902883
-0.14463781
0.44475311
0.73988771
0.04954894
-0.14168577
0.25597426
0.10688042
-0.70768923
0.27735093
-0.03582128
0.03637011
0.41476077
-0.28299549
-0.28335157
-0.11775900
0.70158911
0.69960737
-0.23697439
-0.08590168
-0.32650423
0.07724658
-0.05964118
-0.66407561
-0.17497946
-0.21461402
0.34582692
0.07756095
-0.14032942
-0.39259037
0.06233154
0.12750736
0.65310270
-0.06981621
0.23871855
-0.84421086
1.68253291
0.08609009
-0.17611024
0.26304051
1.17739332
0.81933510
0.76271725
0.33651167
0.47542894
0.30506429
0.53973496
0.15421245
-0.70727861
0.13550492
-0.05240886
0.52817184
0.37071636
-0.15590160
-0.09479963
0.77954787
-0.39007202
-0.05748461
-0.66283232
-0.43542671
0.64992303
0.11307633
-0.16439492
0.25625235
0.41071299
0.44197536
0.11678731
0.37970278
-0.20417604
0.02030886
-0.03569838
-0.09702501
0.37525073
-0.56229520
0.13828501
-0.04992929
-0.21543220
-0.07760181
0.54921329
0.25095990
-0.68379682
-1.27545488
0.07722443
0.08670435
0.14640564
0.11038811
-0.18009911
0.56149048
0.90969664
0.82993305
0.22780314
0.31771871
0.05335366
0.18762384
0.03317570
0.46156943
-0.02829128
-0.15859662
0.60957670
0.15464655
0.12878767
0.31131494
-0.27643278
0.21418908
-0.27513540
0.66491383
0.00982494
0.10296820
0.40062711
0.20341884
0.02808217
-0.32054991
-0.03703282
-0.08712593
-0.14150666
0.34275913
0.14853743
0.00849600
-0.01184972
0.06569973
-0.02387444
1.13588595
-0.40705767
-0.12253459
0.22103815
0.28500232
-0.02503831
0.25395283
-0.33409759
0.19753580
-0.31124398
0.54240084
0.12406296
-0.05324354
0.40355098
0.07405364
0.06042274
-0.30720967
-0.02845780
-0.33113244
0.10503487
-0.27670813
-0.26066324
0.16630401
0.02642956
0.40802786
0.01003064
-0.38508829
0.46089831
0.09438196
0.18423666
0.35587606
0.02831809
-0.43245193
-0.58001298
0.39739242
-0.35986283
0.03097243
0.19876304
0.46834379
-0.23369114
0.05948595
0.03084829
-0.14943436
0.37886417
0.23504734
0.39294985
-0.27796406
-0.75736934
-0.23476942
-0.21329248
0.40075818
0.56938916
0.13220057
-0.10517521
-0.08823269
0.00237039
-0.30934104
0.28424647
0.28142759
0.23374794
-0.04148953
0.11266686
1.25676572
-0.05893402
0.13685001
-0.00939977
-0.02118679
-0.35970795
0.21555534
-0.13012944
-0.67361408
0.25581315
-0.62810051
0.03617377
-0.01534056
-0.12422461
0.16742408
0.15430066
-0.13788876
0.04472145
-0.55604887
0.10750290
-0.18328466
0.27281266
-0.31859070
1.07494473
-0.08909471
-0.48482507
-0.93963653
-0.24820884
0.41565081
0.06694815
0.06195549
0.07500645
0.01048519
0.48540890
2.05000663
0.45009837
0.03273308
0.03689032
-0.30609414
0.08346312
0.14820528
-0.45072252
0.16880386
-0.00991177
0.75649500
0.10000727
-0.08762353
0.29075456
0.32259965
0.94454283
-0.25353107
0.11052701
-0.01403754
0.01656103
0.02230662
-0.53268766
-0.01573571
0.65276152
-0.65614229
0.17046340
-0.12547840
0.11627707
0.11714125
-0.09813508
0.64660090
0.28870308
0.10333007
0.33903548
0.12093605
-0.37581217
-0.17937872
0.06187276
0.24402858
0.85626739
-0.03639171
0.09505165
0.43966120
-0.97461265
0.05840154
-0.68487823
0.38028789
0.47854409
-0.11362855
-0.01656528
0.19113521
-0.15684280
0.14697659
-0.78317446
0.18344112
0.27155414
-1.50531662
0.15302694
-0.03296218
-0.14739227
-0.01519003
0.05110460
0.76154923
-0.01117382
-0.10828089
-0.10288244
0.46934837
-0.10681937
-0.23407149
0.07427872
-0.05447286
0.65130752
0.04830424
0.01820142
-1.05792749
-0.41162759
-0.29291156
-0.97468543
0.56763971
0.03009106
0.42306995
-0.08009456
0.01263798
-0.06251669
0.19031601
-0.45910016
-0.08443298
-0.45047960
1.02628875
0.22948246
0.41658783
0.21819171
-0.16508956
0.17041647
-1.13851452
-0.08647858
-0.26038626
0.29501170
0.34773937
-0.09270227
-0.05005707
-0.24661189
-0.03479067
0.72923279
-0.26419923
0.79366571
0.05090333
-0.35789457
0.15174679
-1.12757373
-0.05274550
-0.57246047
0.04129395
0.22644505
0.12283104
-0.11587246
-0.06200400
-1.02375829
-0.30066156
0.96414739
1.03206801
-0.04890760
-0.15999132
-0.43883154
-0.02680092
-0.03434771
0.47166854
0.17735641
0.48619843
0.36719736
0.16175634
-0.58132339
0.04980533
-0.04806893
0.00158269
-0.49162689
0.11321877
-0.05477275
0.02327465
0.31352308
-0.08614560
0.18153158
-0.05001907
-0.18587497
-0.24051748
-0.23559913
0.10157778
-0.49799529
0.88886476
-0.21987681
0.13436173
0.32943979
0.80829871
0.42164126
0.02775041
-0.38529539
-0.08559501
-0.03944988
-0.22508830
-0.38345721
-0.66977578
-0.03203263
-0.04138208
-0.74534822
0.40780702
-0.09727194
-0.14911522
0.25272095
-0.29512444
-0.18977883
-0.23695990
1.13072741
0.01313155
0.15359694
0.48116913
-0.04851049
0.01610382
0.27434543
0.13205937
0.29346597
0.00657550
1.83339465
-0.04642562
-0.46587101
0.08848311
0.72379512
-1.01057160
0.03598320
0.08391032
-0.01706227
-0.30199704
0.22058649
1.04107857
0.23434572
0.06945706
-0.86341494
-1.13359284
0.01037412
0.25730634
0.04397088
0.44788903
0.07281745
0.26001808
-0.04972829
-0.15181133
0.44877836
0.10752406
0.60910541
0.05942209
-0.26008722
0.02849583
-0.20891897
0.75872582
0.07798392
-0.07427633
-0.18158321
-0.92988181
-0.03964546
-0.13972920
-0.34372622
-0.00094158
-0.09086645
-0.32208431
-0.04304795
0.36696300
-1.19325864
0.17803480
0.05507445
-0.01194481
0.00117952
0.04805144
-0.40293252
0.16656505
0.18946220
0.91937041
-0.83221084
0.10182671
0.10832559
0.44597778
0.35207808
-0.04579400
1.23032868
-0.08797131
-0.12050813
-0.15677676
0.56388623
-0.49124837
0.62669688
0.43004331
0.10197494
-0.56384063
0.32567129
0.02802045
-0.06901447
0.46072078
-0.20840040
-0.42149040
0.08200236
-0.05150707
-0.55018783
-0.49049586
0.01253390
0.14124872
0.60943538
-0.47122014
-0.21569392
0.28029925
-0.21893837
-0.38674888
0.07800492
0.18735482
-0.67493623
-0.05658099
-1.04521227
0.01874853
0.35460266
0.21141303
0.93510258
0.16735826
-0.07759048
0.07733957
0.20195942
0.26412559
0.26894462
-0.00839351
-0.06280401
0.33108631
0.25359443
-0.31291360
0.67946041
-0.12957858
-0.24957043
0.59383029
0.09847198
0.46727312
0.62815750
0.44550815
-0.27592772
-0.54116976
0.12917049
0.27221292
-0.19997254
-0.67262906
0.90966201
-0.07454175
-0.52306867
0.20542377
0.09373116
0.35057458
0.37198725
0.15813915
0.17701265
-0.36185652
0.37153074
-0.24573815
-1.19700646
-0.14110769
0.02735915
-0.64567041
-0.01619973
0.00567952
-0.54997385
0.20524517
0.04641958
0.11342017
-0.21214037
0.20788090
0.09920975
0.30241951
-0.23583660
0.24039361
0.46063998
0.17578375
-0.13502811
0.42353076
0.14389898
-0.14851278
-0.36403060
0.10692167
0.07218884
-0.27739030
-1.37591076
-0.00490123
-0.46224892
-0.14401826
0.04969689
2.96502757
0.04895875
-0.11035623
-0.24597289
-0.38563401
0.30910480
-1.20062363
0.01777638
0.05720768
-0.11661693
-0.65026402
-0.13572119
0.35533738
-0.36508515
-0.03691669
-0.27705339
0.26327181
0.52207142
0.05144280
-1.40342450
-1.10735357
1.54162979
-0.70962662
0.08086219
0.05765907
-0.03340216
0.61103249
0.53312916
-0.26291728
-0.07303346
0.15706809
-0.32754710
0.25743389
-0.11620283
-0.10675064
0.22994071
-0.42102066
0.15646340
0.07537184
0.32354543
0.20874371
-0.14914000
0.15909991
-0.12501484
-0.57945037
-0.26808268
-0.25790748
-0.43378481
-0.68987221
0.44915941
0.02085088
0.14244775
-0.15625171
0.13519578
-0.10088622
-0.97650421
0.05162811
0.67146987
0.32814813
0.32073480
0.01760215
0.22267088
-0.65884244
0.10068239
-0.01821013
-0.56148469
-0.02186061
-0.03829059
-0.14881177
-0.03319358
0.23488313
0.39748213
-0.18345015
0.79004014
0.49640632
0.03992967
0.30432418
0.58532834
0.37019384
-0.12867178
0.41126463
1.06922197
0.14023519
0.41522890
-0.25578672
-0.08144232
-0.18099093
1.16319203
-0.44732448
0.51146561
-0.68960375
-0.58855003
-0.41341838
-0.29931086
-0.20074804
0.44879416
0.42987168
-0.03301444
-0.06941471
0.08241146
0.59699243
0.04183882
-1.01895249
-0.01738102
-0.44955006
0.52995479
-0.35326073
-0.01526972
0.46859279
-0.56528568
-1.16665876
-0.59242511
-0.29813555
-0.39444426
-0.72360110
1.06643772
-0.45612228
0.04178817
-0.27029055
-0.07770385
-0.14544652
-0.28523043
0.14798124
-1.26677895
-0.42085466
-0.34973714
0.10681038
-0.70917499
-0.45071054
-0.70409739
-0.15608461
-0.03785735
1.30482090
-0.08173006
-1.08532298
0.04854975
0.34260604
0.75696379
1.55775130
-0.15649705
0.20836931
-0.29584071
-0.56046009
0.37406787
0.26725513
-0.05759986
0.25363183
0.66088414
-0.95401525
0.92963207
-0.07779164
-0.72325468
0.09436101
0.67376739
0.03982116
0.55325907
-0.23024644
-0.31550881
0.29793185
0.12907031
0.12078162
-0.14541495
-0.21759824
0.13315390
0.03749417
0.09853595
0.26548302
0.39668494
-0.01706924
0.36755994
0.45695004
-0.20809472
0.35286987
0.11252505
-0.08851447
-0.80557835
-0.58079189
0.32370988
0.06107022
-0.05850525
0.46706903
0.35255817
-0.07849739
-0.63981926
0.01979350
-0.18372354
-0.22191073
-1.15653348
-0.13837853
-1.01058352
1.02126980
-0.13885663
0.95717371
0.05214901
0.11544882
-0.13850324
-0.26377454
-0.01206797
0.31554800
1.05386233
0.05676211
-0.24102175
-0.30789748
-0.01075026
-0.13137080
0.16964936
-0.23848818
-0.56931913
0.64870495
0.63987291
-0.00263235
-1.48243153
-0.10280205
-0.04263443
0.67442924
0.20854998
0.17388162
0.09121540
-0.20317297
-0.09614683
0.08090443
0.05549632
-0.11273874
0.49763232
-0.05550065
-0.06561764
0.14951079
-0.14669392
-0.18594486
0.04266030
0.12425379
1.10416973
-0.00200977
0.20420846
0.17681567
0.07842070
0.09430925
-0.54084390
-0.47501776
-0.42248598
0.44717416
-0.58847439
0.16573893
0.19507249
0.52436852
-0.04269244
-0.11744124
0.27360043
0.08149983
-0.37517288
0.59815949
-0.01904598
-0.24044949
-0.03226098
-0.44482517
-0.60534358
0.11221801
0.13589013
0.00982575
-0.12711602
-0.13804847
-0.23263167
0.41369125
-0.90720689
0.14209867
-0.17185859
-0.00896600
-0.02702439
-0.39426154
-0.08916854
-0.24451299
-0.16054127
0.77993107
0.04243764
0.11813224
0.22027874
-0.03314630
-0.55813694
-0.04955471
0.17386819
-0.05507677
0.26740387
0.11901063
0.13183004
0.11337180
0.05544925
0.55216342
-0.14738552
0.39150056
0.29068366
0.03384470
-0.12082647
-0.92303520
0.09863717
1.13508332
-0.66033977
0.45627138
0.09367799
0.30458403
-0.05498595
0.17653574
-0.28816998
-0.07218664
0.02335793
-0.70861566
0.14447714
-0.36318576
0.26861548
0.35287651
-0.41000423
0.21389195
0.55609000
0.24898510
-0.36553973
0.23220131
0.37905666
-0.26943511
0.27562484
-0.58762234
-0.19713540
-0.34948507
0.62504452
0.02953038
-0.13495652
0.97042871
-0.22816157
0.44548765
-0.05249098
0.08178142
-0.55988312
-0.27379268
-0.13186339
-0.13252981
0.07814635
-0.59621060
-0.42106950
0.61407286
0.62967384
-0.03003215
-0.38175607
0.00165862
0.05540269
-0.14464644
0.18803756
-0.09733261
-0.05979812
0.18383701
-0.28387433
-0.25125518
-0.85761076
0.19865628
-0.52788174
0.60511398
0.19618377
0.23228842
-0.02681719
-0.06521374
0.24496551
0.07076364
0.17964403
0.23556787
0.48531538
0.10322420
0.18192326
-0.28003204
-0.75089198
-0.19711769
0.66564560
0.18050846
0.41532093
0.14636365
-0.01020533
0.90435505
-0.14661400
0.47066456
-0.40845302
0.02417537
0.32825086
-0.22968724
-0.52879018
-0.17662708
0.25374573
-0.21532935
-0.17073041
-0.30304360
-0.46582007
0.08821971
-0.31114003
0.05047713
0.09147381
0.01059063
-0.46182659
0.02330475
-0.47133547
-0.21009453
0.04488774
0.33273855
-0.31425402
-0.07443731
-0.00495702
0.56740183
0.52469534
0.13551934
-0.05893238
0.22048737
0.44349116
-0.05627764
0.06004776
-0.19989538
0.02452931
-0.03746615
-0.42341575
0.11581123
-0.12724344
0.46231809
0.16869497
-0.40176046
0.98011380
-0.18696281
0.20403418
0.31877664
0.07573771
-0.20842986
-0.62492341
0.09171431
-0.55020404
-0.50285941
-0.12012668
0.07357045
-0.09451661
0.31353849
0.06145874
0.07430470
0.53870416
0.03159251
0.18007696
-0.10124192
0.92389637
-0.21191894
0.77284664
-0.37121102
-0.69165242
0.11543663
-0.72077358
0.28626934
0.40309983
-0.22435912
0.10265756
-0.29424185
-0.89503491
0.03952352
0.01583314
-0.62275940
0.17364632
-0.19551362
0.50289297
-0.01454994
0.28018013
0.19203998
0.01105831
0.37984547
-0.46392977
0.32881284
0.10060471
-0.18051252
-0.23500472
-0.16323562
0.27006698
0.14625646
0.11119908
-0.32987970
0.45521280
-0.22139888
-0.23462024
-0.33012924
-0.02279001
0.14476998
-0.45919758
-0.18003350
0.14444327
-0.22379191
-0.78483343
-0.09560242
0.10807160
1.45035517
0.51344913
-2.20056462
0.26635820
0.31278464
-1.04774690
-0.05425189
-0.07591506
0.10214668
0.30887717
-0.31919637
0.43507028
0.38926873
-0.14701274
0.10983104
-0.10487086
-0.38088933
1.01872182
-0.23786834
0.47386196
-0.01915976
0.27308691
0.17683071
0.37190664
0.08685239
1.03239501
0.54545259
-0.08838869
-0.02830272
-0.08896398
-0.06814452
0.05161771
1.36970019
0.38156232
0.17766184
0.00375583
-0.08654161
0.17317678
0.11542255
-0.05545563
0.42565906
0.49605453
0.05632886
-0.16868556
-0.30973616
-0.20071945
-0.02257523
-0.58262604
-0.03183692
-0.50603789
-0.01185394
-0.46586651
0.46627131
0.20111834
0.12222217
-0.44228762
0.57292581
0.48803839
-0.03548897
0.13188852
-0.33944383
1.13993561
0.42175883
-0.08147209
0.18714251
-0.15354703
0.49533549
0.13694450
-0.60916024
0.23702188
-0.17653555
-0.13233498
-0.04474375
0.09153210
0.10860322
0.02008071
-0.83824050
-0.60920477
-0.06679187
0.11058786
-0.52418828
-0.26748070
-0.67274219
0.10292803
0.14352371
-0.24407364
-1.03910673
-0.19410732
0.32417274
-0.46709463
0.14438997
-0.13009134
0.06320773
0.16771124
-0.42686263
0.03801284
0.38527873
-0.04400069
-0.71120852
-0.12038209
0.07418250
-0.18138064
-0.28965551
-0.32300434
0.12054825
-0.20059584
0.27452785
0.90957081
0.04951528
0.30609906
-0.01246922
0.57087678
0.26388004
-0.15348561
0.36427134
0.67833066
-0.07694320
-0.25786504
0.11079176
-1.51649916
-0.06471600
1.05738509
-0.51284468
0.06415132
-0.46070370
-1.49791765
-0.07249136
-0.03952252
0.35134268
-0.15300432
0.02483414
-0.54664135
0.16375493
-0.33755010
-0.05022680
-0.10709722
0.14092493
-0.15128170
0.00667427
0.47567561
-0.22166054
0.27001736
-0.07274264
-0.56062752
0.06143298
0.14177668
-0.07305375
-0.14476778
-0.18950887
-0.32185978
-0.00649583
-0.46447667
-0.27256808
-0.41483143
0.28982383
0.17439035
-0.23678716
0.23870900
-0.11490173
0.25571221
0.13815267
0.26200256
-0.58342010
-0.45530918
-0.34095541
-0.38783249
-0.11281928
-0.14139798
0.18110828
-0.15686069
-0.02647790
0.19548409
-0.14724666
0.46582404
0.77599674
0.16921577
1.09642982
-0.42467746
0.86593950
0.28547060
0.10548482
0.06964424
-0.34687233
-0.16815211
0.23474753
-0.02198539
-1.07011902
-0.02312700
-0.31236207
-0.34877074
0.04915189
-0.36527786
0.36475042
-0.24916348
0.61824399
-0.90436274
-0.12580062
0.04019275
0.24169989
0.06498586
0.44121358
0.12751710
0.15601975
0.49904287
1.26411164
-0.41785729
0.27650955
0.15628622
0.38742515
0.39368904
-0.40969938
-0.59370273
0.05934977
0.48048118
-0.54812056
0.64795125
-0.00500943
0.43440384
1.25836980
0.07623485
-2.08381367
-0.28242791
-0.08895504
-0.23936270
0.11923813
-0.09724254
0.90265036
0.58614117
-0.09638964
-0.31771517
-0.32860091
-0.08848649
0.69528228
0.58067322
-0.15843594
0.50324047
0.94733822
0.00487991
-0.02110964
0.79172736
0.02794541
0.72747743
-0.38212371
-0.25496906
0.16305427
0.18163812
-0.11917818
0.57586473
-0.16693167
0.72126991
-0.78632849
-0.16740660
-1.26058495
0.72465527
0.26962379
-0.37294263
-1.28834701
0.21171708
0.13399440
-0.16813472
0.16241196
-0.11825940
0.25938913
0.12032728
0.28218621
-0.16517012
-0.85695916
0.84624624
-0.35621753
-0.31476274
0.30095309
0.37732145
0.95391041
-0.06200617
-0.79549539
0.36547998
-0.26822940
-0.39634165
0.01581869
-0.33173567
0.24738578
0.57172954
0.62279183
-0.03750258
-0.09119033
-0.55010074
-0.12685280
0.10847610
-0.58373767
0.37396598
-0.14710574
0.45624125
-0.16345014
0.06784574
0.07326639
0.05744305
-0.43037790
-0.26153523
0.61935729
-0.02903897
-0.23088069
0.21498519
-0.08403939
0.65190625
-0.21370552
0.34620529
-0.18467899
0.20776984
-0.00581681
0.03942703
0.58639437
0.33786464
-0.08202755
-0.52953815
-0.36078781
0.13187145
0.15080455
0.43349984
-0.30060703
0.37256896
0.23626226
0.39760378
-0.13200372
-0.47701910
0.13114110
1.53427410
-0.68271685
-0.23533703
-0.23274365
0.77723420
0.43858540
-0.30899999
0.56776613
-0.58998758
-0.26992914
0.47709933
0.29001197
0.49355793
-0.43324348
-0.97864658
-0.20038454
-0.12865464
0.47418693
0.08286242
0.03563083
2.43393683
-0.85412407
-0.22589691
0.90658849
0.39547676
-0.10897549
0.28456700
-0.27612066
-0.04059703
4.16305494
0.12115246
-0.13377795
0.38958424
-0.01778351
-0.10767385
-0.03449767
0.63759381
-0.11378563
-0.11666854
-0.08055275
0.77449870
-0.05828664
-3.18603659
0.07683732
0.10200575
-0.01700010
0.77681983
0.01634284
-0.55622613
0.59156239
0.44637409
-0.10662516
0.03985213
-0.80822927
-0.17864880
-0.08054452
0.44124046
0.12281142
-0.11314161
-0.08940328
-0.28044319
-0.19318196
0.21002525
0.05617078
0.07950715
0.17183809
0.01708957
-0.16043586
0.36997879
-0.70617026
-0.22058891
-0.12293585
1.32784867
0.02246463
-0.10897447
0.18360503
0.23230429
0.08244080
0.09666770
-0.06253228
-0.39788365
-0.08311035
-0.79243255
0.59532964
0.93308914
0.02393586
-0.03575278
-0.25076008
0.31214908
0.39015296
-0.12453599
-0.80393595
0.02651703
-0.18707156
-0.18255575
-0.50600463
0.35803971
-0.09690616
-0.15388295
0.45186406
-0.54371840
0.34324700
0.26377127
-0.52979851
-0.33274466
-0.27864206
0.29239058
0.04442949
0.12401036
-0.17941818
-0.08138725
-0.19469082
-0.01480231
-0.02283763
-0.04696748
-0.17211339
1.08988416
1.34570599
0.00522754
-0.25527492
0.03669795
0.03291288
0.17281976
0.41515768
0.22197719
0.50889432
-0.21108794
-0.19791086
-0.15848140
-0.03641013
0.00715524
0.29811823
0.12383945
0.01952713
-0.09747354
0.39063978
0.06568303
0.43242401
0.78472745
0.06439000
-0.26775241
-0.00702088
0.03433266
-0.00943437
0.16503777
0.16719730
-0.20499039
0.06216427
-1.01222670
-0.63681036
0.18007746
0.11988854
0.14352462
0.19637564
-0.04006981
-0.48465610
0.05251432
1.20809305
0.40943497
-0.13550463
0.53909892
-0.20963271
0.15559725
-0.08559543
-0.34818700
-0.16903731
0.45373830
-0.50553906
-0.18979806
-0.07527495
-1.19481897
0.10249003
0.70572716
-0.31612247
-0.80430198
0.06277390
0.60869968
0.16911612
-0.29370573
-0.29674301
0.16236104
-0.12822482
0.03909419
-0.48414820
-0.48544601
-0.01619847
0.03941356
0.00421176
0.34618297
-0.18144977
0.41789028
0.11700934
-0.31194749
-0.31467313
0.04144838
-0.08953461
0.07375530
0.25871712
-0.32866347
-0.34177715
-0.26429385
0.06692800
-0.32364291
0.25107628
0.12337445
-0.15594123
0.09876971
-0.00820147
0.01045443
0.20668174
-0.00950660
-0.09589135
-0.01448415
-1.22107816
0.32736400
-0.34196937
0.34671885
-0.12685622
-0.00001015
-0.16295086
0.53180289
0.54030830
0.07793757
0.22981715
0.59930927
-0.34253588
-0.13955952
0.40817991
-0.19851042
-0.32370159
1.22491598
-0.58412570
0.09332579
-0.05266316
-1.73777318
0.22965436
0.56769204
-0.00898198
-0.08516384
-0.07952693
0.00707933
-0.07451966
-0.68296218
-0.09453128
1.82530916
0.02988783
0.09869843
-0.15336122
-0.33771744
-0.05578692
0.12880565
1.27163339
0.11992950
0.43039113
0.35406801
0.10674090
-0.00545044
-0.25100723
-0.00486839
-0.03450344
0.72623360
0.25753900
-0.11231423
0.00885925
-0.58928263
-0.09469073
-0.20116951
-0.64227289
0.68066508
-1.06156588
-0.07336069
0.06020344
0.30587241
0.44470257
0.01702252
-0.41610178
-0.41368303
0.41150400
-0.09424424
0.15003356
-0.10163851
-0.06640032
0.20895547
-0.57906759
0.41672373
0.34046140
-0.04211327
0.28761411
-0.20090373
0.00801578
-0.10702461
-0.40704277
-0.63524592
-0.34237304
-0.22495537
-1.35389864
-0.02721136
0.02316861
0.02183889
-0.30472234
-0.48284870
0.56838089
-0.09816130
-0.37472302
-0.19395302
0.41462004
0.23127566
0.01111057
-0.27639976
-0.08690447
-0.19358788
0.17863339
0.63739514
0.06747768
0.07579124
0.16823851
0.08384650
0.07448853
1.18287861
-0.15664099
0.07143476
-0.03407713
0.18786924
0.44499850
-0.62161833
0.31692004
0.43923596
-1.08219159
0.09482978
-0.23409572
-0.12155428
-0.22210872
-0.20989960
-0.30415893
-0.69053596
0.06333198
-0.15470025
0.38137415
-0.61319542
0.19762202
0.46855339
0.67905498
0.41479969
0.59075809
-0.51271647
-0.14349394
0.03728620
-0.42743322
-0.27887702
0.24486709
0.58768165
-0.07065608
-0.44633901
0.43173301
-0.16252284
0.06885728
0.27606806
-0.26554203
-0.30646148
0.33926162
0.92712677
0.05123278
-0.07785349
0.32628801
0.23544294
0.32849583
-0.15725125
0.06228090
0.02533491
-0.05585821
-0.46291655
-0.11698028
-0.12665044
1.17237639
0.04977822
0.25490570
0.57039499
-0.14587793
0.12759884
-1.27100635
-0.10125086
-0.27737188
0.31691509
0.23821074
0.05734496
-0.26212737
-0.22784168
-0.11514482
0.82356119
-0.30583829
0.49895856
0.07146125
-0.69509768
0.03988774
-0.64556563
0.02915938
0.69701707
0.00153890
-0.31198913
0.19344097
-0.38731289
0.20115653
0.01235863
0.53981560
-0.14262865
-0.04186780
0.17295186
0.27995044
0.70804161
0.12271339
-0.13464281
-0.07604492
0.59034801
0.51798767
0.22501208
0.10348246
0.21511327
0.25213790
0.08161845
-0.26806891
-0.11553454
0.06799325
0.30178437
0.66469187
-0.41984889
0.32980651
0.02456583
-0.16088346
-0.68611103
-0.11975258
0.22813736
0.14687850
-0.05143579
0.15902036
0.26655945
-0.05878869
-0.06396893
0.83197236
-0.20874399
0.28708693
0.19901283
0.04556905
0.07002173
-0.73235929
0.21500240
1.34632874
-0.61943698
0.06333368
0.18361102
0.14833137
0.14723824
0.21879119
-0.55739021
-0.15300190
0.06818818
-0.69088507
0.16953671
0.03056339
0.60192901
0.38780338
-0.34357661
0.02188987
-0.80548561
0.03402416
-0.24612004
0.32181379
-0.15668136
0.10952526
0.16190416
-0.68135875
0.32767990
-0.08690482
-0.52014971
-0.10928656
-0.13472725
-0.32230902
-0.08207780
0.31082442
0.09792539
0.01921721
-0.11966800
0.83975673
-0.18538420
0.42662108
0.13838087
-0.28934178
0.03361730
0.71848983
0.87902886
0.18996514
-0.27403039
0.50870407
0.70624322
0.48605847
0.52526194
0.14832985
-0.07422439
0.06345227
0.13265248
-0.45175922
-0.32131734
-0.45314971
-0.15934727
-0.55072618
0.71367514
-0.11782701
-0.17316520
0.03166435
0.20278805
-0.07828264
0.08567039
-0.00336734
-0.19064729
0.05261360
-0.17033318
0.52592659
-0.01256434
-0.03237374
-1.14419341
0.20970230
-0.14972518
-0.02162115
-0.24223645
-0.15898581
0.38437849
0.12555116
0.97340834
0.33997238
0.46430176
0.13913977
0.37448302
0.13247581
-0.36646190
0.91186064
-0.09458897
0.76960826
-0.31216624
-0.15745889
-0.00799030
0.46857449
-0.11247052
1.46606994
-1.35267067
-0.16748433
0.69955736
0.11461847
-0.23015238
0.07489186
0.11294708
0.28049260
-0.03880602
-0.19498564
-0.19831991
0.06622196
-0.02308407
0.79841149
0.73688638
-0.10651433
-0.33223042
0.54893023
-0.50079465
-0.04752282
-0.08845301
-0.05166488
0.63804054
0.48370078
0.08470591
0.11220548
-0.05551919
-0.26280695
0.55809796
0.58282167
0.00224643
0.16880228
0.23006454
0.43581611
0.11132074
-0.18721062
0.14650670
0.24278174
-0.05170226
-0.40970823
-0.41427103
-0.16953275
0.05306825
-0.09715424
1.00557101
0.47839189
-0.37906048
-0.25065508
0.48490551
-0.27992594
-0.41919613
0.35891196
0.65167040
-0.14201593
-0.09093204
-0.06097059
-0.76622331
0.29394385
0.97887367
0.15072067
-0.07012941
0.18501016
0.09150935
0.03680892
0.88776028
-0.13735831
-0.47662121
0.38689309
0.26038963
0.03533495
0.11652692
-0.00650006
-0.26732859
-0.46093509
0.34216729
-0.00919343
0.14699341
0.29294297
0.20856570
-0.08764098
-0.04449073
-0.10112596
0.19041036
-0.02213609
-0.06198733
0.38058636
-0.08303110
0.40503082
0.06068259
-0.40231916
0.19505598
-0.04687063
-0.24175908
0.09317919
-0.10856237
-0.48377460
-0.14078616
0.74630767
-0.45703658
0.40117338
-0.08910614
0.12409937
-0.19218180
-0.09823465
0.07786298
0.05113566
0.32989943
-0.38485080
0.09269264
0.19590102
-0.92570078
0.18861346
-0.47004810
0.03740675
-0.25571182
0.29266614
0.84181982
0.24892430
0.21418613
-1.10502756
0.47282320
-0.03616006
-0.39208516
-0.00905663
-0.12274712
-0.12673829
-0.03034464
0.04283246
-0.27667361
-0.00423091
-0.07232346
0.58875209
-0.06096123
0.46973023
0.45948917
0.04976133
-0.24571942
-0.03396843
0.90638036
0.13261460
-0.40462738
0.21783124
0.87640768
-0.20404604
-0.76261348
0.02537043
0.19423160
0.78927869
0.06019796
-0.22368561
-0.22193603
0.02641319
-0.21272708
-0.09408604
-0.12403940
-0.03312533
0.04714023
-0.25803858
-0.09201577
-0.13773285
-0.36502799
0.07698140
-0.32096398
-0.09041870
0.00506136
-0.06790058
-0.02140454
0.51472563
0.07893780
0.36397433
-0.85807025
0.07127508
-0.06537648
-0.15914029
0.43314847
0.19460593
-0.40479010
0.02297672
0.42990535
0.15052681
-0.14473973
-0.41075230
0.19845596
-0.07921506
0.09861953
0.01770178
0.24019103
-0.13595796
0.03748507
-0.54901695
0.45869225
0.35087618
0.19690087
0.05142945
0.35682887
0.23108947
-0.08598400
0.37631115
-0.39884275
0.07919893
-0.78966343
0.03636178
-0.14982149
-0.01049701
0.38736027
0.69521379
0.02229943
0.08838661
-0.21584228
-0.02412442
-0.12637772
0.80301714
0.16226256
-0.06057380
-0.27994949
-0.20554964
-0.39000869
0.58206737
0.30938584
-0.01878847
0.06569281
0.39229134
-0.24115328
0.12278473
-0.52377349
-0.17477465
-0.29479969
0.45619091
0.04317880
-0.06013523
0.05004603
0.70885462
0.04161194
0.36358306
-0.42731768
0.04080079
-0.19586141
-0.01687890
0.05848446
0.65750086
0.31353599
0.26408643
-0.09206331
0.06664819
-0.17290814
0.05072385
-0.80664599
0.99386716
-0.10535803
-1.16729283
0.12947361
0.38608018
-0.04521633
0.51013315
0.52120858
0.89509308
0.63594246
0.56442446
0.30629501
-0.20160571
0.24596509
-0.42677057
0.15926895
0.57663608
0.00386901
0.54071850
0.54914403
0.53110594
-0.00821728
0.09693262
-0.23567131
-0.08501996
0.13266613
-0.19099037
0.14111665
-0.79621577
-0.31628320
0.04649107
-0.50144529
-0.45555958
-0.20044619
-0.22521386
-0.35499385
-0.03077367
0.12785849
0.79131609
-0.00002890
-0.29166767
-0.52749598
-0.22615241
-0.27203956
-0.15648453
0.08237340
-0.50324911
-1.32338917
0.44937006
-0.20453084
-0.02488708
-0.32266974
-0.23992209
1.01369584
