0.46490899
0.24876282
-0.39456588
-0.97820932
-0.17205088
0.15155426
0.36156821
0.86737680
-0.33651662
-0.56925213
-0.05898068
-0.26004091
0.80524713
0.03575601
-0.27653587
-0.10525542
0.03376659
-0.01611140
1.33347487
0.29020500
-0.00649356
-0.77089500
-1.92197859
0.44215325
-0.46281126
0.05313633
0.12592921
0.57846433
-3.14973116
-0.25412077
-0.16789162
-0.01665664
1.20298243
-0.29280651
0.25422978
0.53800410
0.21357743
-0.35043323
-0.02866479
-0.06224971
-0.10988073
0.70743048
-1.48053575
-0.44302386
-0.29456708
3.06532145
-0.35948685
-0.57222354
0.39710617
1.39387739
1.11707377
0.40442574
-0.17435956
-0.57370162
2.43216038
-0.66881752
-2.75072789
0.65956062
-0.25992286
1.69826519
0.07934260
0.09297109
0.34054652
0.26865205
0.25186461
0.08189991
0.28403518
0.56440878
1.36449444
0.54565251
-0.26399308
-0.73498398
-0.00121906
0.34054857
3.15990663
-0.23000203
-0.16393425
0.08294625
-2.53369284
-0.07316037
0.17870736
0.26771471
0.38012204
0.82173103
1.02450550
0.51788265
0.02419920
-0.04807895
-0.53932023
0.49014840
0.81343925
0.38020834
0.30130818
0.06749456
2.13081431
-0.29839757
0.27363670
-0.05661398
0.17140733
-0.02223809
0.07364894
-0.60697812
0.69534278
0.25380155
-1.15926516
-1.65907872
-0.19185677
0.22216296
0.86677945
-0.00881585
0.47948593
0.23177476
0.08047936
1.98010659
-1.16429102
-0.28639597
0.86910665
2.19092417
-0.20015512
-0.07658049
1.09508574
-0.50937235
0.34956422
0.32898808
0.63583696
-0.58641851
-1.08100533
-0.04010899
-0.35649547
-0.66651821
0.10006306
0.42755097
0.11541458
-0.26289085
0.15613317
0.55246228
0.09259382
0.27177742
0.01444864
-1.16470623
-0.44632536
-1.96092212
-0.82119006
0.27115986
2.34155512
0.41863546
-0.06814717
0.09762643
0.86978936
0.13649772
0.27315086
0.69030166
0.29037613
0.27037078
-0.43816745
0.23957071
0.06076444
-0.35890266
2.17062044
1.01543474
-0.31228468
-0.18858187
0.55406642
0.52043277
-0.33402938
0.24677846
-0.27088362
0.17908752
-1.32468283
0.62837017
0.17918645
-1.93358850
-0.00470372
0.02758727
-0.91977513
1.27876103
0.29353461
-0.21508834
0.67265922
-0.00915938
0.85505450
0.80285150
-0.44888642
-0.26458871
0.28237587
1.34297824
0.29739311
1.11181760
0.46338686
0.76162976
-0.88218135
0.10897324
-0.01823776
-0.94149351
0.82468551
-3.25351357
0.17965330
-1.13620603
3.04873538
0.06502809
0.13973458
1.72028005
0.58805585
0.21104904
0.20524904
-0.42854840
-1.06556165
0.57491565
0.00735535
0.38611725
-0.57824445
-4.79069138
0.01047534
0.08092834
-0.08936967
-0.31757733
1.99593496
-0.21484096
0.64494210
0.02658837
-0.23202811
-0.36663684
0.81728077
0.12786244
-0.44406146
0.14006403
-0.58078164
-0.98962307
-0.39349133
0.81351066
0.92673343
0.09048490
0.32494134
-1.77876282
-1.95191491
1.22369134
0.09270216
4.32168961
0.25085074
-0.18365034
3.90486455
-0.38141406
0.11718307
0.54835296
0.53937429
0.39710256
0.31364837
0.33447841
0.04375051
-0.75654912
0.09321114
-0.11420867
-0.25533032
-0.22888072
-0.09960479
0.84302843
0.90249342
0.04552309
-3.77127194
-0.04190840
0.04066225
0.13038948
-0.06839091
0.28925243
3.36303449
0.74327463
0.71964508
-0.36604828
-0.08696019
0.63290411
-0.63304079
-1.31323898
-0.06240230
-0.09100376
-0.05474827
-1.10111010
-4.52192450
-0.15076384
0.10075701
-0.42383632
-0.41822973
-0.14474000
2.30385566
0.66097444
0.81875879
-1.11784005
0.12677094
-0.52154046
-0.04818110
0.67473918
-2.46466780
0.05006161
-0.56569207
-0.42927310
-0.82817364
-0.43437925
0.80827761
0.46038705
1.35081995
0.25850955
-0.28230408
0.50277698
-0.07189523
1.88611805
-0.47051105
0.44344795
-4.72611141
0.82798910
-0.15519777
-0.00739334
0.03786796
0.69604510
-0.10939644
-0.46915197
0.07494343
0.85721809
-0.19739138
-0.43443125
-0.07517491
-0.04111705
2.68166709
0.05890017
0.09269194
-0.57997382
3.76316619
0.23322365
0.21103433
0.16287394
0.44630912
0.56791705
0.40473589
0.67758805
0.09560364
-0.60861051
1.21329880
0.01370425
-0.29987314
-0.35362506
0.86934888
-0.06976952
0.35646352
0.13928922
1.90900397
0.66184741
-2.55236626
1.59654427
-0.30868623
-1.25606334
1.05331802
0.33092526
-0.27782997
-0.91614091
-0.21287723
0.05801367
-0.04914349
2.92748117
0.26033467
0.23231986
0.23255536
0.91585398
0.00441438
-2.95936513
0.08814365
-0.02923624
-0.74219167
0.03407399
1.67916214
-1.25477433
-0.27937034
0.74735624
0.01365609
-1.02705622
0.63181496
-0.75557870
2.52748919
0.27984491
0.36569723
0.07528330
0.14167941
0.85454446
0.04642520
0.42305720
-0.00805673
-1.53779304
1.51953077
-2.15186858
0.54028261
-0.65447104
-0.84603709
0.82128131
0.14509803
-0.31347197
-0.00153504
0.58305120
-0.28097960
0.12696259
0.25925085
0.08956084
0.09951083
-0.29303360
0.43457150
2.72458005
0.13059759
0.59388083
-1.22039688
0.18200307
0.13815391
0.08242749
1.22835016
0.87056243
0.26225173
1.21954095
0.66834933
0.09544644
0.89507490
0.21788333
0.49232396
0.15493126
1.32047701
-0.02086403
1.03474259
-0.44489095
-0.10014498
0.22484486
0.12743212
-2.07986856
-0.70457375
-0.00400016
-1.56639671
-0.00556075
0.01461927
0.00827695
0.55656719
5.20139503
0.03860319
0.30607173
0.28411734
0.68027347
0.47917849
1.27044427
-0.65321243
0.47365105
2.21109271
-1.27622318
-0.32120821
0.57614559
0.09001685
-0.63740885
-2.48253512
-1.90347588
1.28101206
-0.28040928
-0.70792371
0.38807485
-1.55880535
-0.24968587
-0.29587346
0.28805199
0.09097513
-0.28050610
0.27587688
0.54798728
1.47003925
-2.39170837
0.01017199
1.10139656
0.96508974
0.00755986
-0.17318466
-0.02055510
0.89504534
-0.30486217
-1.07863069
0.14664233
0.06442463
-0.34060225
-1.63975990
-0.32063177
0.81116992
0.06749329
0.12098167
-2.34075665
0.03571303
0.47717628
0.08963010
1.03903568
0.89917457
0.92202884
-0.26608446
-0.02634063
-0.23184580
0.27514502
0.11796062
-0.00281172
-0.06092068
0.33243206
-0.42196426
-1.22044885
0.15795460
0.15883341
-0.19081600
0.78098452
0.60894126
0.40964523
-0.08204085
0.54347825
-0.26179841
2.88140869
-0.20008020
0.11048011
-0.07165319
-0.39594460
0.70068377
0.95586652
3.34728622
0.97877520
-0.71111703
-0.50637531
0.33894184
1.00056672
-0.58376950
-0.07203719
-0.13862815
0.48167914
0.04958882
0.43675947
-0.15195620
-0.03511852
0.10213146
-0.37371066
0.44367126
-0.47445765
0.22274801
0.80377245
-0.07812641
0.70739347
-0.26890433
0.66364998
-0.10764573
-0.01302195
0.70271456
0.35821474
-0.37470949
1.16808844
-0.29671443
-0.05628862
-1.37947714
-0.55848086
-0.10298570
-0.07233426
0.13225034
1.53122211
-0.35247865
-0.06608400
-0.00418591
-0.45311463
0.21073641
-0.99187207
-0.09156276
-0.08516309
0.28406051
-0.83119625
0.26357791
-0.73439062
0.48576155
-0.53404355
0.48269296
-0.09122045
0.49670276
1.19540036
0.44848546
0.21547769
-5.54243708
-0.10891087
-1.75805795
0.17857288
-0.29847193
-1.53850138
1.33981037
0.27924955
0.30325407
-0.33087692
-0.06295748
-1.06478179
0.96110731
0.11351442
-0.21467078
0.35546109
-0.59332299
1.35717916
-3.01394486
-0.02934442
0.40274292
0.24387823
0.80240083
0.28923881
-0.00838382
-1.62286770
0.44268396
-0.37522852
0.15730080
0.11390873
-1.63743186
2.87523937
0.04202788
0.16645107
-0.11067465
0.16916552
-1.44455338
-0.06073305
0.14523192
-0.01745721
-0.52216280
0.85560620
-0.22191288
0.50401998
0.21162836
0.03478098
-0.00636049
-0.95141828
-0.43117872
-3.07815981
0.19350187
-1.94599295
0.00466001
0.72796667
-0.63960010
-0.44451398
0.12485938
1.70180762
-0.32174444
0.56313467
-0.16226664
0.06278477
0.38615912
0.83753628
0.53603315
0.32408619
0.40858743
0.94367981
1.96192729
0.13566557
0.23392299
0.31638798
-2.36022592
0.33939257
0.83354372
0.64527732
-0.10253346
-0.07093047
0.59084153
0.02107383
-0.08412661
-0.26414704
-0.11380636
-0.17152108
-0.09775905
0.38444313
-0.56055421
-0.55878389
0.00511689
0.05239547
0.07198900
0.51889706
-0.52801538
0.21549483
-0.55227137
0.52610672
-0.35468313
1.81270027
0.31547466
0.09450667
1.04988039
1.10870552
-0.41086605
-0.30569261
0.24230579
-0.86330491
0.98756611
2.21293807
-0.56725758
-0.35733080
-0.11202782
-1.14427912
1.55491078
-0.27716985
0.23700751
0.12591182
0.62583393
-0.10802189
4.21595144
-0.25569636
-0.28322694
-1.63548577
-9.98079109
-1.41005111
-0.40203044
0.43536592
0.19204053
1.81046200
2.67889118
-0.68736708
-0.38490340
2.21666598
2.48623705
-0.43681332
0.35929865
2.10510755
1.18746734
-0.48857763
0.00531450
-0.30358273
-0.72820747
0.47034773
1.91880310
-1.25680721
-1.12493753
-2.97360492
0.37641332
-1.91370404
1.05519795
0.47682375
4.62818718
0.84803450
-0.57688493
0.59132928
1.43693006
-1.38410068
0.51761955
1.88481331
-0.41212106
1.13010406
1.98563850
-7.13581848
-0.45004898
1.07694793
-0.05359820
0.20582058
0.49025899
0.99993020
5.30000448
1.50930166
2.11040998
-0.43564084
0.15578435
0.42543843
-0.17607303
0.60069370
-1.38579285
0.04198152
3.13121843
-0.56440270
0.35521275
-0.86460191
1.21262038
2.16132045
1.50728786
2.14450979
0.83513528
0.14371257
-1.84619653
0.44189936
1.79614389
1.24834108
1.62218285
0.23675583
3.04384065
-1.29776263
0.25927350
0.09305468
-0.29259574
-0.06685598
-0.17674290
0.92283958
1.58585739
-0.58067042
0.06448018
-1.39390123
-0.90095925
0.38161415
2.07655954
0.12127998
0.40188298
-0.32450336
0.18238719
2.36595631
-1.71288073
2.25613332
-0.41923749
8.23102379
-0.46124870
0.09365594
0.36362579
-0.42295894
3.37645459
0.54836172
-0.12624392
-1.65842485
-1.06107819
1.08186114
-0.51445639
-0.01808692
0.04689976
2.12791109
-2.46932697
0.23536325
-0.42059284
1.54201543
0.05643790
0.64492339
-0.26735562
-0.76945531
-0.07099456
-0.08634152
1.83623755
2.74534535
6.47044563
1.52185011
-0.66774327
1.61415720
1.38538146
0.65611213
0.72402078
-0.21158701
-0.34442842
1.09662068
-0.60125148
-0.72883612
0.18618567
-0.45725700
0.67464948
-0.19082697
-0.65128827
0.08349399
-0.48442546
0.29386690
-1.00671840
-1.40570998
0.90343529
0.62717038
-2.59444737
1.10013425
1.33203864
0.89228296
0.22861259
-0.02849504
-1.45446229
-0.41417447
0.16479106
-0.24870943
1.00813317
0.36362943
-0.49464634
4.00882196
-1.12994981
-0.35542446
0.26375711
1.26103306
0.60248816
-0.59560567
2.32762647
4.69263840
-2.16375446
0.07089223
1.10379326
-1.38584244
0.85342884
3.04362583
0.16715446
-1.59160519
0.87323809
0.94926655
-0.76238936
-0.41024077
0.03957023
0.19837666
0.51441127
-0.96373540
-1.10222268
1.04235923
0.15727673
1.55409026
-0.98598993
4.21786690
-0.02098295
0.93481028
-0.51546538
2.01949692
3.69605613
0.85010201
0.89082855
0.76722199
0.81932616
2.94020748
1.03102541
0.80571610
5.06096077
0.34542254
-1.31490183
-0.25778273
-0.93220311
0.55772442
0.02131318
0.09983066
0.45233586
-11.05933285
3.32007360
2.94489503
0.87169039
12.15717697
0.24572390
-3.27250385
8.46407890
-0.64814764
-0.02539669
0.42264915
-0.91022897
0.58065760
1.80863941
1.55332005
0.23512244
0.89259279
0.59164059
-0.69494522
-0.42278871
-0.84108013
-0.39653322
1.92085671
2.54513431
-0.19494410
-4.42366743
0.49078986
0.52665067
0.78918248
0.13662462
0.60554725
7.01185465
0.16351856
1.28302038
-0.54402870
0.84490031
1.33772683
-0.76065260
0.14256261
0.06986721
1.19502020
0.06954288
-2.42815995
-10.63160610
0.12782797
0.42851332
-0.97083217
-0.59763294
-0.43415341
1.79570019
0.96476102
-0.08520009
4.52328825
0.29213560
-0.28076810
0.06361152
-0.05621273
2.87411427
0.92813301
-0.27766699
-0.33849025
0.36712629
-0.47639936
1.73043299
0.90142441
1.35953307
-0.06690239
0.30779767
3.41982889
0.03563711
2.65903950
-2.54028010
0.81383198
0.39797109
1.99623191
1.95329404
0.21924518
-0.05739484
1.12219143
-0.70850402
-0.17462181
0.23822178
0.33310872
-0.34981513
2.94234657
-1.06823814
-0.16035563
6.03260231
1.01895893
0.17537574
-0.82991582
8.65380096
0.34728435
0.26318225
-0.62120199
1.16989517
-0.12369626
0.38052651
0.11690442
0.53587711
-0.41278052
3.31630421
-0.28119177
-0.44640413
-0.44546929
0.99950981
-0.02332269
1.92689574
0.13480194
1.37613094
1.28965127
2.68879008
-1.56856525
0.03535623
-1.61876011
4.18969297
0.67837441
0.26033044
-3.00648212
-0.30335632
-0.05724201
-0.08086403
0.18044336
0.65920699
0.60344070
0.37579274
1.23404777
0.03932647
-1.82219052
0.15656030
-0.02293709
1.32251930
-6.26634073
9.18593502
-0.84640390
-0.41661304
1.94777358
0.17117383
-0.61648041
2.76269221
-3.93754864
4.88493490
1.20085359
-0.16641949
0.01791660
0.46021259
0.22843844
0.71383148
-0.47802758
0.94797820
11.21219444
0.30066302
3.55448890
-0.79113942
-2.07762337
1.78237379
-0.84524560
1.00887787
-0.45844364
0.16056451
-0.60478568
-0.79311419
0.65152365
0.39105901
-0.69374222
0.32262981
-0.70897859
1.27948904
7.12526417
0.47082713
-0.00056284
3.01743388
0.22352810
0.24516839
-0.13106275
-2.40905046
-1.22757924
0.14087355
2.49545693
2.54116678
0.76247180
1.40433514
-0.59761399
0.15064336
1.27115047
-0.41923082
0.17531711
1.70697749
-0.05597998
-0.07717945
0.38094303
0.05561887
3.99853873
-1.12679052
0.05963659
-1.92621660
0.09841216
0.16416273
0.16502501
-0.32045400
-1.15234089
-0.02957178
-1.01938319
0.65477401
1.57232499
-0.76597792
3.38644838
-0.98375392
7.70239592
5.05694532
3.65677929
-0.35246736
1.36149871
2.04925203
0.94142550
-6.60809612
-0.14883564
3.62024975
-2.40093756
-1.62544084
0.79895991
0.59511226
0.26052287
-0.56355751
0.21626829
-0.17221022
-0.50887293
0.42366982
0.03138460
4.97519588
5.57997561
-0.01578782
1.59433746
-1.18256068
-0.19635221
-0.23761804
-0.06853051
3.82659245
-0.28154179
-0.70418936
0.26681161
-0.36911491
-0.53162032
2.73700428
0.11164003
1.18603444
0.19961525
0.45010483
-1.88886476
0.39440709
0.70464444
0.78468072
2.19605064
1.21386242
2.30005360
0.13108359
2.85564780
-0.42243925
-0.56647015
-1.00699556
0.12986422
-0.02782728
-1.30658245
1.71429431
-3.89087105
-0.02722165
0.38685432
-1.48278821
0.62672108
1.23759532
0.77429795
0.00212709
1.58502805
0.82296956
5.33299351
-0.56037694
1.01026607
-0.06080250
0.19628681
0.32060289
3.39587235
-2.96340919
2.87488914
-0.98615402
1.72178459
0.64060205
1.66059566
-1.05540013
-0.50639182
-3.61941218
2.72647381
-1.10293245
1.13061333
-0.32857749
-0.13307773
0.21817170
-0.03933225
2.43889737
-0.49426579
2.80287814
-0.48876396
-0.43366009
1.09428811
-1.38524497
2.81289864
-0.38797247
-0.39153019
1.73661637
1.11725640
1.54984629
1.34613860
-0.56185567
0.11563046
-2.55122972
5.09678841
-2.37016726
-0.13454397
-0.30579045
6.02972221
-0.59607595
-0.30358467
0.04186580
-0.37546286
0.59143364
0.18476307
-0.00330909
-0.19735110
-0.83235383
-1.03204036
2.03443241
-1.51026213
0.76312882
-0.65985411
1.70226264
0.55964524
0.79567796
-0.87008959
1.06464541
1.57960522
6.39734507
0.48608187
-5.54554415
0.85262322
-0.20519388
-1.42138565
1.91274822
0.78336948
1.66605580
-0.67106515
-0.03765879
1.31332743
1.85138953
0.23381035
-0.27874243
0.85416675
-1.59199679
1.89626741
-3.15457630
-0.13083260
0.49892017
1.59092891
1.16569912
2.30139232
-0.10330256
-0.10528602
1.21787179
0.38536215
0.32622334
1.18301284
-6.54478168
4.47511768
0.64396197
-0.16802777
0.19718479
0.54523355
-3.57186437
-0.10197714
0.29153961
-0.10404650
-0.75315988
0.31788898
-0.07794068
0.03719275
0.36525881
-0.17869744
0.39541689
0.92359930
-1.89493227
-0.01553438
-0.17264356
-0.02749375
1.29587471
2.15291667
-1.17919683
-0.54768479
0.31749651
2.37027979
-0.40590677
1.51928067
0.23299812
0.04687688
1.30220377
1.94834101
2.90016127
1.58384120
0.27306741
2.58242035
3.33926630
0.25666982
1.01148057
1.22399080
-3.55516624
1.55221748
1.23020828
1.98703980
-0.01739130
-0.04474390
1.47161222
0.11759619
-0.15214548
-0.96389300
0.99674332
-0.23413838
-0.29549676
-1.32794702
0.07120850
-0.74162191
-0.01667253
0.71294975
0.06293464
1.58075941
1.19878983
1.03349388
-0.42574060
5.15345335
-0.73604649
2.94470644
0.70814615
0.08266243
0.41132364
0.33691373
-0.31538606
-0.85001045
-0.16867551
0.09327584
0.31164438
0.84641659
0.73184210
-0.05855308
-0.06668337
-0.23763764
0.74845922
0.00819103
0.27581733
-0.00630262
0.07415024
-0.05296209
1.08910549
-0.21691467
0.03759642
4.08956242
-0.40543610
0.64311427
-0.47416526
0.37883770
0.05968170
0.40825313
1.12727976
-0.23167352
-0.15715973
0.59584600
1.00037873
-0.25995180
0.30142832
0.33066118
0.31844884
-0.35860446
-0.00272463
-0.03269741
-0.59318846
0.59074140
-0.55216306
-0.18276811
-0.38457993
-1.86102760
0.78682506
-0.47431645
0.38791543
-0.57693976
1.26038814
0.79438579
-0.14722919
0.27344957
2.28409982
-0.75305408
1.42660046
1.05707967
-0.27514994
1.51361799
0.55425030
0.19370806
-0.79891008
0.32659042
0.24994765
0.07776158
0.22030498
0.43902484
1.85447991
0.31641847
0.07380008
-0.90052897
-0.12058556
0.47436067
-1.88109767
-0.20507455
-0.06384505
0.04488370
-0.07773316
-0.12009703
0.27789319
0.20109074
0.40356842
0.99289989
0.82065666
0.58646601
0.00384257
-0.27386263
-0.62694699
0.48844612
0.69441533
0.26369140
0.17317000
0.06375939
1.23099220
-0.55787259
0.30352959
-0.00499618
0.14911005
-0.01140609
0.08043654
0.27752891
0.84512836
0.36630607
1.12023532
-0.18023631
-0.31329009
0.10380508
0.91639191
0.01717457
0.75225210
0.32183227
0.02734919
1.39390230
-1.26079202
0.13544898
-0.09220621
1.81632221
-0.15723754
-0.03014918
1.43149519
-0.31772849
0.17053482
0.26145032
0.77297741
-0.53801781
-0.87436181
0.05968649
-0.27841228
0.40843388
0.28862786
0.24222700
0.15343469
0.13185875
0.15635718
0.39455658
0.08603796
0.25005049
-0.11324881
-1.19370818
-0.48602724
1.68044090
0.13889939
0.02450984
2.71284795
0.45813745
-0.05744236
0.14372361
0.95704943
0.08741438
0.04825459
0.53870851
-0.43314245
0.53197235
-0.45148227
0.28199619
0.00813805
0.52576756
0.12116660
-0.21044403
-0.24752407
-0.03940968
-0.69819194
-0.15661247
-0.33386791
0.13543160
-0.19336715
0.95954788
-1.02905452
0.46366090
0.26687577
0.37715775
0.07032597
0.20044512
-0.85823494
0.73658580
0.32510123
0.19507039
0.16346435
0.06515260
0.64966124
0.85469723
-0.66326761
-0.10480200
0.27413121
0.12922570
0.25699276
-1.19903648
0.96070594
0.60442090
-0.65971345
0.16947709
0.15064739
-0.78675640
0.48132759
1.43981504
-0.21979314
2.40217805
-3.56940341
-0.03840254
0.16272895
1.78220642
0.58695722
0.31331298
0.21336302
-0.49902463
-0.91262937
0.54871076
0.05178230
0.48853514
-0.30825776
1.69686675
0.03579912
0.09314480
0.02620872
0.72020864
-2.40456200
-0.24724369
1.22690535
0.00446517
0.59914583
-0.18598391
0.71717310
0.12537420
0.49922213
0.17425191
-0.66014403
0.76571172
-0.09659371
-0.11701470
-2.24493432
0.09073794
0.29833719
-1.99674606
-0.08729727
0.85552317
0.28267834
4.57412815
0.18806185
0.27607617
4.43225527
-0.35308579
0.11536657
0.50477576
-0.13682801
0.41389379
0.31088027
-0.02163995
0.09925745
1.74453986
0.07802241
-0.08175016
-0.29762071
-0.21330139
-0.01641275
0.39158744
0.52981341
0.14614646
2.67727089
-0.06521691
0.16318585
0.21460283
0.01270997
0.46863398
2.84281111
-0.47740409
0.49667740
-0.54003710
-0.36963218
0.43006763
-0.62623799
0.94077891
-0.08921374
1.38457096
-0.03333196
-1.01867163
-4.35232162
-0.15969583
0.04519905
-0.45013499
-0.33562079
-0.15642557
2.21889186
0.48935789
-0.30265498
-1.87314415
0.07963657
0.55991256
-0.02448033
0.71910226
0.09021527
-0.16228756
0.09395916
-0.42223659
0.98234802
-0.40309677
0.77281630
0.82878941
0.19475782
-0.43845493
-0.16837662
0.46873790
-0.08373812
1.82878351
-0.65344661
0.31838503
2.93404984
0.93052781
-1.02963126
0.03622216
0.05808951
0.69845831
-0.14609604
-0.51166528
0.05634455
0.72189957
-0.14172071
-0.11105736
-0.19141530
-0.08365551
3.00907969
0.25095880
0.11910569
-0.48540697
3.32697010
0.42387190
-0.05919101
0.16394854
0.38646999
-0.45999575
0.45367730
0.73808104
0.04500130
0.06640764
1.36526835
-0.01305069
-0.35488683
-0.30702296
0.93847328
-0.05764535
0.45808616
0.17251457
1.81300068
0.24744493
0.57236934
-1.53715360
-0.26655060
-1.16087508
0.85638785
0.40818655
-0.41430518
-0.72288722
-0.15714195
0.12832746
-0.05958481
-2.99967432
0.15496698
0.36535749
0.19736677
1.45456386
0.00679844
-2.65135074
0.06692810
-0.00848804
2.36281848
0.50054801
1.72982764
-1.01323211
-0.34812674
1.04073763
-0.05845825
-0.99070221
0.52211827
-2.33102608
0.76674396
0.21202520
0.27980191
-0.40038779
0.19463831
0.60760945
0.10889412
0.04935159
0.02015693
-0.49876174
0.15286168
-1.19079411
-0.09414589
-0.48043495
-0.64370650
-0.36638358
0.19160312
-0.34021518
-0.01858801
-0.16234437
-0.26308104
0.24321294
0.27851218
0.04132475
0.10951543
-0.26138833
0.64217383
1.40582490
0.14122848
-0.38325390
-1.04956412
0.22221088
0.22704054
0.07597656
-5.19344521
-0.78225344
0.02410999
0.15805820
0.68636096
-0.02957851
0.81108665
0.38452831
-0.30156323
0.23003443
-1.17747748
-0.00859928
1.00652432
0.72610599
-0.11321688
0.25897601
-0.14701054
-2.06502175
-0.68653339
0.12729594
-1.57896757
-0.01813358
0.06876779
0.09536033
0.66977584
-0.93803906
0.02703110
0.48932326
0.10218428
0.30807459
-1.12732601
0.60854840
-0.47474787
-0.01374163
1.29713583
-0.14974223
-0.29708114
0.34918189
0.12253249
-0.59672350
-2.40714574
-0.09944694
0.43631354
-0.19922654
-0.26508749
0.40140244
0.52365458
-0.09171586
-0.35391834
0.23881376
0.09061095
-0.29602727
0.21424901
-0.78519994
1.68573141
-2.82670379
-0.00230629
0.69108826
-0.78197330
-0.17688656
-0.19485940
0.05379084
0.92468065
1.32984996
-0.79671186
0.11924507
0.16275655
-0.29354709
-1.40061736
-0.26942962
0.73766124
0.02381581
0.35610312
0.69749278
-0.11836769
0.39593470
0.15023018
1.09539914
0.70525551
1.07534540
-0.25459555
0.19204545
-0.18671153
0.18119110
0.22223648
-0.00165250
-0.09004816
0.13971928
-0.38043517
-1.11300910
0.18428861
0.22513655
-0.32922587
0.48762381
0.31344870
0.35554707
-0.07144741
0.57620090
-0.43002516
2.45418715
-0.24270591
0.31075242
-0.09226125
-0.53897834
0.79925513
1.32324886
-1.36232722
0.92252016
-0.79767847
-0.51857263
0.56721312
0.58162892
-0.37446254
-0.31246907
-0.08573672
0.40064585
0.07833362
-0.23246978
-0.23730801
-0.04571704
0.11610451
0.47736439
0.06497707
-0.48950016
0.33517939
0.61682981
-0.03914528
0.71195114
-0.53164947
-4.39260435
0.06685364
0.09906408
0.75525939
0.61396736
1.24774718
1.17291713
-0.27611873
-0.01821190
-1.58789182
-0.29990530
0.22318377
-0.04312411
-0.67302948
0.79107785
-0.31362584
-0.07616863
-0.01948392
-0.34038353
-0.51326966
-0.83157670
-0.11502533
-0.35240528
0.37279204
0.76907092
-0.09252688
-0.45570537
0.40620610
-0.53015995
0.47583798
0.11119971
0.24902843
-0.80724359
0.40075725
0.15346034
2.01709104
-0.12704332
-2.39556456
0.12934387
-0.22638448
-1.61499977
1.46680498
0.34637931
-0.22045054
-0.35427418
-0.07154244
-0.34616864
0.64223421
0.00142217
-0.19660410
0.25264710
-0.37493587
1.43897855
-2.92347407
0.58805579
0.36050746
0.10885111
0.83613497
0.53770894
-0.22730178
0.81855989
0.41554052
-0.43827084
0.17366830
0.28845105
-1.84590602
-4.93533850
-0.64735270
0.01259056
-0.10014384
0.06753252
-1.19169617
-0.03287409
0.09009299
0.01116194
-0.51889354
-0.23405463
-0.05277843
-0.42704821
0.25151563
0.18097115
0.24003989
-1.04525292
-4.31386948
1.97453189
0.14968826
1.62092781
-0.30234340
0.86559051
-0.60707331
-0.43178552
0.21840663
1.25879550
-0.33718333
0.58562505
-0.05044881
0.03971883
0.41430664
0.99470574
0.72639078
0.29141998
-0.22816645
1.31066108
1.89922082
0.15114076
0.35564134
0.20065954
-2.36890292
0.36890477
0.77609771
0.26659060
-0.03690933
-0.08893109
0.80312264
0.03270936
0.10971943
-0.39863333
-0.06549706
-0.20566440
-0.11287667
0.49817747
0.82228643
-0.48564899
-0.03012107
0.03214980
0.05138162
0.50831193
1.14842200
0.22990137
0.55326408
0.09885095
-0.41597429
1.97737360
0.54246104
0.05942150
1.07735109
1.80742061
0.09929759
-1.35503519
0.38650739
1.57616651
-0.26673159
-0.06624849
-0.88668853
-0.44829553
-0.18199012
-0.40542176
-0.50416720
0.58545464
-0.69752395
-0.47143993
-0.24223521
0.04577387
0.43856913
0.98017800
0.73227710
-1.08293998
0.44330975
1.49616504
-0.43711865
0.91492248
0.18194763
0.03925406
-8.65276623
-0.36005926
-0.38047212
1.26536524
1.94413340
-0.27210400
0.94669741
1.45449018
1.33200645
-0.65494001
0.01244409
0.13709493
0.11861602
3.16342044
-6.10233545
0.37857109
-1.21460128
-4.52084446
-0.49105352
1.53288984
0.77947026
-0.27597389
0.83175212
1.64123166
0.51582837
-0.97040600
1.07797611
-1.82572114
-12.04764557
-1.19684601
-0.15587270
1.60969853
3.30239749
0.80733311
0.89126527
0.45182836
0.06375305
0.20904553
0.50628102
-0.13997695
-0.98824948
1.83130252
-1.84745955
-0.93631929
0.18949413
0.70319611
8.57123470
-0.19765878
0.22175530
-0.05260507
3.41148472
-0.54448205
0.51812065
-1.01435423
0.20063852
1.87883902
0.83346617
1.98962331
-0.10324255
3.06622171
0.92231828
0.59467137
1.60670817
-0.43705523
-0.02884082
0.32683012
3.91365027
-0.54483688
0.56979686
0.15678476
-0.30676800
-0.18178165
0.71609360
3.78736353
1.58643830
1.20068157
-3.18321514
1.44325650
-0.90296417
0.21196997
1.77206421
0.04205251
1.38481438
1.09127736
0.17040835
2.17165375
-1.36833513
2.90787673
2.35291123
-3.00235128
-0.32584381
0.13883498
2.27365136
-5.07177687
2.09271955
0.62899959
0.06702583
-0.63668537
-1.25519419
0.40431949
0.95021421
-1.05914533
0.95564026
1.14105105
-4.34612131
0.53962785
1.17766488
0.89905167
0.11040974
0.13160285
0.37692195
-0.27654475
0.64037299
-4.50773859
2.76900530
0.16373403
2.61864567
0.64180738
0.11845108
0.99746490
1.38657022
0.69648123
4.19273663
2.48376870
1.44227588
1.62225473
-0.54107261
-0.03912035
0.12926994
-1.06909955
2.23460913
-0.15941593
-0.47370625
1.37272441
3.45186234
0.54178613
0.58248430
1.08054745
-0.49934682
-0.29116365
-2.17495608
-0.24104764
1.32598031
-5.88272810
0.46543846
0.03704035
1.10801291
4.11765480
0.80878186
-0.22589232
0.70798796
0.34417781
1.33226228
2.14678335
-0.81460607
-0.28457770
0.24084938
4.03064203
0.73302168
2.80210328
-1.29735720
-0.83802766
0.24480888
0.54973578
1.44176733
-0.72244108
1.52546370
-5.87763405
1.03627288
-4.36556673
3.39661407
0.76605070
-1.12272620
-0.65179813
3.24288011
0.69417530
-0.07079286
0.19287105
1.23389089
1.60659122
0.09730919
1.27459311
1.03960001
2.60767198
0.03856597
-0.19074847
0.81647211
3.67410326
1.76145625
0.36613542
1.83903551
0.56849754
-0.33768988
1.57233036
0.40866324
-0.11297739
4.31413698
0.33689401
-1.18075228
-3.34247303
0.38146517
0.18302543
5.21757936
0.19087948
0.03181638
2.33825350
-13.84534168
2.64506245
0.73699033
-2.15056849
0.40818256
2.33555341
-0.24640262
-0.74516040
0.51241070
0.26067105
4.32407045
0.20670384
-0.37141520
3.12627196
0.10492446
-0.88750815
0.21014975
0.74861580
-0.36664084
-0.27414510
-0.33677876
1.47830272
2.45721865
0.37714627
-5.04159641
1.46789253
0.64492577
0.08258909
0.16322881
0.86590564
-1.01101637
1.47147071
0.96806604
3.84038734
1.00334930
1.12639594
-0.74766332
0.40501845
0.09478416
0.16516209
1.18281233
1.87462401
0.06036843
0.26306409
0.53880012
-0.28897721
-0.62986684
-0.54810482
-0.60846245
1.10393167
0.00123001
3.00264668
0.26649800
-1.13801956
-0.01726081
0.87811625
3.76819015
0.67849070
1.87834370
-0.00441892
0.38639721
-0.57429987
1.38909495
-0.05116417
2.94273496
-0.21465544
0.72992891
-0.44215271
-0.04238579
1.28472173
-2.35610723
0.70816457
-8.52494812
2.33774257
1.33877265
0.16618632
-0.03976138
-0.25893354
-0.46130162
-0.11188612
0.07963723
0.47745091
-0.32377943
2.88582134
1.22992086
-0.33221936
0.28386188
1.17349744
0.27250752
-0.77908564
-0.31456479
0.64167345
0.58803046
0.72974944
0.98502940
2.98734474
0.90224969
0.88688910
0.46378130
-0.73426431
-0.48552060
-0.16506742
-0.39561108
-0.17846045
1.82262671
0.41923553
-0.24861166
0.26267350
2.18799090
1.56708717
-12.47627163
5.00826597
-0.47083333
-0.88971668
-0.36798444
0.81536430
1.19200802
0.56331974
-0.35641554
-0.24464282
-0.07059469
7.90335369
1.64824057
0.87464780
0.44633198
3.21780300
0.05521503
-1.23934865
0.07061452
0.01366226
-3.10948014
0.85638231
-2.00402379
-1.08476710
-0.45357347
2.09964371
0.28681576
-0.10982280
2.62115812
1.32484925
1.16197467
0.80608803
3.84568739
-0.16518593
-0.96362400
0.58347797
0.34494957
0.62603533
-0.15139724
-1.08777392
-0.28913352
4.26179600
2.24333286
0.47077891
1.64013946
1.60357177
0.01790235
-0.52167803
0.24568929
2.35588598
0.09921600
1.04724658
0.47306854
0.37672654
0.07030334
-0.40472472
1.64385641
0.91964239
-0.15160459
1.10315549
-2.09227824
0.25852108
0.45599571
-0.55417782
4.23629904
2.20281863
0.72508699
2.35099339
1.59737575
0.58527297
1.33756709
0.99775958
1.45082176
0.99824965
3.26908183
0.14385176
1.24374390
1.21169710
0.17641248
1.14518070
0.92958313
3.46479774
-1.00318921
2.56724024
0.16772981
-0.00652527
0.08527812
0.41179380
-0.41887602
4.15621185
-0.34243858
-2.11411285
0.49256232
1.40817142
1.22670746
-1.39285171
-0.82642120
-0.93898129
1.76179421
-2.33344054
-0.37561306
1.19338143
-0.50286049
1.05328524
0.80627584
4.30237770
2.56368303
-0.36689180
1.48142171
0.69775033
-9.00627327
1.86235797
-0.51424474
0.48952225
0.79056919
-0.59575707
0.21088077
-0.09636294
1.94868279
4.72082043
-0.00031086
-0.17757966
2.45381713
0.60465604
0.15292892
0.60128570
-0.35576662
-0.17535979
1.03519726
0.28567880
-0.37465745
-0.49217540
2.87121654
0.36747795
1.66223872
0.30060655
0.59911680
-1.67182934
0.81132841
0.80665672
1.12529492
1.64323390
0.45792300
1.98742342
-0.38190675
-0.09228003
-0.35179338
1.67812014
0.31160051
-0.00903856
-0.33788136
1.11359870
1.53142405
-0.32346809
-0.00231073
0.25675026
1.59080315
1.40784752
1.70548928
0.39924997
-0.01164006
-0.39821875
-0.84491873
1.36183739
-0.18527874
0.03959088
-0.12975150
0.49198300
1.08946061
2.27382421
-0.04942229
-1.70677984
-1.24960768
0.69364440
0.76217461
2.04840088
-1.23455405
-0.36980045
-3.99681830
-0.57974881
-0.15985563
8.06629753
-1.60652018
-0.21652496
0.27113882
-0.06934332
0.33353990
0.24971056
-0.71180218
1.34464490
-0.46321607
1.70822394
0.68589538
1.81257749
-0.26858675
0.42885417
0.82618105
1.02504992
-1.00171351
1.61368811
-0.56630886
0.14388762
-0.77963674
-2.30574489
0.63931674
-0.17861144
-0.57922447
1.09488511
-0.55268455
0.28095481
0.05573377
-0.42392239
0.55778664
0.18711394
0.12384774
0.06460264
0.37485054
-1.15929854
-1.87870073
-1.90714896
0.62453079
0.19966525
0.06288340
0.47510061
1.27956140
3.21352625
1.29866314
1.38456559
4.66126823
0.23666075
-2.17986131
0.77146417
-0.36076325
0.78276062
1.41430914
0.77673709
3.67863250
-1.96336484
0.07143266
1.56202257
1.35816181
0.15286539
-0.54200006
0.68022907
-1.76498926
2.38828969
-4.48807240
0.05928105
0.81721038
0.84211934
1.39936030
2.18693781
1.08882916
-3.53503036
1.21840250
0.33390522
0.29217848
0.53183931
-13.21949387
-1.53596699
-0.01456807
0.57475388
0.19356464
0.29711601
0.38575906
0.75158811
0.26929319
-0.14944319
-0.60629886
0.85785532
-0.07110099
-6.45957851
0.05745650
-0.08740766
1.20901322
-1.94953907
1.79521060
-6.74528170
0.79329342
-4.91224337
1.25788724
2.92833543
0.40251777
-0.78924125
0.16511907
2.82767868
-0.67261004
-1.16852176
0.30875221
0.08036483
0.92903060
-0.41277239
1.21773779
-0.08761716
1.00163829
1.64049351
3.18429399
0.27198815
0.45340347
2.21432924
-2.48265934
1.13884604
2.60634542
1.54681087
-2.18827820
0.06540754
0.00961628
0.11264966
-0.09678537
-0.80717385
-0.65559167
-0.36706126
-0.36148599
1.58503652
-1.06925416
-0.38131082
-0.02210021
0.50505638
0.26013401
-0.48781669
-1.95671892
0.81999266
-0.86299670
0.06720461
-0.40139174
1.94839776
0.74099469
0.12460408
-1.50457501
2.91797304
-0.74959689
-1.06617749
2.79812384
-2.16931558
-0.70190185
-0.09171117
0.79258752
-0.08255730
-0.31205410
0.15714060
-0.57905263
-0.75156450
0.37490001
1.55264246
-0.37132767
2.07951212
-1.26084244
0.06034153
0.13872591
0.89055181
12.43651485
-2.33715177
-0.24320705
2.39804459
1.43172324
-0.23991764
9.07379246
4.62366009
-0.26565793
5.96690702
4.46449327
1.14884019
4.29157972
5.77934647
2.78037810
-0.44892037
0.72392195
-1.22095585
1.28462410
4.60242176
9.04920197
2.92122364
0.69036293
15.33747005
-0.46444997
-2.35537601
3.20126081
-0.13467464
0.28600872
5.08215761
-0.71951836
2.53200269
-0.13310255
-1.24948835
6.33630419
4.18856001
-0.24119508
-0.73020697
5.96696281
2.66798711
-0.43092200
-0.34777403
-1.54581678
1.26926231
2.09099340
-0.74212390
2.64871907
5.19833565
6.33246613
-1.47698975
2.60077000
3.38481641
-2.13861561
0.10362511
5.57033634
3.43280983
6.88648319
-0.94805682
0.27111021
-7.57813931
0.35061073
5.11746216
3.19445181
3.59946513
-0.27530208
-5.59277010
3.91899991
3.72622776
8.64336967
-0.73101795
-2.91611004
1.34817445
-7.14629698
-10.72455215
1.17567885
1.69144809
-0.62200826
-0.45738891
-1.02340114
8.94671059
2.68500876
2.18734336
1.22256291
1.64591599
-1.17594111
1.21055329
5.02284145
0.87006998
6.76515150
-2.69498897
1.11863101
5.52544403
-3.97325349
6.25618792
-0.31039712
-7.64491892
-0.62325829
3.68364453
3.91068578
-1.42525804
5.38417006
2.14588952
1.53912675
0.25193924
-1.48821843
3.90689015
-0.36433929
0.45506987
-2.76053500
4.09216022
-9.45291710
0.56849277
-2.24186230
2.30405021
-0.87239099
-0.27113825
0.53072935
3.31030369
4.54617357
0.08465417
2.40544653
5.85032272
-4.39735937
-0.97553265
1.33297634
4.48067427
3.09631681
2.68446231
-9.80105305
1.12804794
-1.10085249
4.78709936
-0.84068173
0.81809640
1.22716916
-0.66801620
1.89046419
-0.85768455
-0.71256310
6.44770002
-1.61612797
-0.36038625
5.03496027
2.48581481
-0.74672616
-0.57313770
9.38941669
0.16149777
2.57429147
3.57171679
1.36775804
3.41242838
5.39186239
-9.69825554
1.30862081
0.44587862
4.23648977
1.91783702
0.42194518
5.87380457
-5.33894587
-0.62608910
-2.15373445
-0.51912689
2.14983344
-0.75536036
3.20074749
-3.35683584
-0.23690082
2.23566651
2.76503110
-1.42501140
6.15638494
3.54042029
3.66873074
-5.89195299
2.35714960
6.03682852
-1.33195698
-3.60750723
0.87818110
3.42365575
0.20736796
0.23693702
3.17896008
1.37705326
1.53463149
3.04234791
-0.21825930
-2.29397607
1.22644699
-0.75324923
-1.82578456
8.62217522
9.75476933
3.96821761
6.64091110
0.58341825
-1.65504324
6.81870174
0.57940280
-0.44407380
-12.38574219
0.93070203
-0.32754090
0.38671708
-1.42448962
-0.33427763
-0.71221930
0.53569806
3.76763773
11.94867516
12.56894588
-2.26312494
2.19999409
-3.05443215
1.88543332
8.78459835
-4.02639961
-0.03944813
-2.16335654
0.12863511
-3.59324765
1.56644666
-0.29546446
3.91264129
1.54945457
-3.19590759
0.24985331
-0.08268528
-1.32124221
0.20964999
-0.09179175
6.74878836
4.54559565
1.63063049
1.73395002
6.42148685
3.82528043
1.65404499
0.87041444
2.90046215
-3.50878954
-1.08842731
1.66891634
-0.87140453
3.51175833
1.98074043
-0.39714167
0.12587860
1.96833026
-1.60873878
1.44591486
8.00866890
2.25113010
3.78373861
1.07113230
0.74841803
-0.62827551
-1.60882437
1.05553126
2.25661182
-0.05205517
11.12071991
0.84199345
-0.60274255
0.90323561
5.21805620
0.61785740
1.55830383
0.13923755
3.97645307
0.91673040
-0.18320400
5.37545252
-0.26469329
2.78345585
-0.30570698
5.52694702
0.65962774
0.84276974
-1.41429973
-6.48990107
3.46905708
2.16081524
3.82634568
7.99762726
1.77298319
0.96377140
-1.69956303
-1.04098332
1.93024743
1.68562233
6.20519304
0.33374971
-14.06075573
0.05757394
-0.25692752
-5.95207500
4.48007059
0.56397223
-1.07934594
-3.20560408
2.41526747
4.81511068
-0.70449716
1.30455148
-0.57914996
1.89396000
7.22517538
2.63164449
0.91444224
-1.11671877
-0.47133932
-0.11412749
-0.69911355
2.66904116
1.31078005
-3.35714602
0.74028105
1.54989266
5.64281225
5.53551817
-0.75286216
0.55499774
-0.74738336
0.02343472
4.16883469
7.63981867
-1.78607285
-0.36909238
1.93783271
-0.44392985
-1.50650835
7.52325535
2.53543663
1.24205828
3.68953180
1.47899568
10.04533386
2.04145312
0.82994080
-9.26205349
7.99169636
-7.18779373
-0.61328137
-0.52838671
5.50563717
3.04616928
1.57241321
5.41503572
-6.06236982
4.46834373
1.75726569
-7.93364716
0.51766014
3.31652093
8.72330570
3.71173024
-1.53799748
-1.62024415
-5.09703207
-3.28740287
7.54986906
-0.79533410
3.20949674
9.24984646
-2.81384158
-0.08924822
-0.23693833
1.94921231
-2.29126859
0.03722600
5.24032354
6.06899691
3.23676968
1.80960989
-0.97004861
4.58503437
-6.79527617
0.87614900
0.12032482
-1.81004024
-0.11582119
6.79612970
-1.24156046
3.48452353
-0.90424007
1.38129640
7.13522100
6.32621384
1.37540197
2.87833405
2.98248243
0.17017078
4.15429640
0.62500948
1.00414252
-0.78263134
-1.06442571
0.68258625
1.29191744
2.92197108
11.27478313
-1.99046719
-4.60729408
2.24894643
0.93086338
0.71179003
1.14397526
-7.55050182
-1.79876983
-2.77140832
-2.35291219
3.78019023
2.66099262
-2.45137239
4.06110907
-0.93619376
-4.65145826
-4.51184368
6.11334419
-0.23196456
2.24154687
-2.95863914
5.71831179
1.96653676
0.89040911
5.17304134
-2.49853873
-0.99435407
-0.91958547
6.87535810
4.02409220
-0.31143126
0.66661680
-1.69150126
0.36004978
1.22303784
0.47351348
3.17194891
16.67038345
0.86985058
3.47076583
-1.44474494
-0.40478033
-11.98765278
-0.36903635
0.27072370
-0.91938943
1.46290970
1.51800919
0.19471276
-0.09886048
7.76090431
4.91267109
8.15064621
2.40143800
3.39075422
-5.13118124
3.26436973
3.47184467
2.83641791
4.40357828
-0.90968388
2.31911182
3.23344421
6.65528631
-1.34715128
-3.55408001
2.09833384
2.54275537
-1.20000577
1.98595357
4.81904650
-2.44359374
-0.96135372
1.30958629
5.29940796
-2.93299532
4.07541513
2.06203866
1.58930230
0.06457926
-10.20050335
-12.19829845
-0.10306057
1.40948212
1.14374185
-0.77595639
1.79135990
4.29728365
0.53927666
-2.19432235
-0.51634699
3.71448946
3.58976460
4.09735012
-0.80624121
-0.60508603
-0.42045888
-1.27640116
0.89064950
2.79265189
0.14184718
-0.58112276
1.41861987
-0.24250712
0.13606782
-4.51594305
-4.94505405
1.67221296
-0.08891165
6.05225372
5.81690025
7.48412323
-0.47277942
1.56730235
-0.98506927
4.16040754
-0.83823687
-3.06826878
-0.46475795
1.51413095
-0.01352142
7.09188938
7.33016348
-1.20372093
0.06427068
-5.50206089
-0.52543235
2.29975724
0.92332739
-0.32940409
0.52509737
-5.70977736
1.54070866
0.39000866
-0.59172773
-0.70163542
7.32306480
-2.02336621
4.13931274
2.25070930
1.02713656
2.22550702
1.87517285
-2.37439847
4.64459419
0.07704650
-5.14744234
2.68116856
2.04022694
1.39674616
-0.46547148
3.59023523
-7.85565567
1.92110837
-11.07686043
0.55442935
1.28058231
5.41952705
4.16882324
0.60242808
3.35946321
-0.77174741
-4.98539066
6.60481405
10.03054333
-1.09906924
-3.55625892
7.03530216
1.64275229
5.37756968
0.77148974
-3.18167806
3.83692360
5.64684153
2.57575679
4.17622423
3.76479745
-3.43245602
0.11643660
-0.38971803
1.89947283
4.36591005
0.70849842
0.29613602
0.97918034
1.50322711
-0.30944231
-0.42540687
-0.83679205
1.50284350
1.49672961
-0.52867913
4.73048687
4.20948839
-8.43602180
2.02601647
-0.04538316
0.62876618
5.09198046
6.77803278
0.52393287
-0.61281270
1.43909025
5.59013081
-0.70048910
-2.76712561
3.66254973
1.88061011
2.81759357
-1.11582351
3.61623335
0.14847204
-0.89605784
6.18704605
-13.77353382
1.04905927
1.60714161
7.37433624
-2.20506001
4.64486361
4.66812229
4.74231100
-2.24664855
0.92999285
-1.16686058
1.33199728
-0.81468064
-0.04575035
-0.67774105
-0.97952366
-0.83702856
0.78180242
0.32508236
0.05920697
0.91657537
2.01229119
0.85262245
-1.00455558
5.33817148
2.76899481
-0.79289299
0.54407954
-1.00929344
-12.89951038
5.59640741
1.79759324
1.12867892
1.62458313
0.23078251
-1.28541350
0.17472143
1.46112144
-0.17165145
-0.18754672
1.86670530
0.66210669
-0.16211005
-0.47219393
-0.43750292
0.63452542
0.21604843
-0.45903414
-0.26227289
0.11919657
0.44750738
-0.76635581
0.60959458
2.16444564
0.58414298
1.28606367
-0.47584620
0.72143549
0.24243687
-0.03823021
0.73797983
-0.33024555
-0.40779236
1.38336480
2.05355692
-0.26471588
0.60228372
1.75608277
1.06172681
-0.64447457
0.01291390
0.05658364
-0.88495588
3.04986000
-4.43407869
0.16250025
-1.13554192
-0.31347540
0.67126393
1.44382834
0.68408400
-0.48407453
0.81078446
1.58021832
0.63872278
0.30885264
0.93673736
-1.83689618
5.52019548
0.71704865
-0.03922195
1.58069944
2.42529583
0.68301630
-0.54627883
0.42609328
0.04793468
0.22788785
0.40304622
0.06355333
-0.47649845
1.32308245
-1.10624146
-0.81564760
-0.21807449
0.69767368
-10.64074039
-0.15456703
0.56130010
0.03702448
2.88119125
-0.49465290
0.40348655
-0.82342839
0.19688191
1.54142046
-0.31226963
2.02985215
-0.10525812
2.97702479
1.12011003
0.56294382
1.54277015
-0.39186978
-0.05531067
0.50338858
-0.65679932
-0.66356033
0.71387643
0.19560672
-0.45256945
-0.19122328
0.64607573
3.50565362
1.92338753
1.24929762
2.49412823
-1.58985496
-0.91309160
0.09290957
1.79427052
0.06603273
1.17577910
1.10476983
0.13748498
3.06445336
-1.29333508
3.04589820
0.02722163
-2.84278750
-0.25157350
0.01565610
2.15293622
5.70628452
2.04357719
0.64722615
-0.06456710
-0.42342904
-1.84754789
0.53629345
0.88884670
0.79188180
0.99408817
0.61711013
-4.16969013
0.35035032
0.95142859
0.72798997
0.11553819
0.01273943
0.47500083
-0.25964612
0.86774266
4.50640440
3.22713399
0.60459810
2.68716669
0.62965417
0.15937549
0.83239400
1.22497058
0.59114599
4.19794321
2.01354313
-0.51817936
1.70791328
-0.74218684
-0.02495606
0.18115948
1.59740508
-1.11009359
-0.10498136
-0.48904845
1.18427944
-1.12393463
-0.20866011
0.48782259
1.09415722
-0.53098178
0.33796033
-1.49268806
-0.09007518
1.04016113
2.51532292
0.38015926
0.04508344
0.85126024
4.49463558
0.80270994
1.17650425
0.86806387
0.38422570
1.31918716
1.86443186
-1.03843319
-0.42292419
0.06260569
-0.24388574
0.57098264
-1.88247848
-1.12096655
-0.55419785
0.31410110
0.58614391
1.06026602
-1.02267992
1.61510777
5.25770569
1.17753553
10.25540066
-4.03870201
0.76434964
-1.06902528
-0.65010148
3.06509089
0.75625557
-0.07196584
0.21609026
1.19323087
1.36348522
0.13760865
1.19608819
1.31721520
-1.88314235
0.04409634
-0.16910210
1.27638066
3.21201491
0.99739987
0.48081794
1.97938418
0.55971950
-0.10189234
1.19437408
0.38418689
-0.09631555
2.96167850
0.24021597
-1.08578062
3.67350292
0.30872872
-0.31732345
-4.97282600
0.17157295
0.24556631
2.11968184
0.32253823
3.07240105
0.92093813
-0.93180805
0.27238873
2.53154230
-0.65204835
-0.62275803
0.64941263
0.41280422
-1.35336936
0.10885478
-0.35506287
3.63630295
0.11904573
2.76282835
0.18503152
0.78257060
-0.27009785
-0.27359772
-0.41185281
1.52006543
2.81046200
0.32311988
6.17845106
1.39576519
0.66060066
0.05507255
0.11707629
0.93146110
-1.46821463
-0.51796913
1.00415432
-3.42462540
0.88937187
1.02264559
-0.81862158
0.34337348
0.11130338
2.92490411
0.99339372
1.51113951
-0.19146253
0.33537138
0.44521657
-0.24884693
-0.52615559
-0.59300464
-0.60230583
1.00014460
0.46453631
4.22494745
0.22352187
1.18354213
-0.02949914
1.03672004
0.31678686
0.66694075
-0.68939489
0.20290361
0.30792594
-0.57844615
1.13481867
0.65631312
-3.34215593
0.30710071
0.86886418
-0.44292790
-0.01943828
1.10023284
-2.36042595
0.70266449
5.19362497
2.45161748
-7.51800013
0.25633872
-0.05676301
-0.24187918
-0.54479963
-0.14157172
0.06026426
0.18021843
-0.33959526
3.29265046
1.18121982
-0.29082337
1.12777543
1.07982969
0.30203351
-0.74964410
-0.90976727
0.51408619
0.92574930
0.72382277
1.03295457
-2.61066985
0.97454119
1.41897750
0.41076010
1.03747678
-0.23132068
-0.13839531
-0.42332777
-0.24671586
1.74348497
0.35151133
-0.19247945
0.25587201
2.13521385
1.60333085
5.40508366
-4.43169975
-0.40086344
-0.92218482
-0.30565819
0.79285336
0.77907056
0.68226182
-0.33251464
-0.25542095
-0.05283761
-8.47045898
1.49278474
0.67641294
0.32038212
2.46676445
0.03402552
-1.79663169
0.01804953
0.00769113
6.21756458
0.87515461
-1.99666464
-0.97590780
-0.44015059
1.88447809
0.34727344
-0.10846940
2.70154428
-1.89225924
-0.31901976
0.66337866
3.71499777
-0.64615083
-0.72997892
0.88505977
0.24779920
0.35201323
-0.20775963
-2.06367087
0.23254044
3.88730550
-0.23939613
0.75822473
1.52934957
-0.34875491
0.00517883
-0.46896005
0.23580639
-0.40737969
0.04414796
1.11828411
0.56785613
0.56057900
0.09984803
-0.59742618
1.59871399
-1.01751208
-0.18636563
-0.73339850
-2.00075459
0.30086535
0.67185307
-0.43246779
-1.27587771
-1.31887305
0.72279024
2.22854066
1.35967636
0.61514306
1.07396781
0.83708543
-0.82901108
1.03567421
-3.08793187
0.16587524
1.11264360
2.31264830
0.11937809
1.22552931
1.20191705
3.34286261
-0.87894326
1.74569607
0.48209515
-0.00397933
0.09925046
0.21787813
-0.82662344
-0.36915210
-0.37228534
-2.36268330
-0.00794807
1.44628680
-0.89960837
-1.36765063
-0.67686707
-0.49658233
1.65417099
-1.22834086
-0.36577421
1.26054895
-0.78526092
1.08460200
0.70788562
-0.04520492
2.11192822
-0.53944188
1.40468252
0.75725091
2.09146094
1.57314217
-0.44815859
0.48436722
0.80179852
-0.74493372
0.20752543
0.14889154
1.41682971
5.46885061
0.01338440
-0.57321578
-1.11459315
-0.19306363
-0.35852474
0.16059597
-0.41851172
-0.24796411
1.02797723
0.25887588
1.35681140
-0.59347904
2.49679184
0.74674338
2.20665622
0.29296312
0.55210352
2.20950723
0.64566749
0.73012024
0.92383826
1.44840431
0.22958148
1.89419675
-0.16907036
-0.25778174
-0.33536318
1.65387881
0.25724834
0.05122033
-0.32450742
1.25742865
1.67895532
-0.00636421
0.06851040
0.33469748
1.74558866
1.42794204
1.48724341
0.37503245
-0.01084775
-0.31144065
-0.93539417
1.54816985
-0.26665971
-0.05346177
-0.11545350
0.46355730
0.97829586
2.85512018
0.17954773
-1.52960467
-0.91287702
1.38471770
0.74578679
1.60864747
-1.02852905
-0.12294904
-4.24707460
-0.48737645
-0.17134933
-13.64993668
-1.48492146
-0.21528745
0.19741906
1.05801189
0.25574353
0.32229772
-0.74251586
1.21251142
-0.43924847
1.04106307
0.90793252
-6.39799452
1.60169232
0.50047445
0.74024999
0.81930423
3.78446794
1.55897760
-0.70957077
0.05925050
-0.55716258
-2.23049784
0.42052364
-0.18433118
0.28656125
1.20055413
-0.57925320
0.29751068
0.07346912
-0.39638746
-0.70202553
0.24983773
0.19722670
-0.58666873
0.38125882
1.72164619
-2.19093847
-1.85124183
0.54637593
0.04701491
0.12125783
0.38189259
0.88927096
-1.54389596
1.13932598
1.26248753
-0.90798283
0.35457051
-2.78818893
0.73020363
-0.35892847
0.71572340
1.29295528
0.63988882
0.86649531
-1.78308928
0.04580287
1.19142723
0.91685593
0.12359119
-0.46886951
0.65689343
-1.63405120
2.52494979
-4.55541468
1.29514241
0.98858643
1.09620893
1.43389714
1.84503007
-0.37953219
5.58240986
1.06144512
0.28207287
0.14410442
0.77412528
5.91561651
4.21079826
0.87397361
-0.05503651
0.20352498
0.32799679
0.43979615
0.78917038
0.24345402
-0.09248622
-0.50057870
-0.52629346
-0.14230871
4.60599661
0.04985712
0.83103776
1.25798142
-1.96692991
-4.67264986
4.76975822
0.91569763
4.58984423
0.99143678
3.00214410
0.33340061
-0.80289674
0.18404336
3.07326508
-0.64598954
-1.02921724
0.22839874
0.15684369
0.90415889
-0.46609300
0.96888357
-0.04381791
-0.64288378
1.54238963
2.27058411
0.25019935
0.52007568
2.06525707
-2.22341704
0.99199903
2.66968846
1.72705674
-2.24784541
0.05368058
-0.06408431
0.17206472
0.85272264
-0.77557814
-0.68966371
-0.33740646
-0.25463891
1.92601132
1.50556254
-0.43202975
-0.01252970
0.45886594
0.25013769
-0.16239671
0.50120133
0.80783993
1.41854560
-0.14606249
-0.46840650
2.35654020
0.72132385
0.14909722
0.34624428
0.53122675
0.47464916
-0.98943782
-0.13947977
0.10450746
-0.48303685
-0.08076057
-0.29070967
-0.08365449
-0.10345340
0.35442635
-0.47020945
0.06051793
-0.37745216
-0.34839678
0.08254328
-0.05347973
-0.18388475
0.17839219
0.69404656
0.44514927
0.96282291
0.50049716
-0.39458549
0.42615721
0.20087200
-0.20943688
-2.08890772
-0.28015903
0.07565187
0.29858220
0.37226743
-0.20815280
-0.02041806
0.61747241
0.23113407
-0.39397725
-0.01796638
0.29676762
0.06665020
1.19942045
-0.47685614
0.56166595
-0.19236787
1.91382349
-0.26327601
0.22447814
-0.34052557
-0.38697997
-1.23983610
-0.09885890
1.03998554
-0.35761598
-0.71052361
-0.74097759
-4.55682802
0.64005768
0.37520236
-0.35800508
-0.07312036
-0.05898658
0.15579228
0.14191282
0.27094573
0.09995866
0.28552246
-0.07713101
-1.37969959
0.21504837
-2.57114220
0.96929240
-0.30716851
0.54666972
4.08249712
-0.18340950
0.39726344
0.18196106
-0.48322409
-0.28284973
0.23069261
0.24233021
-0.14243425
0.56562728
0.95621622
1.24769092
-0.02485480
0.03269535
0.07662009
0.03525086
0.58009946
-0.23905131
0.00972219
0.02181409
1.08162141
-0.17612496
0.31463531
0.05266857
0.36614057
0.26417485
0.09642632
-2.13250685
0.14033261
0.25944895
-0.58268756
5.56224346
-0.17454772
0.13764086
1.08607197
0.00175925
0.67812288
0.21754359
0.04449961
2.73145390
-1.34011137
-1.10604501
-1.19812608
-0.78993452
0.23933806
-0.06797577
1.06610465
-3.18047285
0.02052398
0.34551278
0.69959456
0.33795363
-1.25643730
0.46988028
0.81217873
-0.22540230
0.08758722
0.41022617
-0.14718691
1.53865612
0.21632896
1.19985497
0.10786527
0.45981827
0.35086140
-0.31100762
1.25083351
-1.75418186
1.57612789
1.58164930
0.01733624
-0.00433504
0.12389779
0.26160008
0.89042622
0.00061174
0.54036641
1.11095119
0.38537416
0.35090283
-0.19760258
-0.56788719
0.09643722
-0.27849352
0.38520122
-0.11434809
0.39532223
0.77893484
0.71312332
0.01553777
1.05894887
1.02058446
0.09860747
-0.52307105
0.18274868
-0.08637409
-0.08035315
-0.32907924
0.05414678
0.02245104
0.51559514
-0.21899863
0.64637101
-0.09994419
0.64065182
-0.22094384
0.52438045
0.60883176
-0.03054195
1.01369905
0.15591732
0.38070393
0.34506083
1.26016688
0.07502171
-0.47376493
0.70125139
0.25669247
0.38643044
1.44669509
0.63019562
-1.04201436
0.14058237
-1.03454471
2.66782975
-0.13104051
-0.04098839
1.52989769
1.35510385
0.12177366
-0.43666628
0.24938454
1.41977286
-0.05285960
0.06484830
0.11121339
1.03845930
0.50567818
-0.11463434
-0.06311667
1.52378321
-1.13441992
-3.64475822
0.43516514
0.28227806
0.33804220
0.88552344
-0.14796315
-0.17991984
-0.07411742
-0.00767226
0.11724724
-0.50156873
-0.83338398
0.54652458
-0.09477223
1.59605873
0.11941215
0.01519905
0.40136415
-2.89720011
0.67545629
0.19260967
-3.42006755
0.15221420
-0.03808178
-2.46306753
-0.46843100
0.72484154
0.65004176
0.67841703
0.27592105
-0.23636203
-0.69407576
0.08931503
-0.46553266
-0.23765910
-0.21394464
0.49225825
0.00722548
-0.14460295
0.50641370
0.49859625
0.16093792
1.19862735
0.18075109
0.28187060
0.20197102
-0.03631356
0.23765381
-2.89207888
0.96331716
0.81397843
2.76772261
0.57554346
0.91771519
-0.31445348
0.90169686
-0.08104160
-1.41929376
0.07129993
-0.87707067
3.38147163
-0.34548700
0.09937610
0.43574661
-0.25241601
-0.00292413
-0.95536482
0.34175685
-0.46016046
-1.99130881
0.20248339
-0.54752058
-0.04048499
0.77106607
1.88078082
-0.08608069
0.92543054
-0.32485288
1.15058172
-0.37267283
1.19638121
0.09255641
-0.39049968
-0.60450172
0.10881825
-0.21402244
-0.08084984
-0.31110021
-0.44162565
0.30744916
-3.97299004
-0.95497954
0.16835175
-0.06628863
-0.03418455
0.04957763
-0.14166783
-0.83410871
0.00853890
0.28081033
-0.21672602
0.40464932
0.85418010
-0.03959478
-1.39784980
0.11000215
0.14537542
-0.44688144
-5.00385714
0.41883075
0.74490190
-0.01878795
-0.18561582
0.50013298
-0.28279352
0.35629615
-0.10447133
-0.47368529
-0.98293358
-0.01354272
-0.33371016
0.52069336
1.05250561
-0.08630718
0.22519454
0.19064887
1.77094531
0.54504359
-2.84301782
1.36414587
-0.32109159
0.56948775
-1.30894935
0.35716107
0.80458689
1.17189395
-0.12077879
-0.02401974
-0.01542112
2.60375071
0.24080452
0.41764647
-0.14056337
-0.66827244
-0.01658972
0.15550976
-0.09928454
-0.02956778
-2.20813799
-0.06702928
-1.99250746
-0.97276574
-0.39511842
0.85839570
-0.09901576
-0.54288888
0.18283910
2.79505587
-2.71725392
0.09448529
0.54963470
-0.09826676
0.16888501
0.41671890
0.20556705
0.37373778
0.02896828
1.20377588
-0.13683361
-0.45010820
0.59397441
-0.04439602
-0.14033638
1.29372251
-0.08570924
-0.31769276
0.08270903
0.51774704
0.46663171
0.15447569
0.21907443
-0.54119492
0.20980015
-0.30530980
0.23134138
0.39069182
0.18516633
0.10112291
0.65172166
0.28173411
0.15655199
0.42484352
2.64189577
0.77344978
0.29967239
1.04843068
0.58692729
1.16203177
0.84610993
0.86204571
0.01541008
0.21220279
0.79738951
0.03332002
0.34449813
-0.21375184
0.27599213
0.47206771
-0.07073417
-2.51997709
-0.69049108
-0.11600340
0.01455936
-0.02409303
0.04708930
0.09117093
0.45308965
1.37447035
-0.04691150
-0.08138967
0.18116820
0.41678512
0.62246436
0.52191269
-0.76278329
0.11346310
-0.16636668
-1.02182174
-0.30494866
0.64274842
0.16515335
-1.17765021
1.91350055
4.23466587
1.14606881
0.14098009
1.60998583
0.00125052
-1.05016875
0.61652488
-0.22732709
0.17803381
0.15438549
-0.28564832
0.02912176
-0.76798111
-3.41106200
-2.09037900
-0.01116198
0.21749884
1.06712639
0.52173835
-1.01929152
-0.01466919
0.33906171
-0.06678963
0.83528811
0.12087725
-0.13977002
-0.14473791
-0.58136833
0.01837448
0.51803631
0.09235412
0.11055478
1.02623713
0.10385057
0.41505536
-0.02031542
0.83439177
-0.46708536
1.31918991
0.22527711
0.53007013
0.36506984
0.14587545
0.02839726
-0.17471705
0.15050179
1.35679674
-0.34033120
1.45495033
0.15908274
0.30054712
0.43395317
2.06812763
0.58074129
0.56519669
-0.07227404
-0.62275851
-0.53585088
-0.37426126
0.26061738
0.13140522
-0.02973360
0.67087013
0.22361204
0.56895661
-3.15018630
0.41034859
-0.67404079
0.94123608
0.08150157
0.62513423
-0.64797670
-0.32358962
-0.63334876
-0.34527206
1.12970555
0.37405229
-0.11445611
-0.04893211
0.09786011
-0.28155497
-0.14762364
0.32097727
0.24328531
0.53553641
-0.14052972
0.30321652
0.12492868
-1.03793740
-0.02321203
0.69487572
0.24696058
-0.21159041
-0.27152643
1.17604136
-0.40688390
-0.37386176
1.69430554
-0.58639967
0.22822072
0.03777121
-0.36232966
0.42644230
-0.25781739
-0.86719060
-0.05951561
-0.18702403
-0.22526467
1.38961148
0.10483536
0.18424681
0.13280699
-0.90467834
-0.03631563
-0.34880492
0.35717115
0.96747231
0.40498072
-0.06479068
0.24888232
1.17915177
0.82838696
0.18164822
2.62819219
-0.11695008
-2.13300085
0.26029506
0.43300989
0.55265915
0.84349924
-0.03201573
-1.49933493
-0.23144616
0.02732765
-0.33258936
1.04143214
0.03771346
-0.00655867
-0.30347878
-0.56973034
0.67375773
-3.41893840
-0.17304617
0.64360076
0.63749409
0.69774866
0.52892262
0.23360869
-1.59069550
0.51892382
0.23274870
0.23217380
0.30129156
-0.55369610
-1.66052020
-0.03566553
0.16504529
-0.02082932
0.07383049
0.38553762
-0.06711359
0.13967824
-0.02970185
-0.47383818
0.88255966
0.98148108
0.13013694
-0.68568510
0.02201434
0.25480482
-1.09511769
4.55836916
-2.79483223
0.34228033
-1.45500803
-0.04482380
-2.61312819
0.50572473
-0.31197867
0.04680384
1.47628355
-0.39750543
0.53192985
-0.01889988
0.16649875
0.38974085
0.08914191
0.47608158
-0.00035083
0.39988676
-0.21261173
1.19553220
0.07326816
0.17649215
0.76278865
-3.03578806
0.86614597
1.03607059
0.28047249
-1.48537374
-0.01220735
-0.38375023
-0.02323402
-0.13764518
-0.25381288
-0.19314891
-0.19514214
-0.03849145
1.09587348
-0.13692938
-0.17747240
-0.04848382
-0.05280197
0.05067006
-0.19552927
-4.57113028
0.13859865
-0.49282148
-0.66932684
-0.31755841
1.82946289
0.63826638
0.11381296
0.68401408
1.96775258
1.11380136
0.13873737
0.17565134
-0.53993809
-0.58116114
-0.71558011
-0.40367046
0.54206574
-0.24033788
1.23769522
0.12167563
-0.36269084
-0.26618832
-1.73467338
-0.04000391
0.13037677
-0.55421662
-0.01703660
0.85232925
2.42760968
0.58687127
-1.29825008
-0.48008919
0.99977905
0.05015532
-0.76092225
2.91846371
0.13856228
0.31708586
1.03699327
3.01309729
-0.12986018
1.11656034
1.50885725
0.95192122
-0.53866202
-0.06784911
1.73675275
0.12008443
2.61475348
-0.31436840
1.83993614
-1.33856297
-3.71334815
0.25786927
0.36690551
-0.26575285
-0.49454048
-0.21056080
0.54616416
1.63669193
0.58725417
0.19487709
-0.58952570
5.18345499
1.80533540
0.68454844
-0.63210356
2.08744097
5.18707609
0.49175733
-0.34646121
0.18405724
0.26316783
0.42466444
-0.01923778
-5.08313036
0.80785751
-4.98402548
1.11177349
-0.08362392
0.82797438
-0.45266932
0.51179874
0.18158470
0.17311834
2.57558227
-0.42732000
0.74410832
-0.59202647
-0.27011526
0.34340736
1.19752979
2.18093777
-0.08465802
-0.16955104
1.46629262
0.86607534
0.93692958
-0.36671180
0.98444176
0.21832584
-2.26865244
-1.37695336
0.29137677
0.07926347
2.04969239
0.70332640
-0.28006837
5.05126095
0.33798748
-0.68197256
0.18559906
-0.97266984
-0.72351748
0.32671806
1.26812267
0.13303287
0.94099742
-0.19761565
0.10549398
2.21674371
-1.22298467
5.11064434
1.37704909
-1.56625235
1.85872889
0.51006693
-0.46854872
-2.01430082
1.15783310
0.57359934
0.06789839
2.52836180
-1.31630945
1.27103245
1.84500277
0.01694763
0.20688657
0.28078678
-2.39593458
3.37899923
-0.27090386
2.18182564
0.10339913
1.43570065
0.90627158
0.18167105
3.16110039
0.37303117
3.75965881
-2.45965624
-3.44064379
-1.24948406
1.11866105
0.57913786
1.60746336
0.75095278
0.92241859
1.74322605
-0.25561520
1.18311644
-0.86241543
1.56190562
0.24976221
-0.39318490
-1.88730454
-0.15454079
1.39955854
2.26220012
-0.70532781
-0.31627885
4.11014509
2.44635820
-0.36280793
-0.53148282
0.49090275
-0.50612581
0.70447731
-0.14953873
0.45583558
-0.44944796
1.34515345
1.45060754
0.80701149
0.34650320
1.67024255
0.45682651
-0.33150256
1.84316885
-0.70911485
0.77158529
0.02813117
-1.40236211
0.22616312
-0.21758328
0.73817837
-0.87873352
1.78632164
0.67379016
1.54581833
2.54269719
1.69459736
-0.29558748
0.73981637
-1.71837842
2.07061219
1.84211171
-0.74144417
-0.72676200
-0.70556819
0.56242818
-0.66438204
1.08069623
2.89395547
0.64465582
0.04322680
0.95279932
3.61073923
-0.21130654
0.08288500
-0.04775003
3.23261237
2.42850161
-1.72177887
1.08450449
1.55270171
0.53977025
-0.02157664
1.52567470
-0.31844464
-0.24316351
-0.11307910
0.27062118
-1.04386640
-0.24279840
3.93976164
-0.33925891
1.04317307
0.12484922
0.06394966
1.91262078
4.29139614
4.15822935
0.79344815
-11.72040844
0.19175826
-1.97979975
-10.14879417
-0.79431790
3.70109057
0.98845834
-0.19113030
0.50208032
-1.29905951
2.54221225
0.24097130
0.30013534
-0.67110962
-0.59464175
1.41734910
0.46097180
-0.33079812
1.35557187
-0.18562114
0.55661315
3.55913329
1.33829379
0.54813612
0.79522330
0.13156271
0.99154484
-6.96771431
-0.32008186
0.42894572
-0.59768552
1.19630778
1.46337283
-0.35391203
0.34169707
0.28309605
-1.78298008
0.23569156
-1.35183847
8.73031998
0.68852746
0.46303120
2.84852314
-0.49298650
1.75303543
-2.06840301
1.50510705
-0.14907606
3.74314165
0.16650641
-0.30731127
-0.04792224
1.63259125
-1.21419203
1.00097668
-0.18810019
-0.37544754
0.17916542
-0.63610154
2.63188410
0.68853223
-0.41591665
0.12328925
0.94839221
-0.48009905
-0.03412982
-0.92028445
-2.90126657
0.78740162
0.37613773
2.83772516
1.98120761
0.11075014
0.01772830
0.06414524
-0.45923883
-0.22349674
-0.04992475
0.58193529
-0.28402209
4.00622606
2.48580050
1.34666729
-4.05094481
0.50677556
0.11976967
-0.59945804
-7.43598175
0.52151817
1.06850553
-0.17811112
0.65185314
-0.19955058
-0.34919959
2.43780541
1.62252855
-0.32903969
-2.06524658
-0.11329924
-0.32681039
1.21366560
1.69138241
-0.02178678
1.82282364
0.00534279
2.25157499
1.31088603
3.42148495
0.98432386
0.17047510
1.81963897
-1.65436566
0.50943732
2.57466888
4.14105606
-0.32870278
0.16824849
-0.02940137
-0.17934018
1.13359225
0.95776552
-0.00387939
-2.15171075
0.07094516
2.46530867
-0.21660981
0.02570163
-0.56695515
-1.42973304
-3.08877230
-1.20442903
-0.40811023
2.22194433
0.13741365
0.13542886
1.69461668
7.08621979
-3.98063970
1.15129471
0.36502567
-0.22959891
0.64964730
0.65227199
0.89089859
-0.33005694
1.01875246
-2.23166728
0.85538119
3.48296046
-0.63253218
-1.69663668
0.48959193
1.10178387
-0.55227429
-0.52250040
0.22387311
-0.40224665
2.78216243
0.91792715
0.74415100
0.88937885
0.05337502
-0.43647736
1.32064092
-2.84240007
0.58278728
-0.32751229
-0.60407478
0.35139909
0.76397502
1.31068325
2.22190094
-0.54992104
1.09989762
0.54499656
0.93637180
2.03825712
1.26236570
0.93688798
-0.53726411
1.58080614
-0.24879509
0.02413936
0.38158268
0.07600159
0.91028935
-0.13892257
0.17046812
3.57490659
-1.09979832
0.25346291
0.84290344
-0.03303912
0.13672370
0.16429619
-0.93261248
2.09125423
-0.26014316
4.22096777
0.14768226
0.85729820
0.75869989
3.75335002
-1.22037148
-0.77160454
-3.68861485
0.01896140
-0.36390588
-0.98094803
2.44480062
-0.20723349
4.76313543
-1.08994949
1.42742062
-1.44694972
3.84270310
-0.52939934
0.33902603
0.87417293
-0.56138790
0.35470769
-0.14314745
-0.71368456
-0.10846785
-0.14093700
-8.06592846
2.60259771
0.05732513
1.74194217
-0.97123045
0.42521361
-0.66491681
-0.08021393
0.55479228
-0.22505192
2.41368151
0.09849378
0.32382536
-0.69177681
2.19949961
1.91460800
0.36990824
0.22987257
0.62711841
1.72181308
0.69229418
-0.34533346
1.05972004
1.61503625
-0.52684814
-0.10421193
-0.28353384
1.74785471
1.40456557
-0.54018486
-0.36464351
-0.03800142
1.48138857
3.55146384
1.53477585
4.69391727
0.04420961
0.26578742
-0.83055884
2.54204702
1.70739925
0.76893002
-0.04672283
-0.65364784
-0.11834903
-0.36153322
1.41935539
1.05790675
-0.14516333
3.18925381
0.80078274
2.87478518
2.70258045
-0.40452981
-0.98787403
5.44523811
0.41086295
2.46608925
-0.77708197
0.63151491
-3.34688544
-0.55842036
3.41255426
1.90780377
-0.34761998
-0.10142972
0.13271289
-0.10563061
-0.44890925
4.43400621
2.44236040
-0.33809143
-0.38960090
1.49211347
-0.09288751
-3.91269755
-0.39784193
1.37698519
0.88666958
1.31023991
-0.04588044
1.29629278
-0.52708107
-0.65489888
2.44132876
5.13022041
-2.78829193
-0.10390573
-0.32668260
-0.25234187
-0.54479843
-2.04613781
0.05969265
-0.38621053
-0.44255006
1.69477367
0.32767001
0.21432506
-0.25116336
-0.55518985
1.54001760
-1.61197162
0.39874044
1.94523621
1.48704839
0.88352710
0.87873626
-0.84470606
1.72315145
-0.99049807
-4.18729210
0.15925194
-3.34240746
1.47322774
1.86487401
0.16850644
-0.05230388
0.62914604
5.29671955
-2.04787874
0.12403074
1.46725845
1.24998450
0.16612458
-0.45222268
-1.16042292
-1.79314768
2.50932193
-4.38009357
-0.19893293
0.90357947
0.92883712
0.98626918
1.51463592
-0.07207626
0.46579346
1.18326521
0.71735615
0.12704234
0.86788464
5.80314016
-2.96021724
-0.11044563
-0.12721297
0.12273965
0.33600536
0.06294785
-0.11160149
0.28628027
-0.36751282
-0.58083302
0.19454755
-0.27927333
0.25377256
-0.10351140
-0.12377736
1.44542193
1.18267584
-2.74553108
1.42350984
-0.06257950
-0.07410793
0.75377834
-5.71756983
1.19680631
-0.65648061
0.24743164
1.42757475
-0.62344170
1.19444716
0.09650347
0.38766947
0.73857045
0.23239611
-0.14597750
-0.34791908
0.20173438
-0.93172604
2.65650797
0.20716168
0.89315933
2.20164180
-3.33793616
0.83681303
1.42243469
2.10951734
-0.48317835
-0.10361537
-0.21149242
0.09014493
-0.18981797
-0.30973390
-0.96734250
-0.28777972
-0.27417761
2.55161691
-0.51258367
-0.30672091
-0.00821384
0.78016084
0.06489526
-0.70439559
-2.38265467
0.83598059
-0.32096389
-5.25284052
-0.54678464
3.28115129
1.77299464
0.27857241
0.48859170
0.83543026
0.52042240
-1.22975349
-0.01908424
0.05946223
-0.58355105
0.02354767
0.52739751
0.95342338
-0.12811041
0.34227461
-0.43544778
0.04534149
-0.11459806
-0.36608717
0.06172350
-0.07458618
0.01763314
-0.16169539
0.61563104
0.27072686
0.97966576
0.60868299
-0.36834463
0.46780688
0.16630048
-0.25031507
1.26799047
-0.55619681
0.02592874
0.33136261
0.75182885
-0.33845586
-0.23197690
0.50804335
0.30959263
-0.37064180
-0.01703105
0.34343162
0.00129966
1.06702673
-0.57394332
0.42863682
-0.16219068
-1.28984892
0.65838808
0.23929599
-0.15966451
0.14139321
-1.03188264
0.00815226
1.07944191
0.13198683
-0.51046443
-1.01163876
3.00184083
0.91098833
0.35043970
-0.53706682
0.98897338
-0.00793269
0.06804590
0.15124635
0.26480225
0.10433680
0.21718155
-0.07570682
-1.41842902
0.49809033
-2.20711398
0.92733455
-0.17978023
0.85937464
-2.25610352
-0.15403216
0.26932362
0.20920743
-0.33595851
-0.17375749
0.25358361
0.12856366
-0.06674336
0.83895940
0.63586575
0.87910289
-0.04503600
0.10065173
0.14685887
0.16377932
0.60336429
-0.22954786
0.08152912
0.08207737
-1.69234598
0.00226737
0.28019232
0.03425515
0.47775623
0.23817606
0.14569423
-1.37811339
0.16597576
0.40938577
1.30406451
-0.50671399
-0.21657670
-0.00357514
1.05128908
0.01505574
0.75093561
0.38099852
0.10310581
2.38123083
-1.38532794
-0.11019244
0.16446479
-1.09592712
0.39438888
-0.05240237
0.96202141
6.03906631
0.00460167
0.39207599
0.54908526
0.26248294
-0.97730160
0.68657243
0.75922441
0.20504737
0.07066837
0.68189812
-0.53133011
1.20446932
0.10013085
0.96452403
0.09501701
0.57229835
0.35524324
-0.36465725
0.89654338
1.96839976
1.59276807
1.09030068
0.35415593
-0.15733798
0.12673950
0.34996843
1.04433405
0.01413508
0.14611501
0.96050781
-0.27547079
0.42827609
-0.22742629
-0.31709334
0.16495833
0.51648492
-2.15031743
-0.02135791
0.29868805
0.50970042
-0.86195642
0.00788937
1.33917058
0.84501958
0.11275370
-0.27521726
0.38133818
-0.14126459
0.09817951
0.75709426
0.08637855
0.03178390
0.65021574
-0.12140483
0.44596928
-0.54018110
0.99220687
-0.24566589
0.48662624
0.48155808
-0.20247844
-0.37535796
0.10746031
0.01163762
0.19374399
-0.91205525
0.07187626
-0.62136400
0.73883802
0.26332897
0.29084253
1.49149799
0.17705506
0.26765105
0.11222465
1.52677453
-3.23001027
-0.08250003
-0.03658506
1.61543822
1.37000334
0.16031502
-0.38366139
0.29687920
1.29455781
0.15929027
0.03601160
0.21692516
0.95640796
0.04635103
-0.11321484
-0.07931972
0.96945274
0.84157896
-3.25785446
0.24829906
-0.18186168
0.35591525
0.02702563
0.15946917
-0.13041267
-0.07626680
-0.12256579
0.12869681
-0.50186682
0.90404969
0.36312076
-0.22125085
-1.46472812
0.10107539
0.09724772
0.30254364
0.41533831
0.19464517
0.13199572
-3.88751078
0.13559563
-0.18974423
-2.24249458
-0.64046401
0.69230539
0.55896664
-0.66316909
0.25737885
-0.23884490
-0.76414430
0.09348077
2.20639920
-0.20282012
-0.18636250
0.47944549
0.01166431
-0.14759098
0.56497741
0.89978111
0.19282992
1.51826847
0.36804000
0.37119851
0.13980393
0.01104486
0.55152303
-2.84732008
-0.34702775
0.86466807
-1.46078002
0.36653587
0.98702693
-0.23784982
-1.09466588
0.02225504
1.15136647
0.00112146
-0.72051990
3.28978300
-0.21744856
0.11699543
0.33282337
-0.20523475
0.12584065
-0.98737884
0.35674042
-0.02454777
-1.59687591
0.17350549
0.49874961
-0.01976469
0.35196838
-0.51835352
-0.06149567
-0.35041475
-0.38451397
-0.79973984
-0.31882161
1.23301697
1.60672629
-2.05341816
0.75334698
-0.07822091
-0.39064464
-0.07427732
-0.64803898
-0.32679710
0.28216094
2.38894248
-0.29329103
-4.05887651
-0.07488793
0.03403983
-0.00615282
-0.16974954
-0.63641632
-0.02664271
0.33023688
-0.18600708
0.48054856
0.66126597
-0.08746358
-1.49620473
0.06137047
0.13399151
-0.37547153
-4.49106884
0.28078002
0.70067751
-0.04733943
-0.12984267
-0.41770259
-0.19148365
0.01469875
-0.11991777
-0.09351701
-1.01265728
-0.00730662
-0.27087766
0.60391921
0.73638648
-0.03950418
0.10354732
0.17916299
1.94718587
0.45066166
0.90917236
-0.81137961
-0.27303573
0.41360128
-1.42053068
0.67489529
0.78401321
1.56652474
-0.12209352
-0.02076811
-0.00359117
-2.36250949
0.83146018
0.51618224
-0.06686926
-0.28563312
0.01445543
0.39106303
-0.07119812
-0.03314243
2.67451549
0.06866267
-1.56412089
-0.84563845
-0.35315710
1.12667239
0.02741241
-0.71577471
-0.14422141
2.20129585
-3.78569889
-0.00115636
0.61533874
-0.27894998
-0.04550943
0.53483599
0.20214020
0.03419175
0.11840832
0.42914778
0.78697217
-0.85861707
0.14965856
-0.08242971
-0.19140111
0.73900384
-0.12390140
-0.39626822
0.16641116
-0.18642502
0.32394463
0.23302631
0.11185043
-0.34244365
0.19511198
-0.44783282
0.67190576
0.19512038
0.17343330
0.07435376
0.61163032
0.22238025
0.33747396
0.42549103
0.24228884
-0.77038062
0.20820503
1.32291496
0.53540307
1.36781991
0.70653182
0.91700447
-0.13569355
0.21353041
-0.74039745
0.01928492
0.21993664
0.66880190
0.27667010
0.58823454
0.10684812
-1.07061970
-0.75772417
-0.07722297
-0.00351748
-0.03350562
0.03654202
0.03692388
0.51022726
0.49176580
-0.11498447
-0.06481506
0.05208997
0.65037876
0.28846279
0.28475770
-0.56989712
-0.12931637
-0.58714885
-1.08263409
-0.27532318
0.45191729
0.31019399
-1.56279874
2.13064694
-2.36037278
1.36606050
0.02454077
1.78368020
0.14633523
0.26760975
0.41560960
-0.27128547
0.24597132
0.16687834
-0.24433471
0.01488895
0.53772002
-3.59007263
-2.33936548
-0.00667468
0.26472566
-0.65687406
-0.08183936
-0.79616243
-0.05034685
0.51725525
-0.16662799
0.80728596
0.11437325
0.08480136
-0.15584509
-1.08396566
-0.03025911
0.85329890
0.08617434
0.49337745
1.29346430
0.15322335
0.61351478
0.05393549
0.60257202
-0.46677506
1.25775695
0.20694232
0.51201934
0.39871451
0.24439116
0.07581130
-0.11703049
0.17143413
1.03705227
-0.18589471
1.31110883
0.13346958
0.28401968
0.57297403
2.06325173
0.46685955
0.58023632
-0.08954947
-0.63110381
-0.81334347
-0.25961062
0.21182686
0.18225606
-0.00355860
0.75209957
0.55863339
1.63243937
1.50879502
0.28760043
-0.91868621
0.76850623
0.13420373
0.85816425
-0.60843652
1.07754481
-0.75175810
-0.48215613
1.15884399
-0.29636630
-0.23789926
-0.04977625
0.05591235
0.44904435
-0.26025957
0.48016509
0.28801534
0.52625036
-0.15560843
0.59186643
0.07906447
0.56897694
0.47256747
0.71187335
0.17939998
-0.32667854
2.18832040
1.12912178
-0.27389020
-0.48052928
1.44053972
-0.08888470
0.33157039
0.07201484
1.60723734
0.43017960
-0.28051037
-0.82938313
-0.08977102
-0.22003128
-0.23047863
1.03839982
0.03662601
-0.25061032
0.09757512
0.79082501
0.15005344
-0.57812995
0.43781331
0.74683756
0.36773324
-0.09253546
0.41752511
-0.45962593
1.05093241
0.26284364
-0.20289914
-0.00982516
-2.33210540
0.34727114
0.32801861
0.66675127
0.73014361
-0.01513513
0.78163350
-0.29311198
-0.02564945
0.04602904
1.32814944
0.11054116
0.11798844
-0.17523500
-0.45242694
0.86652458
-2.86461735
0.48655659
0.57672167
0.88111442
0.65163177
0.62970048
-0.20736532
1.02047920
0.28089824
0.28874573
0.18619657
0.35491455
1.32920492
2.02504802
0.30725563
-0.04708768
-0.08985956
0.30412608
0.34945619
-0.09120503
0.13693732
-0.10236520
-0.32311285
-0.24905419
-0.10849239
-0.36516729
-0.65620196
0.16154212
0.35927218
-0.75060409
-2.29979610
2.24399781
0.31943923
0.92487568
0.24432002
-2.24934530
0.53979909
-0.43684357
0.09311394
0.84818298
-0.30942044
0.30828124
-0.02259447
0.10027240
0.38719624
0.02459577
0.69074529
0.03638978
-0.27045527
0.06511190
0.84150159
0.01404975
0.20498027
0.88702220
-3.19789171
0.76615900
0.59124976
0.62330645
-1.15597796
-0.02812200
-0.38178757
0.00717554
0.28722939
-0.19079235
-0.16962287
-0.14473866
-0.08412523
1.42103434
-0.13452138
-0.23537233
-0.03679137
-0.02370209
0.05285289
-0.24675283
0.59310961
0.31053272
0.44865790
-0.54083276
-0.31235296
1.99470735
0.70908010
0.10770873
