0.35156250
0.14062500
0.42968750
0.21093750
0.31250000
-0.10937500
-0.24218750
-0.03125000
0.11718750
0.00000000
0.21875000
0.71875000
0.57031250
0.10937500
0.85156250
-0.07031250
-0.15625000
0.55468750
0.51562500
0.47656250
-0.15625000
0.46875000
0.48437500
0.04687500
0.07031250
0.14843750
0.38281250
0.26562500
0.14062500
0.00781250
0.54687500
-0.07812500
-0.35937500
0.80468750
-0.10156250
0.70312500
0.03125000
0.17968750
0.48437500
-0.07031250
0.26562500
0.08593750
0.50781250
-0.07031250
0.04687500
0.70312500
0.17968750
0.62500000
