0.35293353
0.13846260
0.42750850
0.21157637
0.31057853
-0.11019021
-0.24455763
-0.03187087
0.12098495
0.00275167
0.21731049
0.71952540
0.57098454
0.11059474
0.84845483
-0.06774373
-0.15504973
0.55630553
0.51244628
0.47714895
-0.15759163
0.46978277
0.48139724
0.04750917
0.07260705
0.14865646
0.38372171
0.26637790
0.14146888
0.00682207
0.54761434
-0.08105639
-0.36229324
0.80550063
-0.10015896
0.69926244
0.03012291
0.17858975
0.48068628
-0.06910779
0.26477453
0.08548889
0.51105070
-0.07215489
0.04839845
0.70373946
0.18195917
0.62548000
