0.02431320
-0.40265012
-0.30534765
-0.55000257
-1.39455712
-0.70812047
-0.55571651
-0.62651730
-0.45120949
-0.72662824
-0.12033914
0.11717592
-1.34563708
-0.54284996
-0.16318864
-0.71735162
-0.52630568
-0.63090652
-1.34324718
-0.10629117
-0.34874123
-1.07151008
-0.37830031
-0.27927732
-0.11305934
-1.31185842
0.05721567
-0.49612796
-0.92129076
-0.85925943
-0.41316095
0.34292576
-0.09919758
-0.23834737
-0.63651657
0.23126990
-1.19063616
0.22033264
-0.02997935
-0.67152947
-0.39559689
-0.02448637
0.06787772
-0.96967244
-0.37953022
-0.18052307
-0.45000878
-0.77184069
-0.28946343
-0.35501504
0.25406036
-0.71677482
-0.94180840
-0.48671252
-0.05757353
-0.26988986
0.06047638
-0.95708233
-0.38498268
-0.12976424
-0.58709943
-0.31972650
-0.40235502
-0.75880075
-0.65618485
-0.00460056
-0.77955711
-0.24117118
-0.27220616
-0.23669599
-1.35915089
-0.83889884
0.08609318
0.00479855
-0.54486096
-0.30569583
-1.30557537
-1.36500835
-0.30245584
-0.62810427
-1.28381562
-0.57536328
-0.05692652
-0.25342861
-0.50501454
0.00339933
-0.16659988
-0.63777971
-0.19323833
-0.36780763
-0.28335953
-0.19598612
-0.17461656
-0.87167269
-0.53513920
-0.90171319
-0.30540758
-0.61972618
-0.24162531
-0.60993290
-1.00799859
-0.67738193
-0.54489899
-1.00797331
-0.53481346
-0.43214083
-0.41873097
0.04118961
-0.27232638
-0.47824177
-0.70877403
-0.46705958
-0.47224858
-0.80006617
-0.09183542
-0.22699031
-0.33082768
0.11927622
-0.34526798
-1.14387310
-0.72036123
-0.40646797
-0.58848208
-0.52337915
-0.82266533
0.11136425
-0.98105514
-0.72528511
-1.10300267
-0.60955626
-0.48388031
-0.61497676
-0.82494676
-0.88785839
-0.34949815
0.00781015
-0.05605191
0.06698841
-0.46828568
-1.28936410
-0.60295689
-0.36981839
-0.58507621
-0.67106134
-0.92482680
-0.53990895
0.63621157
-0.65634602
-0.59983742
-0.11572430
-0.34879234
-0.04876083
-0.33868119
-1.12635672
-0.62674159
-0.02471374
-0.71538752
-0.30058223
-0.09635988
-0.67682183
-0.32060897
-0.44779792
-0.38726965
-0.66143692
0.18123637
-0.58254784
0.58537602
0.05678198
-1.01821220
-0.14782253
-0.16639744
-0.20290060
-0.30433476
-0.25802320
-0.34434494
-0.46014449
-0.12962317
-0.40596825
-0.32476825
0.45362887
-1.11311638
-1.17560291
-0.52380437
-0.82006752
-1.02417123
-0.56213129
-0.70598423
-0.72768915
-0.39842719
-0.57750428
-0.65951914
0.00607549
-0.06405795
-0.33545688
-0.52245611
-1.44976330
-0.12198098
-0.96752989
-0.52653271
-0.14752805
-0.71351570
-0.28284535
-0.21656606
-0.15049279
-0.74591225
-0.35519084
-1.09560847
-0.08814551
-0.39179924
-1.04549944
-0.43017328
-0.46270010
-0.73077655
-0.66767424
-0.65475881
-1.06455147
-0.40844479
-0.48744729
-0.49745190
-0.57487214
0.02923715
-0.39865029
-0.09105948
2.28160048
0.09858119
-0.34078121
-0.21767156
-0.45697087
-0.36927223
-0.68686539
-0.09094488
-1.03208840
-0.19266483
-0.31412825
-1.33837330
-0.35604349
-0.62945127
-0.49608350
-0.35038492
-0.61758262
-0.23417887
-0.62610841
-0.17095381
-0.72442585
0.15135491
-0.83449066
-1.20170557
0.48203257
-0.28159544
-0.60609859
-0.65859354
0.09207725
0.18050317
-0.62019235
-0.70249408
-0.44303766
-0.32419032
-0.33752465
-0.00457971
-0.48362279
-0.28784874
-1.31443572
-0.09713858
-0.77390528
-0.28260285
-1.03131723
-0.66698325
0.05859232
-0.23339400
-0.25211352
-1.72347617
-0.45742422
0.27046379
-0.49859661
-0.38540196
-0.51413274
0.00615628
-0.73167914
-0.82082069
-0.40765789
0.08897789
-0.66766816
-0.00434373
-0.72393763
-0.71995962
-0.11995773
-0.97222126
0.25281221
-0.42401481
-0.86331999
-0.32915220
-0.02624875
-0.19194300
-0.70726883
0.09463388
-0.75713468
-0.43693238
-1.07823324
-0.54186302
-0.48092559
0.06075281
-1.25458241
-0.63488424
-1.06010485
-0.37103257
-0.75349337
-0.74829996
-0.49945992
-0.82903510
-0.22538935
-1.07874846
-0.25514832
-0.31869286
-0.18674542
0.06246115
-0.43076107
-0.98950922
-0.30105373
-0.57089233
-0.59161061
0.06199330
-0.13693163
-0.72097099
0.30314288
-0.19239661
-0.18181415
0.13106878
-0.18264361
-0.49492288
-0.65921861
-0.78364414
-0.52195489
-0.26687920
-0.17477249
-0.32062382
-0.39051533
-0.09493966
0.16077691
-0.89931411
-0.45334977
0.77252203
-1.22062230
-0.12297852
-0.53815192
-0.80344033
-0.99834514
-0.88745612
-0.22176959
0.01659624
-0.43492353
-0.01884677
-0.08067107
0.06987471
-0.67718327
0.07674355
-0.47485274
0.35173708
0.02233153
-0.23803414
-0.95252252
-0.65434462
-0.06805676
-1.58319771
-0.56000906
-0.69569105
-0.68587393
0.67181408
-0.08538777
-0.33646196
-0.35671735
-0.22648799
-0.15130861
-0.45973158
-1.08059955
-0.47882381
-1.11505902
0.22902931
-0.08673994
-0.45459175
-0.51088047
-0.83451629
-0.11310173
-0.16643068
-0.55795622
-0.47380289
-0.61093473
-0.40478837
-1.24153757
-0.19915311
-0.02852012
-0.32341409
-0.14712676
-0.58566713
-0.46673185
-0.91345596
-0.73325872
-0.12614118
-0.13315471
-0.94756192
-0.37098837
-0.33763114
-0.01140052
-0.71297622
-0.48035932
-0.21528970
-0.33220792
-0.60278964
-2.01387286
-0.57556635
-0.92363214
-0.50912780
-0.74616528
-1.45823669
-0.26359352
-0.15961626
-1.07587993
-0.34137622
-0.45341706
-0.73510081
-0.70914757
-0.38927370
-0.47178322
-0.95630008
-0.89414960
-0.33566162
-0.24992937
-0.31935346
-0.78870201
-1.38928854
0.03719709
-1.07346988
-0.31071183
0.45008266
-0.44523081
-0.33136845
-0.96062869
-0.40761250
0.11344653
-0.31629497
-0.19508456
0.13986851
0.01413370
0.19752757
-0.47954303
-0.32222298
-0.25858015
0.26823297
-0.23849615
0.51655114
-0.44215888
-1.07419825
-0.74013865
-0.22803982
-0.82562262
-0.47289902
-0.23029271
0.03021440
-0.97591716
-0.63145834
-0.68666971
-0.86122310
-2.05983496
-0.57850289
-0.69735432
-0.58628160
0.49806756
-1.07767653
0.01127991
0.13386275
-0.43574795
-0.42378372
-0.71886063
4.19668388
-0.12247201
-1.05073488
-0.98800784
-0.45919678
-0.35415098
-0.05234635
-0.09294854
-0.42025551
-0.69905287
-0.05599417
-0.34556502
-0.42385525
-0.57907361
-0.61446714
-0.06882946
-0.31483543
-0.31167388
-0.76243770
-0.31980503
-0.56010777
-0.67126215
-2.08790207
-0.01699897
-1.15532959
-0.76333255
0.37397289
-0.40717694
-0.24802074
-0.59656346
-1.17256093
-0.29751208
-0.47654754
0.07903410
-0.54796386
-0.33112943
0.17384623
-0.25668737
-0.39703003
-0.30755565
0.06752025
-0.28401905
0.06696031
-0.45534846
-0.71034884
-0.64966917
-1.02290761
0.30587462
0.40618393
-0.35206342
-0.12804607
-0.64588237
-0.23875856
-0.06552041
-0.72888738
-0.86791795
0.01742476
-0.88933140
-1.03735435
-0.15151191
-0.28651530
-0.68293637
-0.55727893
-0.94883692
-0.10921469
-0.28898048
-0.06212907
-0.34986487
-0.31475657
-0.06283341
-0.58384740
-0.56729591
-0.41373655
-0.63042343
-0.27388936
-0.92010772
-0.39897218
0.53430861
0.20150928
-0.65086436
-0.42433998
1.00159419
-1.52040827
-0.26055422
-0.48109329
-0.61869359
-0.57989144
-1.15016806
0.06753457
-0.60408491
-0.69331372
-0.10248629
-0.38480699
-0.45354277
-0.08646493
-1.00808477
-0.23425560
-0.80540204
-0.66705692
-0.65829933
-0.42154592
-0.09878482
-0.58183926
0.08497264
-0.77730197
-0.65788943
-0.65039629
-0.51037306
-0.48853496
-0.82135308
-0.63240546
-0.41263163
0.01305315
0.56589872
-0.89207458
0.17024066
0.74389815
-0.56168717
0.01228525
-1.22952878
-1.48861969
-0.34448135
-0.44935426
-0.44063881
-0.25177839
0.01045972
0.22306240
-0.07498618
-0.59077001
-0.67662889
-2.78574204
-0.24413145
-0.54039156
0.08622885
-0.50137192
-0.44998837
0.22819838
-0.31720898
-0.74805164
-0.62354630
-0.02781024
-0.59898901
-0.20567992
-0.77527761
-0.30535376
-0.71578842
-0.40480042
-0.13560385
-0.29345757
-0.51366913
-0.16228557
-0.59016538
-0.79737288
-0.77097857
-0.08468463
-0.46679205
-0.04341611
-2.12504768
-0.73612988
-1.46542597
-0.27012250
-0.29043448
-0.23535432
-0.38035294
-0.43144634
0.39459226
-0.25829515
-0.09216224
-0.45775604
-0.61369854
-0.88214117
-0.39858800
-0.37808082
0.00255687
-0.79605293
-0.36789098
-0.58334690
-0.22102880
-0.17176542
-0.47550160
-0.48403308
-0.25500700
-0.84815240
-0.72373080
-0.02665596
0.20284872
-0.90604830
-1.41142654
-0.98834592
-0.42539650
-0.52369487
-0.52712405
-0.63838369
-0.48800001
0.14270949
-0.41825071
-1.56238592
-0.54206967
0.38418970
-0.64061666
-0.35147667
-0.23635925
-0.14943856
-0.72762072
-1.27808547
-0.56725013
-0.80517024
-0.45330510
0.11607682
0.14976479
-0.61243993
-0.71348786
-0.50649542
1.74141037
-0.17362300
-0.71190733
-0.78810614
0.05612820
-0.34982508
-0.81729728
0.01132581
-0.83032715
-0.39824224
-0.79398531
-0.55774456
-0.55950058
-0.31939638
-0.03955369
0.05609747
-0.18504271
-0.48242530
-0.80299038
-0.11730403
-0.79833293
-0.00112938
-0.48035651
-0.57166117
-1.26968277
-0.77549338
-0.16032481
-0.03097873
-0.29403880
-0.65061772
-0.27834445
-0.01529835
-2.03161883
-0.37815398
-0.99950093
-0.07058184
-0.58947140
-0.34845734
-0.31573236
-0.56398094
-0.09291394
-0.47307482
-0.36925253
-0.16326860
-0.59175819
-0.47497579
-0.10118026
-0.66588402
-0.12834197
-0.22298898
-0.05302977
-0.01870986
-0.38436696
-0.26399067
-0.89213866
-0.15366916
-0.50426382
-0.86545879
-0.26429850
0.17365828
-0.48909634
-0.43944871
-1.41405177
-0.40827370
-0.67970848
-0.08618046
-0.35956654
-0.37014550
-0.76188338
0.03944031
0.27354071
-0.14171042
0.20297544
-0.14990048
-0.41003591
-0.53963202
-0.41915113
-0.60403001
-1.24680364
-0.37384057
-0.36169866
-0.23999587
-0.23746029
-0.28483233
0.15913141
-1.30318677
-0.75330675
-0.42494440
-0.27777255
-0.29221219
-0.64802831
-0.46017385
-0.94340867
-0.37902087
-1.41874218
-0.31584856
-0.57472831
-0.16518117
-1.27397442
-0.11355773
-0.15073457
-1.15268588
-0.18765123
-0.35568726
-0.40341505
-0.23383881
-0.39389950
-0.50309521
0.32626221
-0.33198917
-0.62509251
-0.62647951
-0.65827113
0.10455325
-0.93252909
-0.34314054
-0.64331836
-0.43175361
-0.94833362
-0.57994413
-0.49757713
-0.87952346
-0.04530336
-0.95520949
-0.85993332
-0.23408712
0.59129184
-1.02284992
0.07863272
-0.18666387
-1.33767748
-0.58997071
-0.25439879
-0.06663412
-0.76276618
1.51574278
-0.38540593
0.14378679
-0.44228891
0.18092941
-1.97499311
-0.19263600
-0.17686975
-0.27126527
-0.50210291
-0.82984990
-0.59502602
-0.34767455
-0.81631684
-0.61808449
-0.64632672
-0.20026840
-0.22169606
-0.50932795
-0.63802189
-0.40147671
0.11708199
-0.31762090
0.01997970
-0.14790535
0.43138179
-0.67655414
-1.44005048
0.11052655
-0.90472209
-0.35085121
0.02293437
-0.54984236
-0.62087566
-0.06721368
-1.15551746
-0.16926466
-0.76523501
0.14032577
-0.77699834
0.16845396
-1.04332995
-0.56723917
0.19283020
0.15865009
-0.24733298
-0.75573558
-0.75781697
-0.72337788
-0.21083878
-0.60931593
0.01082695
-0.45886576
0.14194238
1.25066054
-0.58230180
-0.71067691
-0.33895552
-0.44911867
-0.01628375
-1.40055990
-0.31490245
-0.67426145
-0.11018727
-0.94556212
-0.20108914
-0.71426237
-0.91308522
-0.59215909
-0.68982583
-0.21452875
-0.14658734
-1.52854466
-0.11185500
-1.26182234
-0.22968070
-1.15598381
-0.07943128
-0.08649269
-0.62769598
-0.37858722
-0.45049229
-0.25318205
-0.36593240
-0.00842636
-0.48847669
-0.19029057
0.00850085
-1.06539202
-0.88725382
-0.33176312
-1.06562328
-0.47430262
-0.97517347
-0.59658813
-0.62366003
0.18123503
-0.86715561
-0.15632971
-0.81434149
-0.40305924
-0.61074442
-1.42315745
-0.47634995
-1.09996772
-0.28272519
0.31218013
-0.38523030
-0.18949139
-0.53129429
-0.41954005
-0.43043581
-0.73772389
-0.00432846
-0.47669473
-0.23638791
-1.17532432
-0.04845265
-0.65249586
-0.49895197
-0.48659012
-0.14731707
-0.63460565
-0.65567529
-0.21651131
-1.03638923
-1.61587727
-0.57346338
-0.40558183
-0.54184586
-0.28603250
-0.61408979
-0.38581392
0.02552874
-0.13698046
-0.16735521
-0.73417103
-0.35233298
-0.16241927
-1.12386250
-0.92917138
-0.39069736
-0.35391122
-0.32854208
-0.53566480
0.34019724
-0.55255657
-0.50766253
-0.58245659
-0.42759332
-0.45005009
0.01055005
-0.84920704
-0.69924688
-0.49502376
-0.55101794
0.13337132
-0.38025311
-0.07067002
-1.08419585
-0.23938812
-0.25213856
-1.11256504
-0.51172704
-0.57264119
-0.48399541
-0.31910411
-1.05815363
-1.35009432
-0.12029055
0.03345913
0.07975664
-0.44117722
0.24387330
-0.42078194
0.10232718
-0.29389209
-0.08663689
-0.16336043
-0.75185430
-0.40296125
-0.48953873
-0.79351741
-0.51301491
0.00690444
-0.32249638
-0.39251623
-0.29482138
-0.14045802
-1.03425491
-0.31766397
-0.51369119
0.03623533
-0.96438187
0.01127417
-0.49374318
-0.59180450
-0.68872368
-0.19962914
-2.47872066
0.04023515
-0.48284477
-1.05495751
-0.42052138
-0.57564944
-0.48484299
-1.19642305
0.25716439
-0.20214765
-0.25283101
-0.30023152
-0.51266110
-0.23933601
-0.44852534
-0.47722673
-0.60491925
0.09567018
0.01701376
-1.70868862
-0.49739486
0.03919880
-0.27892971
-0.30992240
-0.91533720
-0.39996383
-0.62453026
-0.63588226
-0.11112980
-0.60625583
-0.61884254
-0.46617812
-0.48554426
0.52297807
-0.64375430
-0.32344449
-0.37057996
1.64047790
-0.37585092
-0.55067843
0.07257965
-0.55071396
-0.16184492
-0.50799942
-0.21390414
-0.19621362
-0.05911263
-0.23753786
0.17843339
-0.62762272
-0.19832653
-0.32191908
-0.62092698
-1.19654691
-1.09944570
0.05339291
-0.38383695
-0.81235254
-0.82613397
-0.32240456
-1.32153189
-0.26026607
-0.51820320
-0.62620944
0.22171119
-0.19663392
-0.55899835
-0.90010417
-0.58413064
-0.33168286
-0.30824170
-0.95662624
-0.53939265
-0.24260511
-0.41100243
-0.24144772
-0.80850023
-1.41371047
-0.52362365
-0.62204325
-0.32452315
-0.73835784
-0.19565232
-0.12575394
-0.66797227
-0.41129264
-0.25662881
-0.81326401
-1.45986605
-0.09905296
-0.31603003
-0.37073904
-0.68841070
0.07138044
-0.44048309
0.10507406
-0.41039702
-0.24248028
-1.74987626
-0.43883491
-0.11114920
-0.21939673
-0.86307335
-0.21840112
-0.49406594
-0.74744362
-0.66382951
-1.49344850
-0.47325361
-0.84889066
-0.66765887
-0.40944812
-0.70608091
-0.39705354
-0.27786362
-1.15874219
-0.55889571
-1.10825503
0.53727138
-0.59701669
-0.00258477
-0.12058017
-0.28296646
-0.28018534
0.16166049
-0.27676353
-0.58525479
-0.29331291
-0.54194069
-0.58870602
-0.55894089
-0.27726474
-0.01861780
