-1.18175280
-0.35252133
-1.05229883
0.71687727
0.64107468
-0.53711178
-1.75276932
-1.38680080
1.00497896
-0.56429446
-0.49060855
-0.47358215
0.11222532
-0.12978372
-0.65527936
1.94510129
-1.60148324
-1.53858164
-0.98444218
-0.01946724
-1.21196240
-0.73906872
-2.11095147
-0.29298600
-1.54725633
-0.73080434
0.11865369
-1.37061383
-0.92812891
-0.21571945
-0.62604713
-1.77581802
-1.40842129
-1.28377784
-1.15711320
0.55171946
-0.58118231
-1.34069597
-1.09252979
-0.04516165
-1.65475928
-2.22268432
-1.92127284
-0.87479781
-1.30017538
-1.05582645
0.29221933
0.50960759
-1.02533731
-0.61352916
-1.83200715
1.43689095
-1.60465460
-2.68469139
-0.53174195
-0.76005616
-1.51559587
-1.51557924
-0.68971667
-1.96338406
-1.38628858
0.49047953
-1.90009923
-1.41305281
-1.11937071
-1.42032778
-0.52624853
-0.31454515
-0.48724294
-0.81017979
-1.11581224
-0.71108778
-1.18249073
-1.01011809
-0.50243812
-1.19451118
-1.43381626
-1.05634520
-1.74803648
-1.20479356
-1.90954385
-0.96048234
-1.28076018
0.80520116
-1.76340785
-1.05013588
-0.04506004
-1.25742104
-0.82450446
-1.31821933
0.52033617
-1.91699519
-0.03877426
-1.63651095
-1.17745118
-0.76949189
-0.39627280
-1.32925727
-0.18493322
-0.62670801
-0.74635455
-0.02105229
-1.38724174
-0.26158442
-0.15127653
-0.46076857
-0.26504166
-1.01138073
-1.91662251
-0.69863945
-0.50788240
-0.63415774
-1.42543903
-0.01782466
-1.16857345
-1.01600521
-0.85404287
-0.72473328
-1.47174577
-1.76634035
-1.09264285
0.01870743
-1.68155819
-1.88512997
-0.81996260
0.22102003
-1.00361311
-2.47532483
-1.09773302
-0.26937788
-1.12123306
-1.39137933
-1.72310501
-0.86523004
-1.15705736
-2.08951078
0.69090627
-0.16401925
-0.87601747
0.07251635
-1.12776802
-1.88681789
-1.49682061
-2.24154881
-0.90967748
0.04537618
0.31909769
0.56432994
0.67664819
-1.26448169
-1.20612972
-1.17868657
-1.03710396
-1.71706576
0.03748867
-0.71925343
-0.10023645
-0.55933822
-0.73634077
-0.83189619
-1.90860861
-0.11403226
-1.98611019
-0.83139610
-0.62515284
-0.76579702
-1.91531782
-0.15195377
-1.57457992
-1.35366157
-0.77375185
-0.03559965
-0.70954082
-1.21548266
0.40303302
-1.19495455
-0.95818074
-1.12426647
1.36003933
-1.23069087
-0.75434548
-0.91067111
-0.46759462
-1.01974198
-0.93881921
-1.48276102
-1.06034714
-0.88885756
-1.49857993
-0.89658440
0.22570923
-0.96242477
-1.14864993
-1.30848824
-1.45325435
-0.83367933
-0.48794330
-1.42140237
0.61073113
-1.45113832
-0.95719364
-1.04257202
-0.46525385
0.31515247
-0.54525117
-1.57111929
-1.94357621
-1.42782463
0.53451049
-1.60768722
-1.56120604
-2.11094104
-1.57529048
0.07152032
-0.47181029
0.35821050
0.12385389
-1.34326689
-0.76012517
-0.14350422
-1.09861837
-1.47846183
-1.35637523
-0.09263948
-1.71381324
0.00773067
-0.08714462
-0.70274433
-0.84760129
-0.13106108
-0.73651333
-0.74661212
-0.92699812
-0.62627541
-0.78315364
-1.31675283
-1.15065864
-0.00001075
-0.63147518
-0.56810373
-0.06967834
-1.06088156
-0.51567063
-1.10982007
-0.08426615
0.30653728
-0.69414355
-0.49017396
1.21691097
0.23039983
-0.76284390
-1.58422956
-0.07641159
0.36829656
-1.31177425
0.10358693
-1.14872192
-0.60757705
-0.88424612
-1.42621916
-1.11292471
-1.49059539
-0.87214343
-1.95109387
0.13009714
-1.12675026
-0.97967740
-1.40243702
0.19931244
-1.08701643
-0.42581049
0.47070376
-0.74853330
-1.31622876
-0.90882343
-0.78775432
-0.19180250
-0.79535245
-0.92386910
-0.84805366
-1.01680492
-1.84185823
-0.13906905
-0.62354784
-1.56389865
-0.59289594
-0.86407797
-0.75100378
0.31089417
0.55607582
-1.10132723
-1.31438437
-0.99665851
-1.42674826
-1.20872951
-0.43557642
-0.05594909
-0.40846453
0.80470200
-1.09978346
-1.05691342
-0.96062631
-0.98241824
-1.25223082
-0.22652574
-0.70554368
-1.23208274
0.37034549
0.12495549
-1.55133192
0.12909990
-1.54256712
-0.89941080
-1.55435690
0.16839103
-0.69087343
0.53338441
-0.88141616
-2.44505251
-0.70847964
-1.72267816
-1.36505799
-1.71665386
-0.29654024
-1.65117359
-1.19565130
-0.50207713
-0.67419608
0.06697847
-1.05036632
-0.23314887
-1.72482624
-1.63004170
-0.78079442
-1.10046276
-0.61073681
-1.82651330
-0.13722277
-0.89636767
-0.06696154
-0.44812782
-1.01770595
-0.76537536
-0.07342137
-1.03847938
-1.04424389
-2.17371633
-0.77738362
-0.53249513
0.28276128
-1.41665681
-1.38085155
-1.44207666
-1.87379931
-1.70701430
-0.27005842
-1.32660560
-0.25371782
-2.22750685
-0.39069899
-1.68021660
0.06964573
-0.89716877
-1.42430439
0.38308005
-1.09021232
0.95294775
-0.88355373
0.17606989
-0.53800102
-0.54826518
-1.46574929
-0.75272471
-1.27413554
-1.54259782
-0.13632828
-2.31431193
-0.87314034
-1.60702548
-2.06714204
-1.16074558
-0.96411398
-1.38183716
-0.82007698
-1.60366426
-1.22305224
0.97798955
-0.91604606
-0.15842305
-0.52234127
-1.72203589
-0.43412010
-0.68506365
-0.62443828
-0.97315219
-0.60969263
-0.18834033
-0.69423671
-1.29279679
0.45839453
-0.48678505
-1.36342739
-1.21533896
-1.51024049
-0.15511250
-0.80112260
0.73480431
0.09518413
-0.41327119
-0.71694226
-0.67282546
-1.78447077
-0.18607521
-0.57281118
-2.34730351
1.45529537
-1.08828345
-1.30009965
-0.73292323
-0.32488163
-1.25040032
-1.56276508
-1.27757630
-1.48891711
-0.86184576
-0.50015347
-1.62500363
-1.81593474
0.32723212
0.09077513
-1.21722342
-1.16434420
0.24016773
-0.68378164
-1.44717071
0.41765847
-0.09634858
-1.96378266
-1.19887795
-0.05910967
-0.49991545
0.23578559
-0.00027393
0.19114960
-0.59149878
-1.26190762
-0.82594518
0.42951450
-0.47675833
-1.71551726
-0.34330046
-0.48039716
-1.24229214
-1.18526170
-1.93979224
-1.28640573
0.17463106
-2.69283769
-1.04504944
-0.69374045
-0.54026914
-0.86572036
-0.47215128
-1.59610389
-0.07630406
-0.05113200
-0.86450765
-1.76482624
-0.62590797
-1.35516609
-1.51163401
-0.59679928
-0.65194698
-1.77889147
0.04805520
-0.93955830
-1.87675437
-1.04171391
-0.58745261
-0.48482683
-0.73647191
-0.97272062
-0.91747762
-0.94053196
-1.90213115
-1.85593514
-0.53525127
-1.61140621
-0.63191942
-0.37236593
1.38696079
-0.84459057
-0.15688753
-1.81769614
0.66941068
-0.37809370
0.16072833
-1.57406516
-1.71181204
-1.75908693
-1.35537544
-1.01893017
0.10310620
-0.55972456
-0.10072742
-1.25226148
-1.31674843
-0.77673927
-1.62715240
-1.44012466
-1.76491644
0.89593377
-1.23481660
-1.95747002
-1.05745881
-0.43792698
-1.06374106
-1.47316600
-1.28150737
-1.20593437
-1.04030553
-0.86383344
-0.87422292
0.20921944
-0.78568612
-0.76668500
-1.70221226
-0.19126674
-1.10590276
-1.46325236
-1.51648241
-0.20535646
-0.95360362
0.45374854
-0.70533080
0.14200219
0.18394642
0.30291965
0.00526443
-1.02187424
-0.69169720
-1.36649117
-0.85592223
-0.60683505
-0.87720042
-2.03876549
-0.89546657
-1.29335047
-1.46921108
-1.35711945
0.29868433
0.26491799
-1.18478549
-0.76347826
-0.37839903
-0.32820272
-1.73430044
-1.87825246
0.73646145
-1.64713226
-1.23079500
-0.03299091
-1.53542405
-0.37442305
-0.65577384
-0.83431512
-0.29637521
-0.57503050
-0.26360477
-1.35187416
-0.39009126
-1.54901039
-0.59366223
-0.12778676
0.08531195
-0.12761154
-1.85962587
-0.23605832
-0.89574463
-1.46010304
-0.85277092
0.06872870
-1.11379581
-1.15533988
-0.83118483
-0.70795932
-1.01148163
-1.10969571
-1.10503100
-0.57727835
-1.72438893
0.07201620
-1.70127624
-0.62010994
-1.44466856
0.11920480
-1.14046880
0.07349615
-1.29615431
-1.07469930
-1.90135852
-1.36906401
-0.01495462
0.14074496
-0.11651505
0.69574285
-0.92827702
-1.02237702
-1.66377216
-0.94620174
0.03030854
-1.51048267
-1.09653557
-0.74221073
-1.17906236
-0.72070053
-1.22329448
-0.34649930
-0.71486127
-1.46464862
-1.79327939
-0.78206091
-1.22748499
-1.40211580
-1.00943819
-1.44553504
-0.59618375
-0.95796916
-0.32503500
-0.68824464
1.66287192
0.00820933
-0.94160507
-1.40592630
-0.33838411
-1.96865942
-1.15607263
-0.84224713
-0.07917326
-0.95957325
-0.60056445
-0.64808118
-0.88723266
-0.62168784
0.40757774
-0.62305433
-1.52275131
-0.26941742
-0.68760182
-0.16016919
-0.91798841
-1.00491061
-1.05145038
0.46792725
-1.73407221
-1.28756627
0.72537952
-0.78916300
-0.38745845
2.07045731
-2.05991368
-0.73529487
-1.52146809
-0.93569242
-1.25699960
0.04875264
-0.89554149
0.13990608
-1.36544646
-0.34987768
-0.83477995
-2.04376382
-0.46850332
-1.20411283
-1.73334748
0.08398386
-1.28824878
0.59075539
-0.75860132
1.37591881
-0.68104035
-1.56862134
-0.98231833
-0.22264408
-1.61164679
-1.16228357
0.48623993
-0.95271685
-2.00648492
-1.34871019
-1.80211482
0.01069906
0.44895864
0.11175332
-0.72890137
0.85372548
-0.62299573
-0.84766976
-1.34509718
-0.67683663
-1.44678372
-0.86174512
-0.26987452
-1.50904640
1.07436614
-0.73473074
-0.72112597
-1.45471021
0.58316009
-1.87074628
-0.89284844
-0.72511419
-1.29909572
-1.03962943
0.24691063
0.22377676
-1.31802569
-1.68712018
-1.11544175
-0.88594443
0.16458474
-0.92406892
-1.10399900
-0.18946984
-1.60213072
0.04545733
-1.28692346
-1.72099727
0.85015647
-1.36120138
-1.56132573
-0.84255627
-0.02405003
-0.08287053
-0.47636801
-2.05459851
-0.80589272
-0.74724526
-1.21787540
-0.12618556
-1.51390099
-1.02674231
-0.65463390
0.44559500
-1.11509336
-0.49074606
-0.93172912
-1.23520589
-0.26999796
-1.50792376
-0.07949997
-0.39262524
-0.66169580
-0.64753027
-0.71162849
0.02068542
-1.48248331
-0.25903184
-1.23365477
0.63242883
-0.86058275
-1.77518948
-1.16835529
-0.47870386
-1.98131810
-0.83218042
-1.56704151
-0.80948478
-0.05694824
-0.09953034
-0.80584294
-0.98046049
-1.23172824
-0.31228801
-1.74013440
-0.14552876
-2.35195117
-0.63386957
-1.80312243
-0.81734495
-0.18768638
-0.75202625
-1.02587641
-1.58419565
-1.22134838
-1.44651157
-1.87150641
1.64068938
-0.04180273
-2.03762110
-0.23700712
-0.82893646
-1.29595386
-0.53806934
-0.51020579
0.17599142
-1.41491669
-0.79743305
-1.43988589
-0.76795153
-1.86437898
-0.39108075
-0.76956743
-0.85584296
-1.56419794
-2.11758732
-1.18235562
-1.83851005
-0.82063678
-0.50013923
-0.81010572
-1.35775493
0.23607645
-1.19346162
-0.90174138
-1.76685119
-1.53862704
0.39366678
-0.65054155
-1.18780706
-0.61114768
0.05348450
-1.35467804
-0.67165252
-0.73173922
-0.36367228
-1.04570918
-1.59889100
-0.81556448
1.50392914
-0.40168867
-0.53396334
-1.47655054
-0.52017898
-0.78675577
-0.76155939
-1.50087615
-0.68845279
0.27122725
0.69654603
-0.07960411
-0.01482982
-0.98236638
-0.98861438
-1.11220814
-0.42855453
-0.37600453
-1.30902482
0.04552930
-1.57002981
-1.59862436
-0.99069933
-0.11357639
-1.08277130
0.06935530
-1.36437106
-1.02572818
-1.67405280
-1.16833465
-1.13665861
-1.60522965
-0.92185044
-1.57723670
1.55881237
-1.66290521
-0.47703121
-0.44941136
0.39782403
-1.86777082
-0.77509075
-1.13599432
-2.11089275
-1.22879816
-0.94428395
-0.94988063
0.26358713
-0.42879079
-0.53042079
0.10465677
-0.12835103
-0.66617846
-1.39798644
-1.15731741
-2.24705226
-1.17495621
-1.33911034
-0.03657876
-1.21580103
-1.81398169
-1.44977993
-0.58878046
-0.46485542
-0.07951255
-0.20951956
-1.90720280
-1.01488791
-0.36142081
-1.70376955
-0.45951569
-0.68105497
-1.39977827
0.29551093
-1.62637908
-1.59755357
-1.22264871
-1.58932368
-1.81237299
0.07183083
0.02429569
-0.96560136
-1.23356397
0.06637120
-1.58934152
0.14064424
-0.68130786
-1.62353942
0.02674448
-0.90338660
-0.37884640
-1.49594679
-0.76125780
-1.31815778
0.42993285
-1.58315992
-1.27218912
-1.74541114
-0.38852481
-0.63932811
-1.71788921
-0.19020758
-0.16513172
-1.14270321
-1.18679541
0.00786455
-1.45586705
-2.42708783
-0.11807231
-1.91054615
-0.18667323
-1.02364181
-0.74235886
-0.91258591
-1.74375477
0.56621477
0.08156619
-0.97045848
-0.55454167
-0.81475957
-1.85544376
-0.92254572
-1.56178309
-1.65824340
-0.68280889
0.73991398
-1.24197189
-0.80378996
-1.19344572
-1.95162014
-1.45639612
-1.02359755
-0.82843917
0.00701079
-0.79290721
-0.91073736
-0.64803731
-0.79782900
-0.10494123
-0.79637692
-1.28139849
0.83315472
-0.08106086
-0.31196726
-0.06864170
-1.17971064
-0.22514963
-0.65098374
-0.74683536
-0.90799722
-1.41628465
-1.32674482
-1.61253532
0.07584266
0.44440204
-1.12939588
-1.81620345
-0.92349322
-0.78021556
-0.35753692
-1.31926420
-0.21993772
-0.03763119
-1.91692957
-0.16783280
-0.43074384
-1.03492062
-0.60509087
-1.27806016
-0.62808993
-1.70279701
-0.91037377
-1.07159526
-1.05887121
-0.54821825
-1.62054885
-0.93840353
0.65571506
-1.55667554
-0.54106573
-1.07647547
0.05401401
0.04181898
-1.94637605
-0.65106198
-0.39472764
-0.43736722
-0.34011844
-0.14978671
0.65861808
-0.77780104
-1.76889669
-1.28150076
-1.00660293
0.04212415
-1.31140327
-0.48358557
-0.21434417
-0.78119395
-0.72869978
-1.20664389
-1.28329762
-0.81265889
-1.60806760
-1.48394704
0.12622657
-1.60058260
-1.11636662
-1.77186608
-1.36421353
-0.58790791
-0.78092710
-1.06103774
0.45887961
-0.55936814
-1.36631223
-1.64277931
-0.52629684
-1.32924053
0.33227856
-0.97879402
-0.00597092
-0.56124981
0.57352473
-0.52504076
-1.20512121
-1.14662908
-0.88550764
-1.20350254
-0.68242786
0.54068158
-0.85198060
0.21275072
-1.09417304
-1.81633033
-1.48198796
-1.03469025
-1.47035319
-1.77063300
-1.06018012
-0.22734235
-1.18932569
0.01775334
-0.74445298
-0.37848104
0.65355956
-0.63929786
-0.94173917
-1.68134835
-1.10711197
-0.49432938
-0.83816120
-1.32733478
-0.35749606
-1.29912205
-0.73371922
-0.97189142
-1.24121451
-0.01063758
1.21902742
-1.21638918
-1.33869450
-1.57630660
-1.79229927
-1.15396257
-0.99304770
0.24306513
0.03043220
-1.08034687
-0.16622429
-1.78489515
-1.28821051
-1.00412320
-1.53331763
-0.67539475
-1.33562408
-1.83769116
-1.64567219
-0.24102658
-1.16453022
0.35219123
-1.28261035
1.70564158
0.04246736
0.38668375
-0.46231454
-1.47402084
-1.52130374
-1.68941868
-0.73519286
-1.40275659
-1.46502630
-0.85983224
-0.49531270
-0.38945483
-1.05885188
0.14465710
0.41782469
-0.08234823
-0.81095515
-1.06353963
-1.91061956
-0.03099975
-0.77038168
-0.98266654
-1.37633362
-0.66807399
-1.40366889
-2.04551924
-0.78710151
-0.75759689
-1.25736279
-0.97794134
-0.80745773
-1.44745302
-0.96595711
-0.99427846
-1.66260533
-1.55085341
-0.90435202
-1.18499238
-0.95233249
-0.74058330
-1.21379516
