0.54687500
0.08593750
0.13281250
0.39843750
-0.14843750
0.46875000
-0.01562500
0.25000000
0.86718750
-0.04687500
-0.36718750
0.26562500
-0.30468750
-0.12500000
-0.42968750
0.28906250
0.41406250
0.32031250
-0.57812500
0.25781250
0.18750000
0.15625000
0.60937500
-0.38281250
-0.14843750
0.41406250
0.14062500
0.11718750
0.75781250
0.28906250
0.14843750
-0.73437500
0.13281250
-0.75000000
0.81250000
0.62500000
0.10937500
0.03906250
0.93750000
0.14843750
-0.17187500
0.30468750
0.08593750
-0.41406250
0.64843750
0.59375000
-0.16406250
0.06250000
