0.54511487
0.08323354
0.13040969
0.39659879
-0.15116972
0.46946585
-0.01800057
0.24790213
0.86755842
-0.04422038
-0.36584061
0.26552686
-0.30594042
-0.12462686
-0.43293846
0.28942025
0.41735429
0.31646490
-0.57792467
0.25407854
0.18616316
0.15639161
0.60604703
-0.37893331
-0.14956754
0.41464669
0.13834597
0.11554474
0.75770724
0.29108301
0.15157475
1.26445317
0.13019107
1.25320828
0.81331581
0.62274677
0.11198678
0.03728516
0.93361717
0.14603966
-0.17032488
0.30099896
0.08393847
-0.41183150
0.64903098
0.59471101
-0.16061291
0.06357703
