-0.29687500
0.41406250
0.44531250
0.62500000
-0.38281250
-0.14843750
0.32031250
-0.07812500
-0.05468750
-0.40625000
0.39062500
0.57031250
-0.27343750
0.26562500
0.13281250
-0.36718750
0.85937500
0.34375000
0.52343750
-0.32031250
0.92968750
0.10937500
0.26562500
0.32031250
0.53906250
0.52343750
-0.02343750
0.88281250
0.14062500
0.71875000
0.30468750
-0.03125000
0.14843750
0.60937500
0.67968750
0.53125000
0.30468750
0.11718750
0.34375000
0.92968750
0.70312500
0.93750000
0.35156250
0.58593750
-0.17968750
0.34375000
0.06250000
-0.07031250
