-0.29480487
0.41461775
0.44679189
0.62552273
-0.38214862
-0.14638831
0.31828067
-0.07852788
-0.05382578
-0.40684032
0.38881204
0.57283723
-0.27488986
0.26489079
0.13010027
-0.36581668
0.86140925
0.34115663
0.52357733
-0.31916118
0.93018013
0.10631896
0.26404780
0.32047558
0.54017007
0.52050120
-0.02102704
0.88315398
0.14452492
0.71599644
0.30635628
-0.02942618
0.15204817
0.60825962
0.67901403
0.53015631
0.30679652
0.11750595
0.34194109
0.92652911
0.70391083
0.93936485
0.34778753
0.58274311
-0.18347599
0.34348634
0.06496900
-0.07143187
