4.20652669
1.80024588
3.33881515
5.76856165
4.64044333
4.08569271
2.99611436
3.30358964
4.50262435
2.85212477
4.53699648
4.54542989
1.12923172
1.75589861
5.23475323
5.39913406
2.76389300
5.52439379
4.25077425
3.70332606
4.56957962
4.20944244
1.41020747
3.35168168
2.87820289
4.55051082
2.40464198
4.31098651
4.11107976
4.64732079
4.51738032
4.65434814
3.34381401
4.22260380
2.26787345
4.03387365
3.47702515
5.14545779
4.47365133
3.21654484
1.44281207
2.66290993
1.93215954
-0.67885885
3.92110409
4.73516427
4.37127921
5.02243460
2.88221243
3.37617960
2.78752798
5.57959582
4.61095416
3.75357611
2.11821562
2.80735062
5.76104104
4.54235945
2.83078119
1.27689060
5.45963211
2.88182480
1.90771781
3.06557220
5.52044680
4.60150528
4.78148035
4.52696125
4.02529396
4.22841681
4.77677899
4.82964941
3.26711742
4.12125996
3.08673325
5.02963644
2.78516774
3.36905304
3.69338160
2.70590040
4.07953438
2.50391168
4.90710006
4.97754767
2.95456626
5.13354556
3.00127423
3.51181609
4.32372617
4.86683415
4.47847889
4.44100953
2.97250468
1.42707739
4.32753309
3.96131599
2.61061846
4.38930192
4.96401453
5.65800272
0.90739871
1.92817319
3.19441900
4.99570726
3.33232184
3.83017639
4.26936760
2.34522683
6.26107243
1.00837412
1.93121481
2.13997078
4.30760442
2.99350020
4.44958334
5.73868750
1.77242382
5.32864663
4.77453802
1.55162575
4.54638939
1.24167120
2.10396577
-2.90797190
1.80525595
4.37301806
2.43722925
5.10015219
5.29431099
2.39334019
4.52863792
3.33706184
2.19899994
3.13768216
-3.28499156
3.68275476
3.16840896
3.30680837
3.74777746
3.50264928
4.65583028
5.23453540
-1.13323092
5.18538743
4.32040294
2.52339507
-1.03955202
4.88681251
1.28743674
2.88723520
4.22913884
4.89029399
3.86856395
4.03548117
3.03771099
0.35666438
5.57229552
0.50599148
5.18274835
2.19929463
3.56551080
5.22944549
5.11643095
2.36094237
4.99388210
5.79718796
3.86327005
4.13601340
4.85478036
3.26917112
5.19936395
3.04447556
4.89127388
1.90327315
3.40175659
4.21410467
3.73064964
2.82258812
4.61266335
3.14351986
2.50673944
3.08620099
5.00493633
4.58803602
4.88495597
2.54950017
1.76571027
5.62286274
2.19240140
2.32153529
2.97774521
2.03843089
1.08782207
1.87887408
3.39288616
2.54748724
5.02914344
5.96717288
4.05395363
1.11778912
4.46210016
5.48901309
1.65822058
3.18105269
4.53012469
4.40957395
4.84936892
4.75242867
4.99520549
5.30653602
1.67846283
5.00786473
3.44050735
4.99834075
2.53373080
4.26318253
4.73159719
5.05353099
5.32058000
-0.80799748
4.67372721
1.76358948
5.23084786
4.83262059
5.18856536
4.98218837
3.41569100
3.24749983
4.66158032
4.75651448
4.52178884
3.21157885
4.12846051
3.37209621
4.02841162
4.82177581
3.21403284
5.05355221
4.12901824
5.23392900
3.71989822
3.49435909
5.16086466
1.03109361
0.01111781
4.32882941
2.64289337
3.94108339
2.71972309
1.33985777
1.38581801
2.80274136
5.81202164
5.82256592
2.84626129
0.43440268
4.39989766
5.42869915
3.48870099
5.82444792
4.44080974
4.75228652
5.07192312
2.19828701
2.57648145
3.38565931
4.38733324
3.18703839
5.11847536
1.68275081
5.50078363
3.51738918
4.48304254
4.58380316
4.43669500
2.77474627
4.77729702
4.47123095
5.37987825
4.19574375
1.97442802
5.95017836
-1.54458522
2.52750782
0.68329385
4.77294406
2.23245656
5.42410520
5.47182991
4.67459889
3.34876683
4.10527176
5.58084367
-1.33106437
1.13260516
4.73646945
1.16579974
3.84422172
4.46009569
1.73852009
3.86851651
5.23815646
1.66802564
2.70611432
0.86842886
-0.60319045
4.39951469
4.24352848
8.66106750
3.01213126
2.91379476
4.51128040
5.46984664
5.41402913
5.13429786
4.66233651
4.66856825
5.02749870
2.83987304
5.46000994
5.50541734
2.69568039
3.65395366
1.61820241
4.47034975
-6.81505262
5.70150283
2.82635787
5.64180747
4.99880104
1.73503498
2.94568916
3.08778741
4.12113198
-3.65931038
1.97933138
3.47471034
5.35563268
1.93006799
5.03463333
4.31556997
3.15998603
4.31041767
2.12096913
2.38070205
2.90728931
2.28657071
5.08544013
5.04650512
3.50908011
3.99253622
2.57103101
1.40591544
3.29322702
4.17194147
5.80395567
2.28587823
5.24317078
2.86626175
2.19844963
4.06822477
0.66195336
5.29707924
3.15419061
0.39461330
3.94780578
4.07445182
5.56171190
3.85784155
3.90851327
2.58239661
2.85221233
3.45164567
3.43044358
2.16856137
1.99757486
1.81204484
4.16689911
5.75925681
0.93488938
5.45160763
2.62076746
2.29322535
4.21721444
4.35751309
3.36120024
4.67371426
1.86763400
3.22320930
4.06732477
4.76171840
5.32941178
5.10852220
-5.65759787
1.95953435
4.38766140
3.97733165
3.22474866
5.26730456
4.36770842
3.23712894
4.34827644
3.01982273
4.62259632
4.30535640
5.28837388
1.44620389
4.51723520
4.04127257
5.50561498
4.44042386
2.95146267
0.69431648
2.10708394
2.69923296
4.16564476
-1.64779701
0.88512551
4.30748020
2.11231784
3.82785560
3.34628922
5.49385498
4.49288494
2.40324493
2.29856638
3.38140997
4.33772732
4.01578625
5.01061786
1.97398548
3.97645727
1.91827458
4.34319523
2.90486321
4.43628825
4.70043470
2.13119951
3.32793719
1.92756929
4.08038185
4.73546484
0.87783619
4.24559545
2.48586830
2.21175115
4.54234312
2.55875005
3.57181376
5.76737531
-0.82364062
4.84827460
2.51774908
4.70413560
3.57043078
-1.35183852
5.06869357
4.48590085
1.61700039
3.61410207
4.68605210
1.86592047
4.56122190
4.90428726
1.55337724
4.31550044
0.39628747
0.43227718
3.65171465
3.62888167
2.62834782
3.66210378
5.20925054
5.20900064
-1.46510461
4.65275562
6.07389401
5.00514572
4.69295593
4.17212411
3.09063217
3.87087591
-0.04442887
4.56018500
4.10596167
3.45044702
4.14629618
2.46264669
5.01210084
5.11350622
4.11364143
2.23147938
1.49212922
4.89203293
1.68575811
4.55890885
3.97290551
3.90969654
4.81039413
3.03512622
1.35583739
5.30874088
3.56299120
1.43043389
-0.05681285
4.73649653
3.87641883
4.19940771
2.10316246
5.15052246
3.95045583
4.94498896
4.55589455
3.81314505
5.21340129
4.98276594
2.92130531
2.39184586
3.79502731
2.51127847
4.52990768
4.55047640
4.30619456
0.26083932
5.17138258
5.42259826
4.14215460
3.17385288
3.84186204
3.76838850
3.90676946
4.19981796
4.51202178
2.03749472
1.71624494
3.63479143
0.64528255
2.10348841
2.80007122
5.11217732
1.69253175
2.52994856
1.89930711
4.42697800
2.37732135
4.12268535
4.28722356
4.90610304
3.79305696
3.18298930
1.47314300
2.44959583
2.13268553
4.09054813
3.01130391
5.40696742
4.32800291
0.72661414
5.08999321
5.13585440
2.87322817
-0.68104668
2.62365430
2.38157735
2.90598458
2.36679422
5.52292625
1.27045786
3.23183173
2.62833712
5.11740127
3.61359039
4.84662911
2.46117693
4.83641648
3.85130772
5.14668694
5.00808658
3.98168652
2.58097669
5.16516568
3.11405739
-1.41016870
5.13502679
1.94270865
3.69533107
5.54992525
5.37396455
5.06901999
2.30287532
0.69922614
5.42722266
4.17766746
5.43812575
3.33061856
4.86724228
5.33748003
4.38377702
17.25802904
3.15865974
4.83941611
3.04295941
4.72226298
5.36513624
4.11357969
4.12456805
5.70560126
4.65539485
4.79164980
2.67260035
2.93091923
4.59382710
2.26136485
3.94247045
-1.97213346
1.49837325
4.26290662
3.98457462
0.99935739
5.11085147
3.81172187
3.08728836
3.09150784
5.49691269
3.33285915
1.95911920
5.43813965
2.98455442
3.52514845
5.20206458
3.86464210
4.57543058
5.02198731
3.99307453
3.59703888
4.23094462
2.43840369
4.34331948
3.06715012
5.26388327
1.99990740
2.67928426
4.90116075
4.97107740
2.48997487
2.68519760
2.08235511
-2.82713837
5.06651880
2.15383449
4.59313412
5.01828386
4.63841585
0.09643637
2.12631966
4.22630699
1.89645843
3.71249825
3.54996108
5.29857533
2.32544916
1.44795907
5.08884979
1.92078601
4.02238186
4.37633495
5.62946992
5.26789126
4.12991636
4.16058118
1.79392811
3.43779837
