1.52914834
-0.41298926
-1.11717117
1.95773828
1.14474368
1.54709959
1.70696855
-0.19515173
1.55592477
2.27520776
1.41547883
1.63455331
-1.81076014
-0.21699981
1.57991052
1.98785615
-0.48166287
1.87616503
1.15259993
1.04882336
1.65758348
1.60295796
-0.92578167
-2.76737666
-0.65291941
-0.77627707
-0.23651507
1.13015306
1.50001061
1.72734272
1.01489806
-0.53565729
-0.27157471
1.34808469
-0.21890870
-0.88233453
1.35041642
1.31583190
1.63862443
1.82549441
-0.70747948
-0.16112305
-0.28463966
5.78877163
1.16264403
0.99021876
1.56548429
1.60329056
-1.23162532
-0.29826212
-0.24395359
1.83763278
1.50086725
1.00387657
-0.32087794
1.21328855
1.71128595
1.85829294
1.51750803
-0.57251626
1.73204195
-0.59370196
-2.22646236
1.43399775
1.50966990
1.64917362
1.36996496
1.90208733
1.47240472
1.02728009
1.25627482
1.27163589
-0.90861505
1.55039322
-4.39656305
1.50502336
-0.84620208
-3.40203500
1.44417775
1.38770401
1.56907403
0.87384903
1.84184730
1.52093446
-0.72601378
1.68181753
1.29092467
1.23214340
1.28204489
1.60542321
1.44663107
1.30710709
-0.98496056
-3.63692093
1.41503215
1.77120578
-0.91483045
-0.44606844
1.32678795
1.90384614
-0.71575457
-0.69848782
1.78418016
1.50538838
-1.02760291
1.11771631
-0.74056262
-0.22123212
2.22770953
-1.00290644
-0.25482413
-2.24016070
1.29670537
-0.37566271
1.52031696
1.65625358
-2.54986262
1.52227831
1.70284581
-0.26233444
1.23620677
-0.52678758
-1.97943437
-0.11046438
-1.07803452
1.47807622
-0.60202402
1.95564461
2.03471446
-0.34489429
1.60105348
0.95847714
-1.66436434
-0.13548821
-0.64768243
1.62860060
1.36354125
2.05077744
1.40630984
-0.22053830
1.30210292
1.30034029
1.63092673
1.90351188
1.08077312
-0.47283414
-2.76570320
1.77036834
-0.40423855
1.38745272
1.27598476
1.91523802
1.12309909
1.65802586
1.37892079
-0.37515271
1.90599453
-3.29967046
1.67140675
-0.60157168
1.87665308
1.68017137
1.82653499
-1.12740099
1.33695590
1.73664200
-0.60708052
1.30833578
1.36360812
-0.75284213
1.46118224
1.53021395
1.55006540
1.61660135
1.11919534
1.90459883
1.33761144
-0.63065034
1.17062306
-0.19951804
-0.32827336
-1.15142167
1.86876059
1.28226268
-0.37941259
-0.27435285
-0.48343888
2.08414483
-0.26620635
-0.25680697
1.53101122
-0.29935092
-0.63565296
-0.64291978
-0.66663992
-0.47824457
1.53044665
1.82945549
1.13258910
0.34567022
1.27273738
1.66898942
-0.39543992
-0.41831106
1.36342859
1.40880907
1.43980622
1.53196692
2.27967119
1.71786654
-0.35569429
2.06949258
1.31066775
1.78386092
-0.42513096
1.43944430
1.48108280
1.52950656
2.15730596
1.10531235
-0.58845723
-1.19357419
1.27294767
1.20955837
1.43956530
1.57324421
-0.61251938
-0.87379825
1.45888352
8.30861473
1.10026717
0.94459033
1.40114594
1.63976216
1.51150537
1.35584676
1.43914878
1.93209469
1.29287994
1.75143731
-0.38926205
-0.29304492
1.59182274
1.70113289
0.45562842
1.68938088
1.32853210
1.34855378
-0.70650786
-0.69199771
-0.29127741
1.14918947
2.07277441
1.63979805
1.67006457
-1.35113239
1.64707685
1.76787698
0.77508783
2.10829949
1.60796094
1.77562201
1.72053683
-0.48680422
-0.23362924
0.98317319
1.53643906
-0.19323401
1.36578739
-0.38097066
2.26773405
-0.84755665
1.57780850
1.41648591
1.54726636
-0.90753812
1.93969214
1.33735812
1.75056410
1.87693298
-0.32560241
1.63045156
7.19663191
-1.77261460
-3.91701841
1.18466580
1.21420395
1.88622916
1.80739164
1.41748810
-0.59030926
1.39732671
2.06970406
1.59957778
-1.49485624
1.12913013
-0.63083100
1.17779267
1.62503827
-0.24512897
-0.62318134
1.68081367
-2.31217670
-0.60333788
-4.30799484
-3.97981119
1.46359789
1.51867986
-1.51561224
-0.49231863
-0.36310264
1.78770888
1.49381530
2.21191907
1.82668710
1.52502799
1.44708359
1.20589948
-0.48490414
1.40340698
1.78518164
-0.16550012
1.31658864
-3.93865037
1.39833868
-0.22191538
1.81401467
1.24454844
1.73920345
1.71110034
-0.84638757
-0.20297638
1.47275329
1.34155071
0.16130321
-0.97884238
-0.31752941
1.68420053
-1.19909966
1.53047407
1.84157050
1.59733093
1.39763379
-0.28101021
-0.96426666
-0.17538011
-0.24676025
1.43699884
1.60058331
1.37387526
1.11567378
-0.42116913
-0.41588089
1.24952674
1.83003366
1.89350748
-0.55709970
1.49012399
-4.06974936
-0.20805855
1.17048395
-5.59110641
1.97067940
1.27544868
-4.74950647
-0.88114703
1.67437899
1.63040364
1.76011908
1.61681259
-3.97777247
-4.21398735
1.27378833
1.55391717
-0.22114615
-0.43458730
-0.40175819
1.34764540
1.91223037
-3.83534765
1.62955117
-0.36866358
-1.07262993
1.33596659
1.40537143
1.00665724
1.28275299
0.75055104
-0.67039192
1.80582750
1.14532948
1.38320255
1.41201472
0.58746648
-0.26557365
1.07894230
-0.69601893
1.16783023
1.65517104
1.76776004
1.17946196
1.35006011
0.85467273
1.49830306
1.19836855
1.52325451
-0.53363264
1.51197219
1.29766011
1.76518250
1.20953584
-0.45958319
-4.23883247
-0.21389632
1.65321457
1.18351865
5.66643524
-0.54582208
1.60121429
-1.21258771
1.41668379
0.41477352
2.15977263
1.23641908
-0.61133009
-1.54978371
1.14559960
1.56037652
-0.26983878
1.40392840
-0.25034904
1.72366214
-0.84165806
1.63146687
1.38917100
1.27044261
1.45650196
-0.33548129
1.52930546
-0.29536021
-0.42240053
1.35159850
-3.44449973
1.40407252
1.25091028
-0.96550411
1.62832749
-0.79047436
-0.51440120
1.73170602
0.30772191
-0.38703895
0.97968477
1.17674172
1.27601743
-6.55570602
1.67126107
1.37653923
-4.28894043
1.51713479
2.13918138
1.40321326
1.47902238
1.81996799
-0.74048454
0.82918996
-1.94123948
-0.94934380
1.86201072
1.72320616
1.85826123
1.38285577
1.52821112
1.68775237
1.59898841
1.68872118
1.76611710
1.50103867
1.53139520
1.57415915
-0.54727900
1.12933791
-1.42849660
1.52280903
1.26895535
-0.92957157
1.27969587
-0.24162287
3.21289539
1.80429006
1.31002831
-0.81212795
1.25204217
1.50276935
-0.82935154
2.00362277
1.47420681
1.68797147
1.64080906
1.00920844
-0.49703902
1.94124854
1.18992496
-0.49600628
1.60448050
1.61135685
0.93399048
1.19587827
-0.14821462
1.53196681
1.06764925
1.32447135
1.68213677
1.35081029
1.72014332
1.23922634
-0.90051740
-0.24193256
1.49093652
-0.29991153
1.44614589
1.85154009
2.32121396
-1.12190080
1.49487841
1.69789004
1.40041494
4.39454174
0.96490312
1.05696559
1.31614172
1.33854270
1.42485487
-4.11330891
-0.97295421
1.48660791
-1.58741331
-2.46742916
-0.59607768
1.34079266
-0.36623040
1.24659479
-0.43824640
-0.67204410
-0.40686026
1.47145975
1.27372682
1.95157623
-0.28637972
1.82252038
-2.42708993
-0.67627609
-0.28239375
1.58233511
-0.61993355
1.76048672
1.75686038
-0.54147273
1.78485954
1.69864607
1.33387351
-3.26721478
-0.09995992
-0.48542243
1.21836770
1.58947253
1.60592473
-1.32327366
1.78955853
-0.89500326
2.10015488
0.81617337
1.49862409
2.04749203
1.20652378
1.31369019
1.69522548
1.31469142
1.97916257
-2.74797082
1.62468398
1.07402384
-0.92112643
1.79911590
-0.24561793
1.22051370
2.97406125
1.19654691
1.41306984
-0.84957355
-0.71488822
1.99014199
1.68920600
1.79271269
-1.73444521
1.26371658
1.65554917
1.69641697
-0.36605039
-1.16435003
1.35206282
1.11227405
1.17822337
2.01222801
1.83138788
1.31261075
1.72231233
1.16681075
2.43371582
-0.17589366
-0.43455419
1.28228033
-4.60075092
1.79973054
5.10886145
-0.57713681
1.23397565
1.32897687
-0.58067930
1.67789447
1.41482472
1.23935616
-1.09283483
2.11093283
1.51801121
-0.26026577
1.66245985
-0.20406874
-1.43195224
1.72926307
1.48760939
1.57814646
1.71625960
1.40318298
1.34818685
1.09899926
0.73263884
1.67861867
-0.23901521
1.63132226
-0.22459084
-1.01545429
1.66254449
1.50961781
-0.44241968
1.36218870
-3.12825322
5.04341364
1.45304835
2.31098366
1.52360201
1.62610316
1.59010065
0.41357958
-1.05332625
1.58721113
2.69416738
1.02340794
1.88802767
1.37276113
-0.22769481
-3.34631491
2.02049541
-0.38505965
1.79990816
-0.21275172
1.77560389
1.71994746
1.12908828
0.98567736
-1.01854181
-1.48951018
2.12351680
-0.48496130
-1.58688462
2.63882828
1.53210795
2.16767049
2.03134632
-0.23508668
2.20559263
3.15288424
2.02823520
2.18038988
-2.60391641
-0.32231250
2.22279692
2.60784006
-0.56097621
2.54332447
1.63629222
1.54519010
2.10629082
2.14689183
-1.28607857
-2.99308062
-1.31979907
-0.72116923
-0.33424637
1.55359089
1.97706556
2.34298444
1.39200246
-0.72039860
-0.43481648
1.84459412
-0.34642461
-1.13782907
1.83586359
1.88268709
2.11571860
2.14226651
-0.86381716
-0.23073930
-0.39765888
-1.18044901
1.65602446
1.45587230
2.03351784
1.99276161
-1.64254200
-0.42091569
-0.37382123
2.50827456
2.02667689
1.42577231
-0.46796492
1.75440490
2.52774286
2.37417173
1.96120393
-0.74461353
2.39711046
-0.87154377
-2.87541127
1.78311312
2.22529197
2.15602207
1.93867242
2.49619794
1.80532694
1.43176293
1.72818732
1.78136837
-1.19232094
2.04635310
-5.37661314
2.15117455
-0.93045670
-3.72715688
1.95641613
1.83897471
2.08785558
1.15778351
2.35761547
2.05496120
-0.96438384
2.35749531
1.70486903
1.68521190
1.83309782
2.26905632
1.90147769
1.77968276
-1.35015714
-4.60850763
1.90256774
2.32324886
-1.24364090
-0.67781377
1.90255833
2.65057468
-0.83706695
-0.98094857
2.23015356
2.01957941
-1.40774035
1.65650964
-0.86291748
-0.33738619
2.89414072
-1.58690894
-0.41823032
-3.07299280
1.81201959
-0.45520073
2.13047767
2.43706441
-3.68227506
2.11560941
2.41250801
-0.38461548
1.67975783
-0.80711401
-2.40070057
-0.05766937
-1.66483498
1.94876635
-0.82711434
2.64696598
2.64891958
-0.45151475
2.08717561
1.31037235
-2.26781034
-0.18796988
1.04795194
2.10715604
1.72796404
2.65918088
1.85944295
-0.33710715
1.76480412
1.77375126
-0.46882418
2.52994013
1.52442038
-0.50831330
1.33468556
2.35197020
-0.62242085
1.73193991
1.71625066
2.55057955
1.55572295
2.25728178
1.68397582
-0.46811956
2.62524152
-8.06724930
2.40781951
-0.84431452
2.39617610
2.30909038
2.40936613
-1.43330967
1.92358208
2.49275970
-0.78916419
1.77039289
1.88990688
-1.00401354
2.10206127
1.96658278
2.05093789
1.90850353
1.56507313
2.37434006
1.66982961
-0.84956181
1.72788191
-0.27693072
-0.49257192
-1.45346427
2.48089862
1.73386204
-0.51124346
-0.35516402
-0.65975940
2.77854609
-0.39383429
-0.41099483
1.97139931
-0.39420879
-0.85906243
-1.01302838
-0.96597791
-0.62110835
2.15715122
2.59287238
1.55447972
0.43653142
1.77975130
2.25084329
-0.57355708
-0.59679466
1.87565243
1.96154082
2.09205437
2.09736657
2.95504951
2.37098289
-0.55019975
2.61677074
1.71775973
2.58351135
-0.64395189
1.88112068
2.10914350
2.11548829
2.66355729
-0.65503573
-0.80111021
-1.70122099
1.93223190
1.76013565
1.99580336
2.08556914
-0.79492778
-1.26743400
1.97181463
-0.85817343
1.56454563
1.34492457
1.88398266
2.08386207
2.01553106
1.95273602
1.76309586
2.57090282
1.95989227
2.38578391
-0.55698240
-0.39314336
2.25633073
2.23167253
-2.43857169
2.24414253
1.80002344
1.79061186
-0.96984804
-0.92388117
-0.34198812
1.42505860
2.75822306
2.34686208
2.07104349
-1.79367185
2.08280444
2.35892439
0.99778754
2.89844298
2.15106297
2.25968194
2.32034945
-0.74861389
-0.32962045
1.35153496
2.06670523
-0.28301430
1.94351161
-0.53683996
3.04991221
-1.10255563
2.03056645
2.02343321
2.03589344
-1.35810328
2.52286339
1.77144098
2.33464766
2.39226747
-0.49429393
2.31187892
-2.06709528
-2.04026175
-5.32549477
1.67707384
1.56828797
2.49052644
2.50513911
1.83197737
-0.80764925
1.96672618
2.83513355
-0.62726909
-2.08989644
1.53271413
-1.09844911
1.58504033
2.19115782
-0.37568790
-0.91631603
2.25297761
-3.09059620
-0.74065226
-6.04780340
1.28733146
1.99208295
2.02968740
-1.54004383
-0.64375395
-0.47297737
2.44428754
2.12690687
2.72012734
2.27442694
2.02161455
1.82521367
1.59952962
-0.60351449
1.97319245
2.40941405
-0.24386775
1.80159116
-4.76213598
1.85454750
1.94728577
2.54508328
1.64410114
2.39293575
2.37481618
-1.32806706
-0.29041624
1.90452862
1.74194121
0.25311065
-1.29835880
-0.41799313
2.29683042
-1.73494267
1.97795320
2.30962229
2.01773024
1.93081045
-0.44045305
-1.41435671
-0.26927301
-0.38381860
1.97601509
2.34140921
1.76889157
1.52416778
-0.65297014
-0.55116940
1.66342950
2.37589502
2.57770252
-0.77855253
2.04735255
-4.85036373
-0.27684045
1.50876164
-7.62641907
2.53042579
1.75571656
-5.26881933
-1.25292194
2.29973936
2.23605967
2.36092925
2.10553765
-3.76832008
-5.31329679
1.81232703
2.01967764
-0.32948393
-0.63178444
-0.60241383
1.85808086
2.44832802
-4.76480198
2.23586679
-0.49004543
-1.49103189
1.87545943
1.86808872
1.34750581
1.72427952
1.00656295
-0.90203053
2.36771274
1.65269208
1.91605270
1.95407605
0.54169679
-0.32589805
1.44341946
-0.90019602
1.55383193
2.13166189
2.25972962
1.56868148
1.91803813
1.10178614
2.13046622
1.58363438
2.17942953
-0.55423552
2.04402232
1.75070417
2.39392996
1.75818610
-0.63167113
-5.50568342
-0.34446454
2.18934298
1.64720345
-3.59455490
-0.80451792
2.17414355
-1.59792829
2.03372431
0.57660431
2.92549825
1.69195509
-0.69391507
-2.11348271
1.48797679
2.03710318
-0.30057967
1.78061783
-0.35482162
2.29355955
-1.13688660
2.05246711
1.80116570
1.80251896
1.79103327
-0.46490625
1.95155203
-0.34936973
-0.58466566
1.83203804
-4.57063437
1.86766887
1.56569600
-1.38685107
2.20261741
-0.96373004
-0.72893161
2.32022953
-2.94737148
-0.52412599
1.25703740
1.64713144
1.68200755
2.15153742
2.32916355
1.84889531
-5.83449697
1.89021969
2.87814736
1.78038299
2.01609206
2.46064901
-1.07019341
1.34247923
-2.58025503
-1.26952684
2.37695432
2.40005803
2.30168033
1.74844491
2.17243433
2.39078712
2.02757311
2.16194177
2.40034270
2.04262638
1.95046318
2.12016869
-0.76241207
1.43013525
-1.70156920
1.86577833
1.75680840
-1.31847477
1.73422134
-0.30374745
3.30898619
2.42393231
1.76280022
-1.06794810
1.50345075
2.07549334
-1.35917246
2.61448026
2.08672881
2.17128396
2.05614829
1.42384863
-0.65596497
2.52356410
1.65293562
-0.65093255
1.93633997
2.18512750
1.39400005
1.64157856
-0.17934999
2.09217310
1.34971881
1.90653396
2.32756305
1.77480567
2.21061802
1.80765438
-1.08857358
-0.31988087
1.83001184
-0.43355209
1.98679638
2.28240228
2.98822141
-1.34579802
1.98414719
2.29268217
1.97914970
5.79390907
1.43058002
1.33656800
1.83031881
1.82225251
1.94064116
-5.00084543
-1.42605412
2.03076673
-2.25142217
-2.80796289
-0.83250701
1.92594719
-0.52835113
1.64372945
-0.60227621
-0.83228827
-0.43466058
1.89786577
1.70954192
2.63704729
-0.43037757
2.37156248
-3.31680632
-0.97568166
-0.37682819
2.04638338
-0.83025527
2.40527797
2.14921188
-0.82306904
2.58609009
2.37186790
1.61914897
2.00449681
-0.17822576
-0.50369966
1.62492776
2.12775946
2.25154853
-1.81061482
2.36592722
-1.16762984
2.77168155
1.25009060
1.98836994
2.67746758
1.67200065
1.91002166
2.32845974
1.82569122
2.51904345
-3.31610203
2.26783776
1.42988431
0.33038619
2.30998993
-0.34915671
1.67439401
3.54588223
1.76242554
1.93189454
-1.31528795
-1.01184106
2.52228975
2.21139073
2.38276482
-2.43336344
1.68995917
2.47024679
2.13663602
-0.45752677
-1.64067197
1.98558295
1.47911191
1.64393175
2.66406727
2.34332275
1.77374494
2.49525380
1.59612858
3.18300176
-0.24475853
-0.49588704
1.73799455
-6.00961208
2.33086348
-3.03752661
-0.74678171
1.86517406
1.90825093
-0.87723923
2.25376654
1.81332290
1.59435856
-1.23713875
2.76586318
2.00649285
-0.35746792
2.29801178
-0.28831416
-1.88151622
2.26267934
2.02282500
2.11250973
2.30868053
1.84637082
1.88819981
1.53027701
0.97690529
2.06074214
-0.34621722
2.27498031
-0.46658787
-1.44898939
2.17635965
2.07770634
-0.63137800
1.73122239
-4.49080610
-11.88595676
2.02010584
3.23858023
2.06624079
2.17150998
2.22791243
-11.79127884
-1.47988486
2.02703738
3.63145280
1.25630462
2.36844683
2.05046964
-0.34763357
-4.29892826
2.71130657
-0.65734440
2.51292276
-0.37958544
2.45068097
2.32630920
1.63887107
1.34304559
-1.45255363
-1.92869830
0.89775378
-0.28201178
-0.76600915
1.18304646
0.60019273
0.90801758
1.17042208
-0.08567021
0.94257480
1.19815254
0.88170326
0.89437157
-1.23746765
-0.11194469
1.22625124
1.28972363
-0.24031271
1.28885758
0.70729697
0.71894044
0.93297434
0.81222028
-0.59423387
-1.54082608
0.29641819
-0.42189130
-0.13471270
0.71410871
0.99665666
0.93856728
0.59115636
-0.29654807
-0.10819340
0.66845477
-0.13187706
-0.48069632
0.85539114
0.81327367
0.94751334
0.94955617
-0.40127242
-0.10493162
-0.20221123
1.25932086
0.69264209
0.60061353
0.89155298
0.94923371
-0.76182777
-0.16099223
-0.15067989
1.10055625
0.96473527
0.62420052
-0.19715698
0.68902689
1.21854568
1.06464386
0.96147019
-0.36136973
1.27076268
-0.39075595
-1.38215518
0.79421055
1.07019567
1.00570285
0.88488269
1.12791800
0.85115224
0.58825761
0.76677376
0.90279341
-0.55345488
0.84475887
-2.81584716
0.98843575
-0.37419802
-0.98062390
0.94679886
0.86178654
0.94319707
0.61324489
1.02215385
0.98634440
-0.33945665
1.00144398
0.67097151
0.90883964
0.82147038
0.99114162
0.81973380
0.70298702
-0.64073086
-1.83244860
0.87546402
0.91214293
-0.50262129
-0.35602602
0.85014415
1.23448002
-0.46379501
-0.50920391
0.93270665
0.89960134
-0.67172211
0.68544579
-0.36102420
-0.11250028
1.32740533
-0.75924045
-0.20563327
-1.12635589
0.76481545
-0.22004457
0.97383112
1.12999773
-1.56180370
0.95987022
1.13396788
-0.16554518
0.69017905
-0.38131756
-0.92727202
-0.03549861
-0.79283428
0.82505637
-0.31313375
1.25620151
1.15786409
-0.18685673
0.82624495
0.50085247
-0.97626352
-0.08611810
-0.68787163
0.66995257
0.83079523
1.36462164
0.82889903
-0.13367711
0.72144431
0.59963411
-1.03927100
1.11297464
0.75816286
-0.29609665
2.14471292
1.10410285
-0.30529246
0.57256490
0.96204787
1.17593956
0.63711613
1.29324329
0.72245979
-0.20365335
1.24257243
-3.74269104
1.25248098
-0.43373960
1.03952861
1.00083244
1.21344590
-0.48123074
0.92774212
1.14309454
-0.33679900
0.64853168
0.85641557
-0.49240455
1.10504699
0.97484225
0.86270666
1.04467034
0.68321311
1.07566392
0.69158536
-0.35063821
0.70537317
-0.11484053
-0.20692720
-0.61792988
1.03451431
0.82770765
-0.21240069
-0.18344730
-0.31390214
1.36503303
-0.21093123
-0.20044996
0.86651146
-0.15029560
-0.37592709
-0.38090727
-0.51675606
-0.31560287
1.12879467
1.15736043
0.64927852
0.19854444
0.89223003
0.87234199
-0.27558222
-0.29345965
0.76659602
0.82541013
0.91436172
0.86547315
1.27269447
1.00573683
-0.25374186
1.04033709
0.71353650
1.21416962
-0.33135775
0.82412857
1.06487894
0.92774791
1.10867369
-1.27007794
-0.35574964
-0.70476115
0.73058891
0.93776202
0.90566564
0.93161863
-0.37749329
-0.60753536
0.84108639
-7.75191736
0.64913845
0.62335861
0.87053764
0.93365687
0.89717531
0.85294062
0.68815780
1.30195558
0.84768867
1.11378455
-0.20866108
-0.16505635
0.97368753
0.97504801
2.07794428
1.18125939
0.92895675
0.81619775
-0.45279479
-0.39368093
-0.27683464
0.67032075
1.32511950
1.08341908
0.98497880
-1.00540459
0.81185371
1.31845856
0.49377239
1.43809330
1.00763524
0.97831702
1.11422682
-0.36324239
-0.19591817
0.62674975
0.93347734
-0.13052778
0.84221989
-0.25423223
1.48527920
-0.56435174
0.94484049
0.89791059
0.82913423
-0.62413937
1.16619432
0.66936558
0.96027088
0.91069162
-0.26274738
0.98550588
-8.82984924
-0.71887934
-1.80315280
0.68878394
0.48666486
0.93475926
1.13953114
0.87996978
-0.37293860
0.80190498
1.38884509
-1.38226533
-0.86049134
0.62182158
-0.53416729
0.70590407
1.01051247
-0.24654432
-0.46674180
0.93509221
-1.49073732
-0.35211012
-2.05743504
1.99512267
0.88362283
0.93783438
-0.37343922
-0.31508437
-0.21910672
0.97390634
0.90630704
1.05931067
0.84286189
0.77256304
0.85132515
0.71478724
-0.27734312
0.80644488
1.03977442
-0.12083544
0.75400388
-1.51262414
0.85048622
-0.56211090
1.23808229
0.66062886
0.95414340
1.07901561
-0.70091665
-0.23418701
0.79525107
0.78594702
0.19976611
-0.45878735
-0.15132882
1.06533420
-0.77329695
0.86563075
1.00229812
0.91565937
0.79146254
-0.15740934
-0.58294982
-0.10085797
-0.15888047
0.89240712
1.07926571
0.77721900
0.62266743
-0.32308173
-0.27946129
0.63452172
1.06012106
1.15414584
-0.35724732
0.95087332
-1.79436851
-0.10694852
0.67858768
-3.11072183
1.12169290
0.80374098
-3.42324758
-0.56632298
0.90736890
0.94326085
1.08563411
1.05245543
-2.27847552
-1.82058740
0.79407614
1.05345869
-0.12499703
-0.21724075
-0.29652303
0.83314532
1.09250736
-3.08599138
1.05876005
-0.22331114
-0.68676066
1.00700474
0.66481489
0.60272193
0.70162016
0.35079342
-0.47195286
1.03238750
0.77227467
0.85291404
0.66350895
-0.18246375
-0.15019006
0.74297059
-0.40270588
0.74694121
0.69573957
0.98943490
0.63605475
0.85642785
0.45432398
0.85461766
0.68487304
0.98408270
-0.45070454
0.90546417
0.78249538
1.11285305
0.69964856
-0.31422472
-2.72128940
-0.15795007
0.99786079
0.64201510
-11.74542522
-0.35589373
1.01723433
-0.90223944
0.95531255
0.29122874
1.21965420
0.90932560
-0.38078803
-0.86360556
0.79622644
0.83362859
-0.24192041
0.79250580
-0.17324813
0.81895238
-0.59405595
0.88853431
0.78740120
0.80370176
0.82092780
-0.22162607
0.85054916
-0.19769551
-0.24282220
0.68145877
-2.66625023
0.74155635
-0.00171540
-0.62156588
0.93946224
-0.46507460
-0.15166742
0.93984151
1.50806439
-0.23833126
0.49251685
0.74678600
0.65174866
3.00814033
0.90550292
0.88507307
-2.40980697
0.83060497
1.59149575
0.90018022
0.78251493
1.11951208
-0.49711400
0.61311841
-1.99139166
-0.61869264
1.04745626
1.22295070
1.03478169
0.94514489
0.88582689
0.98808163
0.85786474
0.86610997
1.04102755
0.89232922
0.81841773
1.01344931
-0.32747394
0.59459782
-1.01329052
0.80139607
0.79197204
-0.53912574
0.70454717
-0.13526607
1.11139929
1.25879645
0.77905267
-0.42421857
0.69903147
0.96904278
-0.62434232
0.85285288
0.85530144
0.72014153
0.94568616
0.69327122
-0.29370111
1.25016212
0.73025668
-0.33382225
0.37927186
0.88762027
0.69534254
0.67746663
-0.07658333
0.93550563
0.68467778
0.84034091
0.92045712
0.86181223
0.97097594
0.82782358
-0.50366420
-0.15707649
0.84036696
-0.17208141
0.86788714
1.12219203
1.10751450
-0.57623613
0.83799547
1.12909150
0.87573075
2.96637845
0.61598533
0.49774650
0.74588180
0.74708724
0.68314213
-3.03957653
-0.68146080
1.17130232
-1.30735683
-1.38198221
-0.35976288
0.97593975
-0.23064953
0.62360287
-0.31156161
-0.42347425
-0.27720809
0.72926557
0.87053627
1.14801264
-0.13869113
1.19518268
-1.37445474
-0.49475753
-0.16736329
0.96318865
-0.41011259
1.01746881
0.87036848
-0.42678478
1.15388882
1.06093502
0.79212064
1.79425478
-0.06920324
-0.34973001
0.79191166
0.86615318
0.99506634
-0.82199752
1.16446161
-0.55344617
1.21379364
0.59442103
0.93405002
1.22292924
0.80400759
0.75087267
1.06255746
0.88196635
1.29324937
-1.11639023
1.12704241
0.64275169
0.83509010
1.00030792
-0.18498835
0.56312972
1.23293197
0.80624515
0.80805397
-0.68527883
-0.45117930
1.13093257
1.03796363
1.02163005
-0.72590011
0.82022333
1.18612707
0.82837623
-0.30299595
-0.74919850
0.87854373
0.67764294
0.72737348
1.28036034
1.12701058
0.72051740
1.17656469
0.68820822
1.45002675
-0.12035604
-0.30514547
0.81293273
-2.67934275
1.08508980
0.78437352
-0.41487551
0.92844844
0.91556579
-0.40772021
0.95234591
0.93911320
0.67065448
-0.40540817
1.13700020
1.02846622
-0.18956400
0.96123886
-0.12179153
-0.93643886
0.93114036
0.84684134
0.99058682
0.93339741
0.76359373
0.93632019
0.68309397
0.44140124
0.88841009
-0.14180171
0.88009328
-0.26456696
-0.74324930
0.97596318
1.07795489
-0.25066373
0.69127715
-1.43515515
6.82638788
0.98667997
1.49490249
0.79437757
1.07305598
0.93968707
1.17591238
-0.73587441
1.08904219
2.35849357
0.43105930
1.28593409
1.07177818
-0.15290712
-2.04695153
1.26442742
-0.29003483
1.13119972
-0.07889633
0.96177012
1.05885649
0.72409004
0.59589708
-0.77236837
-0.76557517
2.18972373
-0.53128165
-1.52067578
2.52957892
1.76712263
2.06206679
2.45475459
-0.26308510
2.30207038
-0.08833279
2.00460625
2.46228147
-2.39422584
-0.41393667
2.02785444
2.59226227
-0.58742678
2.56164551
1.64265501
1.40323222
2.18953657
2.18616986
-1.34037769
-3.74465919
-3.77876997
-0.84722751
-0.35893983
1.56338692
1.78053558
2.17039871
1.69601047
-0.66071576
-0.45653984
2.11119342
-0.40899533
-1.20041382
1.90239894
2.07978129
2.08094001
2.24063849
-1.01856506
-0.28872058
-0.44885573
3.07409477
1.83215189
1.92417908
2.03893709
2.13490009
-1.56062353
-0.49648625
-0.40695229
2.33740926
2.09279442
1.33909333
-0.57766277
1.82804215
2.50422192
2.38463736
1.96154344
-0.81307030
2.29530478
-0.91026080
-2.78403091
1.97322583
2.27733660
2.11016178
1.98392355
2.42268658
1.79826248
1.57331073
1.92148614
1.77794409
-1.31601536
2.19257641
-3.67594194
2.02491522
-0.83372462
-3.89112568
1.90223157
1.88450623
2.31042194
1.11687148
2.42446613
2.53529811
-0.95824081
2.34901881
1.92262793
1.76904416
1.88643873
2.31939602
1.97137368
1.84962142
-1.32375062
-4.72725821
1.83200133
2.34199095
-1.38398802
-0.80839866
2.12387776
2.62060094
-0.90655404
0.02409941
2.24832082
1.99074781
-1.41379023
1.71986222
-0.97600561
-0.37757745
2.96242189
-1.63549423
-0.42324731
-5.58316422
1.70697653
-0.44097736
2.31852722
2.48087049
-3.65695095
2.16362000
2.32257175
-0.40871403
1.92070961
-0.82642686
-3.87799263
0.77373713
-1.54801261
2.14955235
-0.97099674
2.49689102
2.67707729
-0.45251912
2.23402357
1.39919043
-2.36659861
-0.20684282
-0.56722951
1.92421138
-0.05331459
2.45858765
1.87121344
-0.36116886
2.03919911
2.08520103
1.95097923
2.54537535
1.62533081
-0.60536093
-3.82528567
2.36279202
-0.72611314
1.66916227
1.90351963
2.53138852
1.51318991
1.91353333
1.98096144
0.02718757
2.68540692
-3.99794722
2.14160228
-0.86177540
2.36706996
2.35105705
2.35783267
-1.35663366
1.89272630
2.49515319
-0.76675075
1.77020216
1.86578107
-0.56344169
2.02345657
2.15244532
2.25360107
2.07275009
1.69698131
2.47906756
1.98350155
-0.95251280
1.81483316
-0.29069421
-0.45356816
-1.37349045
2.53994656
1.71570003
-0.51198167
-0.41515291
-0.69525862
2.62528920
-0.48206353
-0.47660646
1.97008479
-0.40670559
-1.00729561
-1.14910305
-1.01911616
-0.91860467
2.18823624
2.66625762
1.69642735
-0.08057427
1.80805659
2.25277233
-0.53254777
-0.59794438
1.88241076
2.35309029
2.08487797
2.17049909
2.97009325
2.44526434
-0.60540640
2.47517061
1.64403176
2.52703643
-0.75294620
2.35792780
2.03181386
2.25000930
2.83279443
1.34831834
-0.86852992
-1.72849834
2.07628179
1.85680366
2.25208235
2.04764152
-0.96039778
-1.30745935
2.00554514
11.09126949
1.78202415
1.55256140
1.58463979
2.27174211
2.09112310
2.01328278
1.34969914
2.61445951
1.91680086
2.31382751
-0.62935543
-0.43172896
2.24930501
2.29355049
-4.68001461
2.04299879
1.87065494
1.92531466
-0.89952773
-0.86485183
-0.67852795
1.55118895
2.63988066
2.55856514
2.15626717
-2.17695665
2.20429134
2.29250312
1.19967449
2.57053494
2.19789982
2.27158689
2.37785053
-0.73165417
-0.29951495
1.27980959
1.88958728
-0.30062479
2.17772841
-0.52947670
2.66618896
-0.16399796
2.05744696
2.12104607
2.03475142
-1.38013697
2.71802044
1.92309439
2.22421408
2.43877006
-0.54313648
2.54695392
8.21295357
-2.02552867
-5.12125540
2.32784939
1.57589912
2.58560729
2.51052833
2.01733375
-0.58578622
1.88726616
2.80402422
1.86412144
-2.01950526
1.93612421
-0.98820025
1.67263412
2.45309162
-0.35506642
-1.10052907
2.26994681
1.05526829
-0.82315952
-5.79993725
-4.76186848
2.16533589
2.10473943
-0.41306430
-0.68317497
-0.62253863
2.41084981
2.17189741
2.79933739
2.33585382
2.18786216
1.98626304
1.87804639
-0.67040342
2.52158356
2.53738737
-0.27653080
1.80999959
-5.30078459
1.94754171
-0.62904233
2.57524753
1.60890400
2.45826101
2.41967058
-1.39239573
-1.15892100
1.82596803
1.89717019
2.39732099
-1.60441720
-0.66695291
2.43731618
-1.97670877
2.15236378
2.18898964
2.11703944
1.99907374
-0.46531567
-1.44946110
-0.33966187
-0.37428120
2.09844851
2.41325164
1.86948228
1.64593935
-0.67981333
-0.66463536
1.54455149
1.70141053
2.77662420
-0.82816952
2.18022490
-4.99707508
-0.32734472
1.76933455
-7.36738014
2.51155543
1.82812154
-6.26009703
-1.27606797
2.50022697
2.22274280
1.87599063
2.04398227
-4.47998571
-5.66614819
1.66879690
2.03712893
-0.33064693
-0.60806805
-0.69504583
1.88521063
2.71255732
-6.27235603
2.49325800
-0.52494180
-1.60442472
1.61789298
2.04882836
1.59804940
1.84301674
0.13117203
-0.93863332
2.47397828
1.84167719
2.28446245
2.17516828
1.02855861
-0.34823292
1.85444772
-0.97610927
1.94563019
2.35221338
2.43337274
1.59015012
1.95109153
1.22830558
2.11962295
1.75003183
2.18035507
-0.63910866
2.37975478
1.75024354
2.47934747
1.84009290
-0.62882477
-6.20591402
-0.40748686
2.30224466
1.77055776
5.04920673
-0.91741997
2.16925383
-1.68600023
1.87064791
-0.45503536
2.56567311
1.97284520
-0.62627095
-2.33476853
1.60180569
2.12660742
-0.55074286
2.03712082
-0.40501875
2.01101375
-1.23920679
2.14125228
1.78046620
1.90933836
1.96333766
-0.52216661
1.98802185
-0.44260433
-0.68686539
1.85219395
-5.02539730
1.99600494
1.35189569
-1.26945031
2.20187020
-1.14850867
-0.84540939
2.52678347
0.15304939
-0.58928287
1.36481118
1.91156507
1.71031547
-7.70061541
2.39786863
1.62160945
-4.88879156
1.85986769
2.60332322
1.88488531
1.98891521
2.37565303
-1.10516822
1.65448749
-4.97806978
-1.23898399
2.42042732
2.13316393
1.09807909
1.65314198
2.35078597
2.38893461
2.21715951
2.19359136
2.58902049
2.20944023
2.06030011
2.16528535
-0.83167827
1.56568301
-1.67777765
1.82847488
1.68298078
-1.47056508
1.90207267
-0.41385970
4.06405258
2.31449771
1.65567553
-1.15812600
1.55241990
2.03860259
-1.41065598
2.69500351
2.22147441
2.42341995
2.17677641
1.32012737
-0.61593729
2.31823564
1.60905993
-0.71774304
1.95270836
2.22254968
1.44797432
1.81354868
-0.19777408
1.99940348
1.59910238
1.97180045
2.29604173
2.07569432
2.38088179
1.91351771
-0.72230041
-0.32947779
2.08019400
-0.48449180
1.89652705
2.25901461
2.98235536
-1.74981511
2.01154494
2.27984190
1.67070711
-0.42400840
1.63358140
1.47608697
1.82819474
1.98940074
2.09856820
-3.78753710
-1.55817556
2.17026114
-2.29894829
-2.91804695
-0.75139672
2.11404729
-0.55245900
1.40923440
-0.63355631
-0.77693874
-0.44791502
2.16699052
1.98147082
2.64516401
-0.47240135
2.43002915
-2.84457898
-0.90720332
-0.38273811
2.25101900
-0.87340319
2.39016128
2.25159907
-0.95049959
2.64051437
2.23574162
1.85090637
-4.37968683
-0.19703601
-0.57024693
1.79916561
2.06275296
2.34533215
-1.81566954
1.64836788
-1.46517742
2.86433935
1.25113571
2.04340553
2.34049463
2.01028442
2.06117749
2.22206259
1.89039767
2.47219896
-3.58532977
1.99571240
1.49201250
-1.32201576
2.18673110
-0.39123517
1.73866248
3.47668314
2.22450542
2.17732859
-1.08972561
-1.11725557
2.67013979
2.25081921
2.50696993
-2.52479315
2.06636095
2.38674688
2.34464717
-0.55626392
-1.70607460
2.02596593
1.52353096
1.86782801
2.22818971
2.25494456
1.84038758
2.35756969
1.95755565
3.22975111
-0.27392879
-0.47286552
2.05144978
0.43220025
2.40880299
1.14022875
-0.81693667
1.74030912
1.95758808
-0.88264149
2.26883078
1.79522741
1.70329070
-1.31055200
2.64360428
1.37861574
-0.37173638
2.39283538
-0.30671540
-1.92550433
2.35935187
2.09359741
2.27659535
2.41128874
1.73972178
1.29454732
1.57543373
1.07898760
2.30221701
-0.38610759
2.41264701
-1.78422523
-1.53643870
2.18858457
2.23035359
-0.65688229
1.77383339
-4.35073519
3.96563625
2.05797768
0.08569529
2.25073600
2.26091194
2.33066773
2.05788517
-1.47148550
2.29111218
3.56501985
1.54803121
2.24078798
2.03051734
-0.33754799
-6.58426237
2.67651176
-0.59840697
2.51037216
-0.41787857
2.60323668
2.43197656
1.55792010
1.66651189
-1.40878332
-2.25899529
2.95109200
-0.58348018
-2.33229256
3.47430444
2.40386772
2.92306828
2.98972988
-0.34650317
3.18286753
0.03013604
2.71086049
3.21368361
-3.40817118
-0.59631240
2.89660859
3.36754823
-0.74862057
3.46033359
2.31534553
1.96539116
2.83793235
2.86445165
-1.95315218
-4.14858150
-5.06438303
-0.75657034
-0.51409090
2.17115021
2.58716249
2.93396139
2.18149424
-0.91523975
-0.63464183
2.75197911
-0.45047459
-1.60184729
2.55834699
2.79733968
2.81513405
2.64377236
-1.25397766
-0.43992892
-0.56006187
-1.60544467
2.50255156
2.71456051
2.68913174
2.72227407
-2.17113757
-0.66963536
-0.52548414
3.30929899
2.91074419
1.92409027
-0.86153877
2.60554481
3.43863797
3.15563178
2.42944908
-1.05818641
3.04193950
-1.28222334
-3.32557178
2.47231674
3.25723886
2.91699266
2.66485143
3.13904762
2.36633229
2.24922967
2.65460467
2.63029599
-1.83155835
2.89340734
-4.32738495
2.95957494
-0.81402725
-4.72178507
2.49592447
2.61344028
3.03743076
1.59002781
3.30794358
3.32307005
-1.39834249
3.04170942
2.39167643
2.30228853
2.60024238
3.25173259
2.73817301
2.51586413
-1.86758852
-5.83090734
2.54838967
2.99331975
-1.91983664
-1.06640005
2.93264174
3.46385574
-0.95070404
0.09983247
2.89659858
2.69782591
-1.79834533
2.48219061
-1.38348401
-0.50060737
3.92630959
-2.27394319
-0.65638506
-6.58074188
2.33145857
-0.55176955
2.85263467
3.47841072
-4.41135788
3.10307121
3.08169556
-0.55072123
2.66772580
-1.15563738
-4.14565182
1.06507874
-2.35068631
2.80324149
-1.22307479
3.38099504
3.54051471
-0.68499005
2.92209768
1.85974157
-3.24875212
-0.29254347
1.43638682
2.71692729
-0.05425676
3.10320425
2.56920528
-0.51802188
2.76337457
2.92847252
-0.91635913
3.41922021
2.17278957
-0.54859048
1.07796490
3.23289275
-1.00374746
2.16185522
2.52027917
3.34484601
2.06212711
2.70788312
2.57974982
0.02186543
3.71665883
-11.21875477
3.05848026
-1.13587320
3.05508113
3.09604120
3.21897197
-1.90038967
2.68283129
3.61096859
-1.00837839
2.56731796
2.65845037
-0.68468010
2.71369219
2.70832491
3.02573729
2.53144979
2.25767708
3.26360202
2.59682703
-1.29693973
2.44032073
-0.41302654
-0.69646829
-1.90402007
3.45177722
2.39957190
-0.72719371
-0.60557026
-0.89322048
3.50097871
-0.60939187
-0.61367369
2.60902858
-0.47899640
-1.41558146
-1.49265862
-1.46246815
-1.32741046
3.04206228
3.60408187
2.31988072
-0.19013011
2.60972333
3.13895917
-0.83810920
-0.86459154
2.57782936
3.20837426
2.83525300
3.13623667
3.80975914
3.28014803
-0.77790236
3.29165649
2.23091364
3.48227382
-0.97876704
3.02811360
2.85716438
3.16539049
3.59378910
-1.00345004
-1.17251706
-2.46723676
2.95862985
2.56450868
2.99190521
2.74942088
-1.30535078
-1.75919378
2.59358406
-1.05986774
2.47168303
1.99456441
2.07703114
2.87021875
2.87541938
2.87280416
2.01324940
3.48970222
2.67669034
3.11814332
-0.99998254
-0.61336815
2.95478368
2.90911245
-11.67062855
2.86911845
2.51005650
2.51936269
-1.26838851
-1.21440506
-0.56755424
1.92870748
3.46090531
3.51603341
2.77053213
-3.06684065
2.91024399
3.01276112
1.66394699
3.51694751
3.01836348
2.92443371
3.29931974
-1.05351341
-0.43340635
1.77310491
2.57200623
-0.42981324
2.92215967
-0.72577173
3.61723781
-0.21674430
2.63935852
2.93442535
2.77506495
-2.07947326
3.47566605
2.68745399
3.13985443
3.11043119
-0.74131560
3.63845873
-3.31875372
-2.78002095
-6.47548771
3.16696715
1.90593088
3.56049299
3.37946820
2.71400285
-0.78363687
2.75249362
3.69541788
-0.89965826
-2.66550803
2.62082577
-1.52157831
2.30084872
3.23189187
-0.50002158
-1.61838353
3.04356885
1.35829735
-1.05517924
-7.87537479
1.22687066
2.91026807
2.73294950
-0.18930963
-0.95063943
-0.79924703
3.26009440
3.04352260
3.66845179
3.20355916
2.92366481
2.60027695
2.59029365
-0.97210640
3.48594308
3.37389708
-0.38648114
2.28919721
-6.75099230
2.59815645
2.71181726
3.63888979
2.05196667
3.43121409
3.32639122
-2.13790727
-1.51637316
2.44783831
2.41663837
3.08553052
-2.24351335
-0.98189998
3.22340655
-2.62328100
2.86485529
3.03716087
2.73859668
2.72774887
-0.69242054
-2.01666594
-0.47983593
-0.53984016
2.94021606
3.35896587
2.51311183
2.15796542
-1.01079082
-0.93555987
2.13327050
2.35580850
3.76554394
-1.14037633
2.96306610
-6.26328373
-0.46376923
2.32160997
-9.33826351
3.22159195
2.27410889
-8.02684784
-1.85442805
3.32233834
3.07819867
2.42264628
2.56694627
-4.58412266
-6.53697443
2.25825191
2.58352542
-0.45538554
-0.86256135
-1.06571364
2.67774749
3.55054951
-7.90702248
3.33476067
-0.71187836
-2.14317966
2.20141792
2.68223286
2.10686779
2.51126337
0.05615791
-1.30488443
3.15484095
2.48238850
3.13150549
3.15645027
1.16023195
-0.49176121
2.54084277
-1.32016361
2.53846598
3.13911653
3.13652515
2.12081075
2.86340427
1.74665201
2.84825730
2.40540862
2.96646428
-0.63774920
3.20432878
2.43504739
3.34773850
2.55786538
-0.83533120
-8.77170563
-0.57463562
3.02269721
2.49316669
-1.36514008
-1.18049264
3.00320840
-2.40875840
2.55024552
-0.62498683
3.52044702
2.53431845
-0.74913895
-3.71490407
2.26028752
2.92039037
-0.70052928
2.79436302
-0.57459080
2.62373662
-1.66749513
2.82458663
2.35654497
2.57942605
2.73113370
-0.72352177
2.71907210
-0.45570520
-0.97219402
2.49494123
-6.49661207
2.61100125
1.77916718
-1.98044848
2.91017699
-1.47548831
-1.10788059
3.39748573
-8.07569981
-0.82300192
1.70076358
2.58844733
2.35323262
2.67625856
3.20042419
2.40854979
-7.09579039
2.50558209
3.37513161
2.38731909
2.62794065
3.17792988
-1.55579209
2.37268019
-5.30361605
-1.76495063
3.29422784
2.83413386
1.39737439
2.24601388
3.17343116
3.27833772
2.58445358
3.03067756
3.39410377
3.04434657
2.73399568
2.90979075
-1.24586260
2.10632157
-2.23204470
2.41769028
2.31068635
-2.06580448
2.48790646
-0.47424239
3.63761377
3.06354332
2.18161559
-1.71455908
2.01221991
2.87923837
-2.16438150
3.47504997
3.00329280
3.14195728
2.93453956
1.78367186
-0.85880852
3.14099097
2.26199412
-0.86658221
1.97817636
3.01012135
2.04433918
2.53844333
-0.26489481
2.83057642
2.19048977
3.00178242
3.07778978
2.74041080
3.17818856
2.80998969
-1.03358281
-0.43092501
2.60312605
-0.62316114
2.75569105
2.95456433
3.90565729
-2.32475495
2.77363420
3.10412741
2.30293798
-0.53606695
2.18767357
2.01390696
2.53853345
2.62888050
2.91944671
-5.13070583
-2.08992481
2.79939222
-3.32844949
-3.63999414
-1.06609285
2.98274040
-0.71660948
1.91261423
-0.81852043
-1.09214365
-0.49425125
2.73134422
2.63232160
3.50635791
-0.69617260
2.83356667
-4.19047689
-1.26855230
-0.44346014
3.00857091
-1.01389611
3.16441631
3.11107016
-1.39259505
3.47400689
3.09886217
2.46353412
2.46015286
-0.31147575
-0.52833086
2.31916428
2.61032605
3.22855878
-2.47781062
2.36073542
-2.00277972
3.80126953
1.91813385
2.79466629
3.04523706
2.73473811
2.79082251
3.23322535
2.64233899
3.06065464
-4.82118177
2.81620049
2.08279872
0.16571048
2.97138548
-0.47841999
2.33568668
4.19489241
3.14628291
2.94718981
-1.62374651
-1.46864748
3.30393577
3.00705457
3.23737288
-3.32047367
2.88631010
3.30388308
3.14551449
-0.53436935
-2.40143728
2.91066575
2.01952672
2.51460552
2.98316431
2.90607047
2.64246821
3.18143129
2.65569258
4.08736801
-0.41041973
-0.48405823
2.88586640
0.97686100
3.16554213
6.25485373
-0.97814125
2.47106028
2.75409579
-1.06512940
3.01588964
2.30642486
2.18729925
-1.64203143
3.62386584
1.90317070
-0.51292831
3.23408604
-0.46303636
-2.72580123
3.05981708
2.69173050
2.99728465
3.21158504
2.28778410
1.73429620
2.26065040
1.43426776
2.85393596
-0.50176597
3.11417270
-2.23979735
-2.15824056
2.89439273
2.92290902
-0.86267656
2.37782788
-5.97984314
-18.97542000
2.86392808
-0.19390695
3.08363318
3.08835864
3.06125140
-14.31026363
-2.12300730
3.00597358
4.63073587
2.10576773
2.85906172
2.97716308
-0.49897364
-7.36652565
3.50758696
-0.86577004
3.33422780
-0.79400527
3.44648170
3.29068017
2.30272126
2.11802053
-2.03262305
-3.09957147
1.25673497
-0.38695019
-1.18892705
1.44634736
1.10039544
1.15775001
1.65055406
-0.12350021
1.42712939
0.00296173
1.30998969
1.53502297
-1.67187417
-0.27407053
1.48745215
1.74326813
-0.38868314
1.51206493
1.00252938
0.87348098
1.35070074
1.12176108
-0.91483468
-2.25952148
-2.17002034
-0.33170766
-0.24064891
1.05079520
1.27144229
1.36601746
0.99436909
-0.43873981
-0.29080585
1.11362553
-0.28680494
-0.72690731
1.16475546
1.32627761
1.25357628
1.00624776
-0.69322330
-0.21272422
-0.31533360
1.73484945
1.04271483
1.30102110
1.30070448
1.31856227
-1.13201916
-0.25925374
-0.26623198
1.48958385
1.42823803
0.91863489
-0.39167660
1.40306199
1.55334115
1.48887014
1.01671362
-0.60202444
1.41443086
-0.59363258
-1.88458359
1.00124478
1.47166824
1.39113927
1.10650802
1.53029442
1.20755267
0.99706435
1.18947613
1.32925642
-0.89090157
1.28678107
-2.30413723
1.41537023
-0.65922207
-1.41075265
1.22473526
1.18056154
1.32099223
0.73185217
1.41233850
1.69097519
-0.61776644
1.32254779
1.01510906
1.11836171
1.18849564
1.36522603
1.20848072
0.96382850
-0.88977325
-2.87224793
1.12235010
1.19310331
-0.87847358
-0.51361704
1.34490192
1.50318801
-0.73196012
0.07484878
1.28163886
1.18583381
-0.81483412
1.00255430
-0.69224513
-0.21152227
1.76595175
-1.19224322
-0.31099203
-2.46050286
1.09056306
-0.25232431
1.21004415
1.59620273
-2.49442387
1.42763698
1.39884055
-0.33575076
1.24467123
-0.69245869
-2.46683383
0.45839450
-1.19417191
1.08973706
-0.48381078
1.49949789
1.55715752
-0.28997838
1.25452876
0.68562359
-1.50619733
-0.13360387
-0.75923437
1.17264426
0.02721822
1.49511576
1.14590728
-0.23738456
1.19190407
1.32089269
-0.70861977
1.42615938
1.06139314
-0.30211025
2.40319633
1.48751271
-0.55339122
0.83163345
1.26630557
1.40612626
0.84997642
1.26997697
1.15400755
0.01997112
1.78097260
-3.14685559
1.45089746
-0.60371840
1.25847149
1.43551350
1.34415650
-0.76168972
1.25942183
1.71282399
-0.42848352
1.09214985
1.21228516
-0.38644576
1.28912890
1.33016312
1.07032323
1.40048897
1.02557564
1.46164620
1.22192073
-0.59739035
1.05589163
-0.20005165
-0.25077772
-0.87711978
1.45249093
1.16921079
-0.31694925
-0.29006404
-0.52082676
1.51778948
-0.31336001
-0.29237023
1.21351695
-0.25541902
-0.70564336
-0.81953740
-0.72187924
-0.79642713
1.41624582
1.52535224
0.96410161
0.00820046
1.18682623
1.38294280
-0.42444271
-0.36521953
0.95612246
1.48425663
1.41672575
1.28813076
1.49543440
1.47912073
-0.42284283
1.38903964
0.94755173
1.76064467
-0.54338080
1.21021414
1.33846867
1.30394065
1.70705760
-1.31850827
-0.51032096
-1.08300698
1.32823253
1.11736751
1.34183145
1.31245255
-0.52320695
-0.96778321
1.07592034
-10.19176579
1.02462721
0.89903718
1.03278434
1.27902174
1.33232868
1.26811552
0.98062092
1.74726045
1.20535302
1.31939566
-0.36633018
-0.28437656
1.37687480
1.27137530
-0.18037800
1.37476623
1.31873405
1.11824012
-0.66646582
-0.72338212
-0.57285577
0.79012311
1.59115183
1.65753269
1.39993072
-1.40560174
1.28921986
1.37783527
0.70791632
1.64596403
1.44932234
1.26572573
1.39103377
-0.49072981
-0.19490947
0.88330179
1.08486974
-0.21104427
1.29843259
-0.40628859
1.70403147
-0.04890047
1.32216346
1.23151529
1.03521657
-0.95900041
1.59360361
1.06951213
1.29262912
1.20486546
-0.43806413
1.60796142
-10.70587540
-1.16598308
-3.14497399
1.30806124
0.33636951
1.42661917
1.44506776
1.29300296
-0.33336586
1.16098738
1.73417342
-1.28291273
-1.34545267
1.16649544
-0.74594414
1.11341727
1.39467692
-0.31902054
-0.70950705
1.20295668
0.39202833
-0.54152715
-2.50610471
2.67470074
1.24371397
1.27475798
0.09174246
-0.46436551
-0.32545796
1.25584054
1.55573821
1.74812984
1.23836625
1.28277361
1.12532437
1.13125741
-0.51969963
1.48994708
1.46679425
-0.16893119
0.83704311
-2.64987087
1.26981294
-0.46551520
1.69602466
0.91451114
1.36770964
1.41642189
-1.16081131
-0.84929967
1.07408977
1.10358059
1.75570226
-1.04374635
-0.45444310
1.49520171
-1.26067114
1.41899204
1.37672210
1.20105362
1.15082061
-0.33244172
-0.94093978
-0.23090166
-0.25422734
1.29344189
1.43187940
1.14000404
1.00711298
-0.45859042
-0.43793079
0.92220736
1.10215533
1.60247016
-0.57673955
1.19035470
-2.39434624
-0.22624531
1.12184656
-4.25770235
1.40796280
1.13277388
-5.25312233
-0.82052130
1.27412295
1.48833203
1.03367496
1.15594518
-3.15827107
-2.00217366
1.06219864
1.23102319
-0.23288974
-0.41845593
-0.42202476
1.15320659
1.57136917
-4.60436344
1.51084006
-0.35789275
-1.01485229
1.06673765
0.92702615
0.84207404
1.16671085
0.04463482
-0.62175506
1.23263693
1.14084709
1.44697785
1.19049871
0.00671556
-0.25655076
1.36973178
-0.59843582
1.16386998
1.18453896
1.37747049
0.89894468
1.25728869
0.79723829
1.09074914
1.02847731
1.23628509
-0.58635193
1.52948618
1.03836358
1.54429829
1.03494310
-0.44949996
-4.88261271
-0.31426692
1.29212153
1.08140039
-14.07263374
-0.65749854
1.31836557
-1.21511662
1.30528152
-0.10665411
1.54479170
1.27562273
-0.38425934
-1.01464903
1.10802913
1.24394703
-0.46358028
1.23731542
-0.30329901
0.98957211
-0.86731255
1.15543270
1.07426584
1.17029512
1.09042907
-0.33468512
1.20014703
-0.28054413
-0.42723444
1.07297409
-4.02777004
0.99549872
1.05512476
-0.94131827
1.14242530
-0.63622350
-0.47580126
1.42950940
2.31185985
-0.36556947
0.59357452
1.16445577
1.02638841
4.14081383
1.19373083
1.11458683
-2.77781343
1.12739944
1.54515982
1.19054902
1.22637296
1.42747796
-0.82288927
1.18094885
-3.40886402
-0.85772753
1.44547451
1.40572643
0.65955883
1.06567109
1.19465768
1.60823882
1.44781208
1.41974115
1.64484930
1.25736964
1.23984241
1.31621039
-0.54245579
0.93441105
-1.40270150
1.09127653
0.98328400
-0.82727265
0.96040106
-0.24902442
0.30211031
1.52331221
0.94832069
-0.74059224
1.00193334
1.37211442
-0.98598647
1.37928843
1.18518531
1.10529435
1.37628269
0.88299489
-0.48903564
1.49155247
0.94814801
-0.56680048
1.82315886
1.09819686
1.01587451
1.09699225
-0.10173162
1.34356701
1.06690633
1.35300183
1.34709954
1.35224235
1.42875218
1.30434775
-0.49715754
-0.21812817
1.20066357
-0.28177834
1.29618537
1.30313611
1.51161098
-1.19367921
1.42829335
1.37770689
0.87965637
-0.21788684
0.91424865
0.95758623
1.13142014
1.17227805
1.26848400
-3.10287261
-0.85811853
1.48147500
-1.88157809
-1.74821138
-0.50651747
1.44111145
-0.39825308
0.78068697
-0.49484038
-0.45806080
-0.37572885
1.21145165
1.21774781
1.47552371
-0.32790959
1.19095790
-1.66154146
-0.53112972
-0.27608195
1.48732066
-0.69526815
1.45524669
1.34008932
-0.77998340
1.60665357
1.33999169
1.15369701
2.16650963
-0.12809716
-0.45495099
1.00156105
1.33894777
1.34748185
-1.27016079
0.96295273
-1.07058287
1.83332670
0.98001921
1.35135245
1.27121258
1.21146286
1.19051802
1.57767916
1.31884825
1.59744275
-1.95468986
1.55613065
0.94823349
1.00415254
1.27636576
-0.27064180
0.93994981
1.61799455
1.57718670
1.43287230
-0.81645030
-0.81241024
1.50215924
1.48100293
1.24495006
-1.45347130
1.32900202
1.67989922
1.20683420
-0.39519954
-1.04464400
1.40881741
0.92157739
1.24241841
1.33897865
1.53254831
1.05602098
1.64827287
1.07146645
1.63611531
-0.17783703
-0.34665981
1.28070295
0.76246095
1.45161295
-2.51346087
-0.63863450
1.23457348
1.23425722
-0.69584334
1.45359993
1.30853856
0.83179772
-0.62131459
1.31876981
0.87495041
-0.30281115
1.25520408
-0.21069106
-1.32819116
1.30848873
1.02019596
1.32617247
1.40149403
1.00372088
0.75396824
0.93516988
0.58169538
1.37519956
-0.23282878
1.22526050
-0.94338936
-1.11314237
1.46306062
1.45926142
-0.45090017
0.98548514
-2.41658998
7.16602945
1.38134003
0.09119257
1.36722457
1.34332383
1.17086804
3.05614209
-1.12024176
1.51211703
2.98685884
0.73374707
1.35075760
1.52357304
-0.22862019
-3.18180203
1.48137009
-0.44612733
1.46467006
-0.24607554
1.29980731
1.46940494
1.17641759
1.01882696
-1.03761601
-1.40485823
1.02773309
-0.32469854
-0.83538532
0.95450872
1.13311875
1.13865530
1.50060546
-0.09587393
1.21850991
-1.91400564
0.99919885
1.34956241
-1.20903039
-0.23989381
0.73845303
1.39489675
-0.29039684
1.11074328
0.67664891
0.54676777
1.07474840
1.01377666
-0.63776004
-1.74869847
-3.14189577
-0.51159537
-0.18696217
0.73641628
0.56380308
0.98695874
1.04084778
-0.32656533
-0.29409528
1.21935010
-0.33756950
-0.57683790
0.97023094
1.11830771
0.78243935
1.05411470
-0.52629286
-0.18117629
-0.25206086
-5.68557882
1.01403296
1.40505981
0.98520112
1.03161991
-0.73040032
-0.31152806
-0.21656446
0.91226870
1.13346493
0.62216634
-0.34125724
1.18872523
1.23027968
1.15424883
0.78612715
-0.52758652
0.94647670
-0.44133359
-1.85108042
1.01807797
1.17620063
1.01706660
0.78289568
1.10409069
0.86799234
0.92716271
1.10449302
0.74235874
-0.63961202
1.31964993
0.17669161
0.76297027
-0.49763283
-1.08311093
0.87247515
0.98395663
1.07811594
0.60171068
1.26188195
1.51180100
-0.45026562
1.12320471
0.95513809
0.87262291
0.90999103
1.08957183
0.94929290
0.87864894
-0.58722681
-2.27075839
0.80626243
1.07873356
-0.71300572
-0.40279317
1.11456001
1.09777105
-0.52301109
0.61059743
1.06562972
0.88003916
-0.67472047
0.80388761
-0.45186788
-0.19712839
1.46214342
-0.84076124
-0.20306151
-2.98992538
0.73776048
-0.19728541
1.09230006
1.17493916
-1.40714347
1.06591356
0.93980622
-0.30102402
1.08141816
-0.45889178
-2.21786141
-0.56007832
-0.67664278
0.99189878
-0.49707946
1.23159969
1.28111327
-0.20406149
1.05571568
0.65203798
-1.35529709
-0.11763165
-0.07736342
0.95334047
-1.05815256
1.04938293
0.68110758
-0.17234358
1.10817742
1.37451577
1.05050027
1.19528294
0.78581822
-0.38755915
-2.13024354
1.10122240
-0.34043568
0.69735652
0.98300976
1.20236111
0.60155755
0.57888418
1.17224538
0.31854525
1.36893344
-1.84963012
0.81290799
-0.43689135
1.10042036
1.34868252
0.78684628
-0.80519205
0.97381157
1.11246145
-0.30676618
0.86972392
0.99529928
-0.03259328
0.83363885
1.03822398
1.02434480
1.13203144
0.94731742
1.26125240
1.30473626
-0.47854945
1.04411340
-0.15455920
-0.11515874
-0.71648324
1.10893917
0.77376574
-0.23609100
-0.20341434
-0.39410815
0.96345019
-0.23650742
-0.20623472
1.04706514
-0.16380075
-0.56693101
-0.56887972
-0.56693101
-0.72514915
1.25605345
1.07555842
0.89982432
-0.35106844
0.63284177
1.02376914
-0.25631571
-0.28397653
0.74856728
1.64912009
1.06500125
0.94717550
1.35702050
1.27993834
-0.30594474
1.02425730
0.67357206
1.21506047
-0.44157368
1.23732650
0.89748913
1.19231403
1.54327309
0.93126637
-0.44289666
-0.85562748
1.35828948
0.93281937
1.23872566
0.94585955
-0.44578242
-0.76506567
0.93049479
4.83428907
0.88517034
0.85715336
0.41246226
1.06521738
1.03420389
1.02371097
0.26078025
1.41741443
0.92826903
0.99016351
-0.29192129
-0.29232863
1.20629752
1.08024764
1.81853068
0.83300513
0.99015176
0.93960816
-0.40360993
-0.50039357
-0.61544418
0.84335023
1.06320047
1.46727514
1.22194827
-1.03829038
1.13641965
0.98288155
0.77890193
0.85080177
1.20283449
1.17213953
1.03507948
-0.33327073
-0.12597406
0.67945224
0.69584525
-0.14746115
1.29499245
-0.34088957
1.09453881
0.68686467
1.02071750
1.06945837
0.91107529
-0.66656744
1.38400161
0.97306371
0.69448525
1.19288635
-0.31597915
1.39011931
5.26712179
-0.73037249
-3.07827568
1.51629472
0.63155073
1.09109259
1.31774580
1.08620524
-0.14375895
0.90767694
1.33828855
1.28008687
-0.89275128
1.22607291
-0.52305007
0.73464602
1.20998394
-0.20898552
-0.64743102
1.03934658
2.02369571
-0.46405339
-2.24314260
-3.53277659
1.02687442
1.02706003
-0.06117043
-0.33036062
-0.29010743
0.90359271
1.18089879
1.39872420
0.99309582
1.18521476
0.88563508
1.12198162
-0.37538034
1.62731838
1.17037606
-0.13840127
0.78177780
-2.93107247
1.02799082
-0.91618371
1.02058148
0.73221344
1.18422604
1.21850586
-0.77635294
-1.29646575
0.86543864
1.03588820
-2.78017235
-0.98489577
-0.39556232
1.19350886
-1.00152504
1.09139335
1.10105574
0.93165505
1.00425935
-0.26007101
-0.77338487
-0.21840355
-0.17019992
0.96904171
1.18403411
0.89225632
0.94151157
-0.36047927
-0.35671183
0.72526515
0.43278271
1.42460299
-0.44884026
0.90973049
-2.23525667
-0.16526407
0.91118354
-3.25760436
1.13330841
1.00467253
-3.64099121
-0.65204352
1.23040223
1.17640328
0.36709806
0.84773338
-2.40818238
-1.87988412
0.74905980
1.04172635
-0.15917262
-0.27801356
-0.33725962
0.90249348
1.41866755
-3.65551686
1.29063308
-0.27315268
-0.98918486
0.61454821
0.89345545
0.85434657
0.84042132
-0.40898427
-0.40512738
1.13739097
0.89973104
1.49684644
1.15297627
-0.73788363
-0.17765100
1.17753577
-0.47571075
1.32080007
1.25141835
1.11592042
0.76465029
0.84437948
0.62465578
0.89309281
0.85159475
1.09530878
-0.31382933
1.42851603
0.64572275
1.26475620
1.00288033
-0.30082008
-2.68076873
-0.19738515
1.03544521
0.78234679
3.93823743
-0.43625617
0.89655602
-0.88211048
0.79238969
-0.85353059
0.91773081
1.10247028
-0.21501479
-1.12049055
0.81316763
1.00714886
-0.43933797
1.02771068
-0.21444803
0.72571480
-0.68215078
0.95455337
0.83443636
0.94619715
0.88129574
-0.24359982
0.88683820
-0.17581272
-0.40646484
0.97407103
-2.73559809
0.82383603
0.83806902
-0.61243540
0.89728737
-0.50786436
-0.36978352
1.21981835
2.68704295
-0.31064397
0.61633223
1.05497050
0.75042510
-5.00639105
0.96056306
0.73767883
-0.94901246
0.80967432
1.02830756
1.00236225
1.04725707
0.90766114
-0.66137707
1.15241754
-4.46931028
-0.60023612
1.18200910
1.19894588
-0.24906063
0.52096111
1.15691805
1.34371424
1.04996276
1.14326501
1.56523204
1.07523203
0.94758028
1.00483668
-0.41359454
0.85072702
-0.85195774
0.82392985
0.70196098
-0.80181891
0.80346996
-0.22752704
1.78737700
0.97478282
0.51954764
-0.67992079
0.75840759
1.13323069
-0.70449418
1.21967328
1.03156042
1.11192083
1.03534675
0.70464885
-0.31355917
0.88639337
0.69293922
-0.37066263
0.15077800
1.06855190
0.74502689
0.95506209
-0.10257091
0.87344211
1.14524007
0.98734379
1.12079751
1.24542224
1.15838778
0.94941872
-0.08644768
-0.20036937
0.94916928
-0.25744078
0.81980568
1.00175679
1.26930189
-1.04339302
0.98082173
1.12018740
0.41057426
-5.80664492
0.95718718
0.88702273
0.98391759
1.02540171
1.22226000
-1.25082493
-1.00089872
1.05286467
-1.38760340
-1.62197304
-0.28164348
1.12122703
-0.31366912
0.59734452
-0.35830751
-0.37707767
-0.22762150
1.12543285
1.07143831
1.21268511
-0.28549474
1.16932356
-1.27136254
-0.32056832
-0.21340397
1.25044811
-0.55605716
1.23384118
1.04896927
-0.53244430
1.36971116
0.85008550
0.95299566
1.32330191
-0.07440699
-0.33795074
0.99695718
0.91547823
1.11069882
-0.90331966
-0.00327017
-0.77706659
1.39785695
0.60191947
0.90165675
0.80808008
1.09621394
1.07425988
0.93827337
1.05913913
1.14305556
-1.32007408
0.97758174
0.72923398
-0.83215070
0.86415577
-0.21386211
0.79017258
1.23682356
1.59732485
1.33741164
-0.51770997
-0.68204409
1.35648072
1.08888447
1.18443811
-1.08694386
1.32735491
1.10166132
1.08844733
-0.29878482
-0.81255186
0.98689550
0.72786987
1.10758829
0.72602683
1.20140469
0.90446717
1.24128699
1.16324222
1.47415459
-0.12845197
-0.28599164
1.04704702
3.70912051
1.23793280
0.59105599
-0.47820818
0.77767229
1.02487946
-0.48202491
1.12337148
0.96526945
0.80654305
-0.55986416
0.91488087
0.19690621
-0.18763337
1.05390239
-0.14657401
-0.89997280
1.13185573
0.83410937
1.19981551
1.09251690
0.76277977
0.18899913
0.66475493
0.57580596
1.32611346
-0.19582953
1.10864007
-2.11735725
-0.76848859
1.16301203
1.20766199
-0.32485071
0.83669269
-1.40793872
4.13177109
1.05424261
-2.51304960
1.13153195
0.99844694
1.10542393
0.69185394
-0.88576514
1.25412202
2.48230433
0.81348038
0.87645233
1.08726668
-0.15637243
-3.54223895
1.03337252
-0.32247570
1.27969122
-0.16468291
1.15079200
1.20730782
0.79037148
0.96823257
-0.71818513
-1.21228969
1.37369061
-0.42893106
-1.09891939
1.37692285
1.45542228
1.48622131
1.99274492
-0.12662566
1.61634767
-2.74668550
1.31480944
1.74261510
-1.71838450
-0.33108991
1.16182876
1.75689256
-0.38838890
1.57701814
1.05948555
0.69563949
1.38366187
1.26746035
-0.88850296
-2.19377208
-3.91888738
-0.54986572
-0.26166767
1.02524841
0.95893002
1.25645816
1.35828435
-0.47658026
-0.36187342
1.48337364
-0.38651666
-0.77958834
1.29300320
1.51546335
1.10032046
1.22082365
-0.82007343
-0.24658141
-0.33291844
3.10005069
1.21406674
1.94635177
1.29808593
1.38412392
-1.05439115
-0.39860299
-0.30186540
1.28292835
1.48138380
0.78530985
-0.47910234
1.61631644
1.66993880
1.58085334
1.05396748
-0.74232221
1.33869088
-0.59354103
-2.18703413
1.24613178
1.61061835
1.32011008
1.09103560
1.45798635
1.12722349
1.26037240
1.46359110
1.28797078
-0.98037463
1.68462431
-0.21135920
1.16205680
-0.66582292
-1.39967477
1.06926620
1.33298981
1.55672860
0.80359685
1.60967016
2.02792478
-0.59606177
1.41395247
1.24570906
1.26083827
1.23383617
1.42658210
1.28583789
1.15140963
-0.88848573
-2.98395967
1.15031898
1.26391900
-0.99515861
-0.56122106
1.56462038
1.45868289
-0.73601496
0.80297464
1.33595228
1.26328468
-0.91139787
1.07993686
-0.74912453
-0.27828416
1.90481496
-1.03156686
-0.32120681
-4.50489807
1.00203776
-0.29285565
1.26917040
1.65885186
-2.75518703
1.44600570
1.26914299
-0.40348607
1.43379033
-0.71040004
-2.68382668
-0.85731059
-1.09815586
1.25711775
-0.62965500
1.67394388
1.63404441
-0.32116392
1.37352896
0.92138124
-1.74124432
-0.15126450
0.58797359
1.25047076
-1.40740573
1.31157959
1.09482861
-0.27047160
1.49714339
1.91963530
-0.40305758
1.61846232
1.13730419
-0.47919789
0.86522847
1.56094503
-0.59229875
0.92269295
1.46186411
1.47679043
0.83498216
0.92890888
1.65394831
0.43854284
1.93004358
-5.10075855
1.16643155
-0.67702663
1.48394156
1.73868537
1.07244480
-1.13380051
1.24486756
1.66087425
-0.42197433
1.22549224
1.26892006
-0.06575343
1.22545314
1.24996936
1.45148218
1.39925921
1.17736781
1.59146857
1.68433356
-0.68708438
1.38157737
-0.20984145
-0.27063391
-0.97450233
1.54446685
1.11834204
-0.33725294
-0.32368049
-0.55010736
1.32185030
-0.29541108
-0.30908006
1.24692404
-0.26097381
-0.81750119
-0.79045093
-0.82838804
-1.03320849
1.67099643
1.51866639
1.19053686
-0.50772727
1.00878870
1.44088984
-0.43610355
-0.40546164
1.01801813
2.15577435
1.30405700
1.37640715
1.63034797
1.58786118
-0.42356211
1.30500722
0.81738544
1.73373556
-0.57611275
1.68800485
1.15316606
1.48209989
1.94998729
-0.49674156
-0.56643742
-1.20443094
1.80895472
1.22538733
1.73714983
1.30913281
-0.68886632
-1.04814112
1.18793607
-0.19613776
1.16027474
1.04912889
0.50962663
1.44184685
1.40119243
1.44113410
0.42963526
1.87687027
1.23423195
1.35801935
-0.46262175
-0.36959088
1.60761178
1.35485852
0.74112195
1.26270604
1.24606431
1.26527071
-0.61292082
-0.75240123
-0.71956092
1.01014078
1.43928337
1.89653635
1.54821765
-1.66516995
1.49744701
1.32079244
0.95825732
1.19222450
1.62286341
1.37527573
1.35814941
-0.43340254
-0.20079707
0.90347028
0.97233021
-0.21285148
1.61542916
-0.50736630
1.42281950
0.89424634
1.43033361
1.36886978
1.13960338
-0.98503017
1.80996680
1.25927305
1.13781142
1.44870567
-0.41687465
1.90381193
-0.84361970
-1.04597390
-3.12266445
1.98133278
0.76487923
1.52788377
1.89518201
1.38769221
-0.14688681
1.14624643
1.71984935
-0.64218342
-1.23436224
1.54045904
-0.69213861
1.08487427
1.72866511
-0.32153243
-0.96905684
1.16533685
2.79101896
-0.60852617
-2.53512144
0.61839378
1.26332712
1.32872295
0.22511254
-0.46238419
-0.39811513
1.10076737
1.49259460
1.89425623
1.32789290
1.74164414
1.23333204
1.57646358
-0.58843452
2.19500995
1.66730237
-0.21242152
1.00027072
-3.83568335
1.46176732
1.52903473
1.53813314
0.93139261
1.54095876
1.69942963
-1.11719358
-1.64992356
1.18140948
1.37995780
-2.63282657
-1.26731992
-0.59979588
1.60161710
-1.43427789
1.47756350
1.35207820
1.26498187
1.28006160
-0.36707863
-1.03563464
-0.28034908
-0.28573728
1.30519176
1.64003611
1.21132803
1.26979327
-0.54824847
-0.59931457
0.88200432
0.71147197
1.83093774
-0.63295138
1.25782657
-2.86217070
-0.26209241
1.22444594
-4.33834696
1.54897571
1.17625427
-4.26823616
-0.92250317
1.42500877
1.52369356
0.52242005
1.08606291
-2.39138031
-2.51570702
1.06368339
1.30347931
-0.23833536
-0.43325716
-0.46752745
1.22519517
1.80105042
-4.71566820
1.77942288
-0.38434833
-1.34016657
0.88343537
1.11242831
1.15718865
1.33976805
-0.61273074
-0.62287074
1.49323916
1.26131320
1.95931160
1.44146717
-1.67041254
-0.28148296
1.79885650
-0.64561486
1.80382502
1.71011579
1.50163865
0.99635333
1.21909833
0.90009296
1.16011071
1.16324914
1.48348093
-0.43391263
1.88991237
0.93540996
1.74595809
1.21650052
-0.43299326
-4.61569881
-0.33966783
1.43692923
1.13124931
-0.92875665
-0.66796070
1.27160239
-1.25173640
1.11597717
-1.10964906
1.28122056
1.52911472
-0.32030964
-1.54269588
1.16473341
1.41897333
-0.51752490
1.45209801
-0.30653712
0.97182626
-0.89957517
1.27073050
1.09109902
1.27106237
1.27369905
-0.40523180
1.27696085
-0.25742835
-0.55891317
1.29371452
-4.49639606
1.14543915
0.99212331
-0.96079528
1.13155007
-0.75144845
-0.65396994
1.68577993
1.76726425
-0.43115503
0.75721347
1.34624171
1.02128422
2.32437968
1.24817705
0.93520474
-1.79428434
1.22161067
1.26889455
1.29594457
1.38683677
1.30411720
-0.94452035
1.47839224
-5.33022833
-0.97942835
1.57684338
1.41723537
-0.37303558
0.83694071
1.53514469
1.64039207
1.23272741
1.59276938
1.94176328
1.53088117
1.23488593
1.29159820
-0.58670545
1.21084082
-1.26611507
1.06201494
0.95930278
-1.01130593
1.08565187
-0.29247877
0.71658486
1.31991243
0.74603117
-0.86590415
1.04509377
1.40973902
-0.99768859
1.60909808
1.41453791
1.43712318
1.51287723
0.91356212
-0.50276190
1.31853950
0.96358335
-0.60451907
0.56385326
1.36628056
1.02848649
1.29968083
-0.11567955
1.24314392
1.49508524
1.50264740
1.47841990
1.71701574
1.61374688
1.43508279
-0.24995023
-0.26856902
1.15989304
-0.34883198
1.16527557
1.37548494
1.65550888
-1.51965451
1.21920419
1.46668732
0.50143015
-7.66505909
1.11812401
1.21792352
1.29149592
1.43280935
1.51301575
-1.92725277
-1.21747732
1.42438328
-1.99397063
-1.87874937
-0.45143130
1.69251502
-0.41366053
0.77497703
-0.51920998
-0.47884926
-0.26156387
1.46113706
1.47024381
1.52597344
-0.34440169
1.38206851
-1.66730511
-0.45868307
-0.26122108
1.67583001
-0.75798392
1.58925080
1.47102058
-0.87968957
1.84059930
1.31600749
1.33732128
-1.85694611
-0.11597677
-0.34987125
1.32532847
1.13176751
1.53743351
-1.31082940
0.01963753
-1.11422074
1.95350242
0.83000726
1.24507189
1.04688907
1.55361843
1.48772991
1.32248259
1.42958534
1.42387629
-2.11972570
1.30083597
1.07489479
0.12730680
1.26565492
-0.29807982
1.04857767
1.63072872
2.07965016
1.66818631
-0.70266652
-0.90704238
1.61220527
1.49565744
1.48457825
-1.70430958
1.79119718
1.50060761
1.49074292
-0.31152406
-1.16063607
1.30883038
0.97909439
1.37863600
0.95138496
1.44605422
1.23330390
1.57382429
1.48629785
1.70806909
-0.18285787
-0.35590959
1.45712125
4.92799377
1.69885743
-2.06456900
-0.62126166
1.11486983
1.33058572
-0.59263396
1.49761629
1.51757932
0.94087064
-0.72943729
1.37594438
0.48753449
-0.28932604
1.43071520
-0.24664748
-1.33568740
1.52365696
1.07102394
1.51031101
1.46340096
1.14534342
0.24136676
1.02418411
0.74551243
1.60949898
-0.26198685
1.33369863
-2.50385904
-1.12481225
1.54740584
1.65611029
-0.45225492
1.16151869
-2.20655203
-9.50929356
1.45343912
-3.60895038
1.49584377
1.39688993
1.37433112
-8.48064899
-1.16544616
1.60741007
2.95638227
1.06796348
1.08840764
1.50169265
-0.23697628
-4.13811922
1.32668281
-0.48289636
1.59325850
-0.29879177
1.41177225
1.63182807
1.10068071
1.18856621
-1.04123175
-1.74807417
0.35313305
-0.17371464
-0.39541599
0.49521133
0.65752816
0.47654167
0.71890366
0.03176782
0.53591001
-1.14750838
0.51814568
0.89815146
-0.67128843
-0.10387027
0.60139060
0.65399241
-0.13576595
0.57810110
0.37679920
0.34770927
0.40842086
0.35402209
-0.48091963
-1.21334445
-1.65010500
-0.15770280
-0.06484821
0.40176550
0.39356107
0.45677546
0.64665186
-0.14581211
-0.18548520
0.62862521
-0.25380957
-0.23001541
0.53370559
0.66753167
0.48302510
0.04808961
-0.26192936
-0.13636139
-0.09671307
6.90570641
0.54351228
0.89118659
0.55305684
0.51257288
-0.27884254
-0.13414173
-0.10543027
0.56308472
0.56448680
0.37550682
-0.22954452
0.99979967
0.57460022
0.43376756
0.22144890
-0.27809381
0.39045954
-0.26614946
-0.41222122
0.48080379
0.73487031
0.46808177
0.44472477
0.55579913
0.51865989
0.56214982
0.53312886
0.62521088
-0.34842485
0.70961541
0.31287530
0.49328479
-0.13371921
0.28542465
0.32522547
0.55651075
0.52929306
0.35389635
0.65640205
0.86695588
-0.16763614
0.56320935
0.53530020
0.45769057
0.51631224
0.44356817
0.46083447
0.41325867
-0.32181516
-1.10492420
0.34038338
0.40407628
-0.46382779
-0.21291997
0.54508370
0.56360376
-0.35921377
0.33231658
0.60536039
0.40537557
-0.50843757
0.38002276
-0.29065642
-0.10791309
0.57688069
-0.38304907
-0.12198517
-1.60081291
0.35785961
-0.05976473
0.47945055
0.62146729
-0.56425071
0.75093931
0.50849885
-0.16241698
0.67956245
-0.32108331
-2.04386234
-0.39859664
-0.56376785
0.37347177
-0.20005268
0.50795019
0.43334609
-0.07798144
0.58785361
0.29187128
-0.57468426
-0.07209980
-0.25511485
0.41714412
-0.66565084
0.42636266
0.61640340
-0.10731139
0.50006127
0.94890779
-0.88703370
0.40428063
0.55953187
-0.23488048
1.76189148
0.48994392
-0.33036062
0.25527811
0.60489661
0.51296133
0.25208947
0.33292520
0.85010326
0.17617719
0.93844622
-1.46629763
0.41879645
-0.20723957
0.59570336
0.73845953
0.35263622
-0.32285312
0.57440621
0.75901890
-0.14126685
0.49669820
0.36485171
0.01018958
0.54979658
0.60636479
0.40864694
0.69689894
0.40504926
0.59049410
0.79706758
-0.25731584
0.65952182
-0.06085255
-0.06083918
-0.27952975
0.48010609
0.51934940
-0.10635412
-0.11000058
-0.18950568
0.41289508
-0.10670527
-0.12688686
0.50577039
-0.08723820
-0.27236053
-0.35090607
-0.31139344
-0.49041110
0.69538981
0.66155994
0.39158267
-0.18347982
0.43817651
0.65965396
-0.15686922
-0.17232662
0.38011685
1.09111977
0.56447256
0.35710296
0.50640821
0.53895956
-0.15263005
0.31014076
0.26631179
0.68761492
-0.30492109
0.55911404
0.53683120
0.64374369
0.83464211
-0.87583315
-0.16797213
-0.30333081
0.98220640
0.46023467
0.69683176
0.39494473
-0.34282285
-0.50147271
0.44396573
-4.70807362
0.47798523
0.45135686
0.22590916
0.56090778
0.55445594
0.56876516
0.32141694
0.73081040
0.48490489
0.49358699
-0.14776254
-0.11749609
0.75592017
0.50080562
1.86990631
0.47823724
0.53000844
0.43743315
-0.32629392
-0.34119153
-0.41097516
0.36197382
0.52280349
0.79152685
0.63708580
-0.46159449
0.74310231
0.43455881
0.42127985
0.42248562
0.76087302
0.44366062
0.41278270
-0.21156861
-0.04219057
0.39277521
0.27049008
-0.10399038
0.56396252
-0.22247633
0.52212650
0.42098770
0.54405504
0.52537370
0.39705828
-0.43064010
0.75751692
0.46969557
0.33132687
0.54992270
-0.16820534
0.96830106
-5.54316759
-0.39583513
-0.40715829
0.85580134
0.04529426
0.60437655
0.74074507
0.67889339
-0.02725810
0.39912537
0.53708625
-1.23310339
-0.45016068
0.61374128
-0.17468873
0.52877206
0.63224763
-0.16731830
-0.40766850
0.37408450
1.26665974
-0.15661956
-0.93330038
1.74194455
0.48167798
0.39397970
0.09550889
-0.18952495
-0.11161122
0.49283320
0.70007235
0.71955061
0.57165974
0.59974420
0.50755262
0.68414313
-0.30534893
0.94379056
0.58949131
-0.07631908
0.25333470
-1.19403648
0.61182946
-1.16632533
0.62820697
0.35618624
0.57363611
0.72642499
-0.49613619
-0.85883260
0.48269179
0.47769353
-2.27524710
-0.54581547
-0.20023501
0.67279720
-0.57032305
0.78682411
0.50660694
0.48717394
0.54276991
-0.15980682
-0.48815838
-0.14811584
-0.09801917
0.54335159
0.70081741
0.53022766
0.64571357
-0.21439262
-0.21063378
0.34918356
0.28902528
0.68286496
-0.23596865
0.55410117
-0.82916075
-0.10172296
0.56999773
-1.94975543
0.44561392
0.49006864
-3.05813408
-0.34314415
0.45505455
0.68585867
0.07823560
0.42838696
-1.37339282
0.07939631
0.32221437
0.42121109
-0.09066774
-0.13795190
-0.15554640
0.63867694
0.65549183
-1.72737384
0.70439625
-0.10015607
-0.42004111
0.39076811
0.33952621
0.35709652
0.61292654
-0.21945773
-0.19277732
0.52806991
0.55668485
0.83692551
0.61133659
-0.39483654
-0.10702056
0.90097994
-0.20443489
0.84779078
0.73166579
0.62620902
0.37540707
0.48906031
0.32939562
0.33306268
0.53941423
0.55150175
-0.23809351
0.80033147
0.41188413
0.73204923
0.56506312
-0.20929603
-2.46495199
-0.16294807
0.58321029
0.45062563
-8.62973881
-0.30983150
0.45384997
-0.40244901
0.36910659
-0.43849072
0.50420415
0.75918573
-0.07658367
-0.22154924
0.40417171
0.49916822
-0.31059697
0.59517527
-0.12152693
0.12876223
-0.44757259
0.37896407
0.39244533
0.51629281
0.35013875
-0.13507091
0.46482524
-0.10021526
-0.20213790
0.47731403
-1.67603159
0.43167177
0.76258868
-0.33933407
0.42829791
-0.24079715
-0.19942516
0.62035453
2.53587747
-0.16481130
0.30746287
0.52231133
0.38512340
1.97908163
0.45925036
0.33214319
-0.21972935
0.48126763
0.26915497
0.57231301
0.62239683
0.54575688
-0.36985618
0.67398006
-2.59824705
-0.34433734
0.33092585
0.68772238
-0.19686426
0.19036070
0.53941804
0.75452292
0.37209603
0.70382255
0.85527748
0.60552764
0.53191805
0.53886634
-0.25076512
0.45593718
-0.43910840
0.36927119
0.28007275
-0.34408170
0.44930425
-0.14716080
-1.02665210
0.48103812
0.42256436
-0.30777681
0.39438331
0.44785956
-0.43766549
0.66120923
0.56264710
0.41288546
0.54562670
0.41536307
-0.15428336
0.42932469
0.42445335
-0.25502968
-0.49151224
0.42537975
0.52702373
0.55471760
-0.01233586
0.50184608
0.63268000
0.63250631
0.58563828
0.86115855
0.53958344
0.66647637
-0.07541917
-0.12286475
0.55868793
-0.14520261
0.50736737
0.49317858
0.63726473
-0.38938034
0.47980723
0.46225417
0.14476472
-3.75041413
0.39824450
0.62465948
0.49805799
0.48625037
0.59586835
-0.40344051
-0.43566623
0.65089273
-0.73763442
-0.55551130
-0.14242050
0.68981159
-0.15436974
0.19053473
-0.16730346
-0.17625794
-0.15028849
0.40637788
0.55929130
0.60049838
-0.09495422
0.34767696
-0.66615903
-0.06264889
-0.09752277
0.80933708
-0.32446656
0.58977526
0.50741124
-0.36135185
0.81678784
0.46051937
0.40402788
-1.84635901
-0.04678917
-0.26142275
0.47031611
0.41878736
0.54758281
-0.44012016
-0.20293081
-0.59138590
0.74363655
0.46509275
0.47290921
0.18860999
0.66285175
0.67532551
0.54247600
0.71415788
0.66101635
-0.39302087
0.58990473
0.43662959
0.63769907
0.39284715
-0.09609579
0.47034878
-0.33212632
0.96943170
0.77917701
-0.38499728
-0.39903882
0.57727641
0.60923356
0.54084343
-0.33285201
0.85814446
0.69882423
0.49275622
-0.17891815
-0.41278213
0.48065045
0.26516005
0.59938651
0.29448533
0.54370886
0.33638275
0.71541369
0.44576991
0.35249221
-0.06780400
-0.11835743
0.62058216
2.16356087
0.59695077
-0.79416043
-0.26017514
0.48025790
0.47142899
-0.30201450
0.52689970
0.53286284
0.35526276
-0.05682686
0.38387433
0.12531613
-0.15512060
0.47700655
-0.08616928
-0.46580911
0.48334137
0.42756975
0.65319628
0.55999178
0.51139212
0.03718461
0.41190225
0.35815904
0.71563095
-0.04426207
0.47591534
-1.14196491
-0.48991671
0.66562098
0.60369730
-0.17923287
0.36374816
-0.43106750
5.80800629
0.68692285
-1.36214077
0.68002146
0.42412490
0.35966069
0.97841537
-0.48246151
0.60140204
1.75988925
0.39022475
0.36341524
0.68964273
-0.10889465
-2.83298850
0.53446931
-0.19709094
0.54845566
-0.02680004
0.58182424
0.69170493
0.53209227
0.50561088
-0.41057351
-0.66656828
