0.55136460
0.43607694
0.22394779
0.04536241
0.12421855
0.33990481
0.34521508
0.81917107
0.17603931
0.49874452
0.40869957
1.00394142
-0.20865171
-0.27987599
0.33655694
0.50304687
1.07200921
-0.76446867
0.18220608
0.18404073
0.31137088
0.60708773
-0.52805400
0.20441155
-0.07838688
0.12797207
0.51309240
0.24957414
-0.02867193
0.05860331
0.32464555
0.26503041
0.27445689
-0.15117514
0.77978987
0.50710195
0.51476097
0.49304861
0.38244823
-0.43635771
0.15481946
0.55982810
-0.01096201
0.32299826
0.38986063
0.14050066
-0.34975702
-0.01817577
