0.55468750
0.43750000
0.22656250
0.04687500
0.12500000
0.34375000
0.34375000
0.82031250
0.17968750
0.50000000
0.40625000
-0.99218750
-0.21093750
-0.28125000
0.33593750
0.50000000
-0.92968750
-0.76562500
0.17968750
0.18750000
0.31250000
0.60937500
-0.53125000
0.20312500
-0.07812500
0.12500000
0.51562500
0.25000000
-0.03125000
0.06250000
0.32812500
0.26562500
0.27343750
-0.14843750
0.78125000
0.50781250
0.51562500
0.49218750
0.38281250
-0.43750000
0.15625000
0.56250000
-0.00781250
0.32031250
0.39062500
0.14062500
-0.35156250
-0.01562500
