2.15769941
0.85910887
0.68474258
2.43954665
1.91381757
0.50220347
2.21150912
0.60973057
1.39703064
-0.63994440
0.60123688
0.84268541
-0.90280424
-0.02937086
-0.43184228
0.26716452
2.03809279
-0.19824137
-0.32331143
1.90637032
1.00422452
-1.37469227
0.41153207
1.97720116
0.57974214
1.62713341
1.55927343
0.96525685
2.56886401
3.04346463
0.51630477
1.90106555
0.32683636
0.63021254
1.71226841
1.65409191
-1.40944213
0.02666982
1.03716950
2.23300689
0.39765502
-0.05481084
1.45089069
1.10700342
1.77284440
-0.77094202
0.69758267
1.10428235
0.99820006
0.53806829
-1.22311460
3.22313077
-0.90890403
0.22640398
0.74074269
1.03722285
-0.66238123
-0.16194308
0.98739070
2.45717240
1.00188568
0.86186353
-0.84821238
2.00724126
1.78769469
-0.43640121
-1.70114647
1.00641515
1.81966972
2.06892921
0.77890434
0.51267489
1.40713348
1.10191264
0.19023896
-0.34503912
-1.07997459
-0.04213762
1.15094947
0.79137724
1.75338075
1.67947680
-0.82756401
0.16440174
-0.60259233
-0.86674846
0.29302269
0.47936684
1.84603040
1.64217007
1.48069327
0.78424341
0.88259768
1.49529289
-0.90788103
-0.50614505
0.95467313
0.06031641
1.99170847
1.34680612
-1.24762850
-0.19471281
1.31714747
1.73510169
0.61220223
0.96226379
1.24643385
3.38958804
1.36293779
1.64139668
0.60938038
0.41288796
1.37164248
0.46940471
1.06947436
0.91459886
1.52854556
-0.15764513
0.93316423
2.26560751
0.11251981
0.36007535
1.63623034
1.59792758
0.42007292
1.54157321
0.95588552
-0.14860997
2.15426665
0.62722989
1.99447210
1.77059908
1.55894458
1.19484825
0.42311004
1.64374960
1.03612701
1.57689387
-0.84684626
0.23521698
1.90132647
1.98369830
-0.98863183
2.63766975
-0.59041105
-1.05101411
1.51763762
1.76011406
1.07051093
1.38685830
0.51433034
1.56535484
0.45983687
0.30822444
0.92541737
0.17566746
0.37847496
0.57571109
2.19298564
2.04500233
0.43565962
0.31632505
1.77313731
0.75215333
-1.17261528
1.58576090
1.75011039
0.33025927
0.85108290
0.13047018
-1.88774528
1.08732947
1.15059347
0.32644751
1.49588953
-0.33810300
1.31876475
1.57567939
1.26135884
0.98705237
1.79272400
1.33064661
0.32016508
0.08983333
1.26664283
2.01292927
1.21953109
2.00165428
-0.27241116
-0.06057067
0.00360548
1.69801819
0.16293465
1.28399781
1.13988837
-1.12263383
2.12919638
0.24190800
0.44815941
-0.79646177
0.59639719
0.95640898
0.69020066
0.66625510
1.23499830
1.57841494
3.72205648
-0.05929986
0.00609942
-1.85713811
1.21890511
1.11087531
-0.22329241
0.33349379
1.93118000
-1.15655749
0.33184749
0.07700974
0.35866426
1.05470309
0.26472457
-0.44840894
3.67125838
-0.72090530
-0.58498099
1.62889480
0.42200145
1.70598459
1.21465447
1.75841437
0.03534848
1.01680202
0.01856693
1.87405805
0.92137376
0.02999442
1.01608590
1.28971689
1.01453446
0.43602412
1.04070411
1.95732912
-1.19120075
1.19816406
-0.63497601
1.72787611
0.93848064
1.00101087
1.27578337
0.02245436
0.98566210
0.68497299
1.33016880
1.01048644
0.79085787
1.33804492
1.52186070
-0.72705645
0.21808125
1.93805491
0.02233213
3.63916223
0.87637475
3.74737227
1.21227712
1.21336171
1.48345419
1.20186428
2.93466705
1.65536185
-0.36204903
0.32277540
1.21072157
0.78859502
-0.71433414
0.26279081
0.05033997
0.96729461
1.57448110
1.63234354
5.21941366
1.53740359
0.20514457
4.94412462
-1.61168869
1.88955835
0.53493956
1.27755398
-0.46009978
0.03369039
2.56533039
1.58818336
0.88876729
0.84480863
-0.75577646
0.58706383
1.46894505
0.66950218
0.01407993
1.01713465
0.61505875
-0.13761334
2.22725233
1.41517728
0.04968830
3.83850752
2.25109960
0.33836877
-1.35499316
1.30582142
1.05218841
1.03519273
-0.91910065
1.82304618
-0.75628490
0.80855943
1.05763656
2.20236313
0.43404448
0.68282077
1.73699180
1.16734051
1.28343558
1.44380671
-0.97659293
2.60185703
1.17905449
1.10563888
-0.39179116
2.00202589
1.40603072
1.59705746
0.75693853
1.99676843
1.40213315
1.57072807
1.95342744
0.63846384
0.92619103
0.04837614
1.63205294
0.62225223
0.01515850
-1.44245932
0.78243566
1.02302697
0.76582162
0.85013214
0.67439002
0.16404165
1.14902534
1.11984565
-1.07033571
1.57350495
1.24731622
0.20222609
0.12006773
1.53398568
-0.64962736
1.40048780
1.30756065
1.56693988
-0.09188467
1.60059350
1.63424624
0.64761439
1.46611181
1.83744945
1.91260200
1.58798136
0.47401297
1.51434876
0.91592892
-0.17739592
2.18326795
1.31199620
-1.50007609
0.79131456
0.90053396
0.24212573
-1.13276937
0.91010653
0.41792247
1.04722135
1.61487770
1.50118432
0.99217155
1.25802492
0.44184712
1.04356177
1.55629299
1.97097037
1.84908340
1.31939489
1.53661801
2.59731490
0.40924550
0.40394233
0.52815076
0.94007388
0.00121032
1.65381361
1.28719035
0.85573587
2.09505555
-0.92668595
0.98677463
2.17616638
2.70782973
0.93389746
1.08752912
2.96392574
1.56528276
1.26954744
0.76720026
-1.03828994
1.60323469
1.33385531
2.33833006
0.10014172
1.29801588
1.71780948
0.28118483
1.44255887
1.12826747
2.19437452
1.40382047
1.50568582
-0.88394942
1.71050205
0.80176362
2.15955702
1.40638097
2.29654286
1.63501288
0.59362900
2.87918018
2.50826575
2.43803334
3.74982270
-1.36616751
-0.19623824
-1.44653466
1.92456552
1.54188464
0.67791205
2.31225504
2.49437111
1.18478974
2.21422902
1.45874834
2.48110991
1.52472580
1.74097635
1.59318718
-2.44553562
1.78444228
-0.23683929
1.26573587
0.41213524
1.14358867
0.30999506
0.18320640
0.79565952
1.32583890
1.04008466
0.78150200
-0.62842155
2.27087797
1.12785259
1.25846670
0.85768024
1.36253706
0.28957527
0.92255795
1.83532066
0.28280099
1.63409794
1.29685164
1.60390404
1.24008973
-0.35178825
0.53950780
0.97125577
1.17702999
2.02836675
1.87666812
1.46765677
1.61847879
0.49226909
-0.41265351
1.19562159
0.83233615
-1.30017215
3.38853009
1.18720789
1.84097809
0.72977997
-1.36633659
1.43580104
-0.01962794
1.79127347
5.10985378
1.63151969
1.87819999
-0.12851025
2.15616062
1.49033561
1.43840629
1.31368333
-0.47068215
1.60278986
-0.73005205
1.53737814
1.36308696
0.13108241
1.18849382
1.57036196
-0.79155871
0.75498145
1.03315169
-0.37074084
1.15473801
-0.08735296
0.08054858
1.04903989
0.28250148
0.92362379
0.90904972
1.31303937
2.08509250
1.46916491
-0.43845890
1.27796203
2.21959519
0.81706301
0.33083274
0.47238718
0.74394554
0.82952830
1.59605098
-0.10482925
1.15551564
0.37692675
-1.78325285
0.11702360
0.96529692
0.87703053
0.18407386
1.69259838
-0.47699472
1.33192715
0.10952524
-0.10277689
-1.24655515
-0.73243770
1.00908600
0.84262476
0.90957276
0.48342010
1.29365820
1.44344182
2.65573330
0.21495661
-0.77619041
0.14115877
-0.23389534
-0.75500826
0.10382431
0.18975725
1.16857382
0.04076470
2.20782376
1.70629763
0.16958485
1.57574643
0.54035154
1.98510080
1.48950246
1.95804246
1.18588469
-1.12613886
-1.09370850
0.90461310
-1.38833533
1.55134161
1.45632339
0.27092756
0.65933154
2.45046127
1.23668381
1.45788637
1.01029315
1.18936001
-0.02341843
1.89900522
1.25914936
0.13027050
0.82388757
0.88071263
1.82155064
0.80309253
-0.20221196
0.49154345
2.05353359
0.24133961
1.48968901
0.99255894
-1.55655554
-0.16770974
2.40355165
-0.12007739
0.70599664
0.34663239
-0.77456856
0.47243506
-0.24735389
2.30858620
0.79942780
1.35578467
-0.36006100
0.58422825
0.81537063
0.80539088
0.21700588
0.16703866
-0.02710643
1.70415962
2.61795295
-1.65031816
1.09110877
-1.36202187
-1.50988735
0.10112008
0.61632456
-1.39581074
0.80371038
-1.27499235
2.03297945
1.60633457
0.29266136
0.44573873
-0.03865559
0.04546575
0.70282210
1.47552864
1.30765618
0.81693641
2.68159726
-1.33437235
-0.29689887
1.25071329
1.73627350
0.70232972
1.23947170
1.35369190
1.56673760
1.35744891
1.13171709
3.30610993
1.06246825
0.04167020
2.01068299
1.63307975
1.40380634
2.25488276
1.39447640
0.97173400
2.63466199
1.95106636
1.76806608
-0.85817844
1.61131152
1.11123166
0.85989308
-0.29945586
0.40413880
0.99145509
2.34838057
1.09475448
0.63400854
-1.35646579
-0.07615798
-0.90204381
1.23970553
0.39504311
1.66931640
-0.17675542
2.25835625
1.98212207
0.97065820
0.17163932
0.86516627
1.15255120
1.12087313
0.03488105
0.19790066
0.40403305
0.57860010
1.99064347
1.38766703
1.70174549
0.76918950
2.23902743
1.93082300
1.77498356
1.12333621
1.41992907
1.01771626
0.26581523
-0.16903420
2.48020235
1.24903453
0.61057422
0.21372208
1.47992383
-0.86871237
-1.21102551
1.22768466
1.03905408
2.03914474
0.17761867
0.67619623
-0.22322556
0.82260364
-1.06542025
-0.03683777
1.93615022
-1.30687372
1.09380402
1.86013336
1.44580526
0.57853968
-0.08374041
0.63891271
-1.24730023
-0.31987954
0.88625259
0.83359380
1.61861116
1.51270409
1.27324526
0.02012209
1.51649517
-1.14394328
1.11864025
-0.44679984
-0.15032770
0.96463327
2.30659963
-0.56752825
0.13589939
1.03489660
1.46617027
2.37173868
1.68916616
-0.65821010
1.02305852
1.03471680
1.44213149
1.23845367
0.98251529
0.50987110
-1.09569194
0.57963529
0.59440366
-1.42761370
1.46224960
-0.05472917
0.31361254
0.49518660
2.39540558
1.26261053
1.21593792
2.06705368
2.33868065
0.70306318
-0.88685485
0.91275709
2.99812107
0.12281893
0.91853828
-0.09430505
-0.64723598
1.29219681
-0.07374924
1.13711401
-2.84028949
0.87138424
1.19385866
0.63800390
0.70948645
1.24532387
-1.58472356
0.81192280
-0.06137073
1.26973236
0.63672869
0.81986877
1.35411249
1.45236538
0.80694565
1.13101229
-1.73212289
1.68029159
-0.50528825
2.09473505
0.37825148
-0.08775841
0.50689258
0.72239671
0.76745506
-0.34932484
0.82072894
0.87911688
-0.64824135
1.36519598
1.92171785
1.09669545
0.03164493
1.09129295
1.35649692
-0.09536375
3.26975029
-0.05674554
0.01158496
1.99830811
1.09078092
1.92306939
-0.04785096
0.60524411
0.58180577
1.49578198
1.60942772
1.97721817
-0.10566510
-0.38342405
0.07737605
0.79235849
0.13456876
1.66319949
1.31207286
0.49963011
-0.87727284
2.00066324
1.90740773
-1.74367624
1.11130907
1.64158032
0.89479451
1.03332086
-0.40511633
1.28881183
-1.82016798
1.49607436
2.38259089
0.64367031
1.82746321
-1.34460301
-0.52430738
-1.33645245
1.47925480
0.91381376
0.56497945
-0.48265955
-0.84610724
1.11801954
-0.17551109
0.71522650
0.74392340
1.14333862
0.17069952
1.57545871
1.42342537
2.76366257
1.58740864
1.58740891
0.46203741
1.92207084
1.87792952
-1.07672539
0.14904501
-0.53184582
1.66884003
0.24882168
1.80739721
2.44878249
0.14500813
1.20705714
2.32718582
2.07825386
1.14167534
-1.59031423
0.05513017
-0.80940392
-0.17964549
-0.31012074
0.36797428
1.33609726
1.86211056
-0.38547253
0.73253613
-0.73360897
0.37956189
1.62765860
2.28243910
1.35302110
-1.52865357
0.96070488
0.64086552
0.32347197
0.03458715
1.10561780
1.45915673
1.88970831
0.97425452
-0.40330597
1.55581873
1.71596825
-0.06338154
1.35254632
1.50595597
4.34624170
1.22596291
-1.29734396
-0.99938587
-1.48755485
1.16647458
1.51534797
1.14394181
0.87113756
1.49453196
1.47435315
1.34389288
0.58063285
1.56315640
0.05241930
1.53992104
1.99769669
0.01440784
1.67276397
-0.11297733
-0.52196696
2.10120185
1.40399796
1.59229905
1.85196134
2.06133577
0.88668500
1.07237575
1.09780425
1.01296909
0.26106904
-0.41945739
0.30942628
-0.47145784
-1.61436436
2.13923268
0.35601817
1.39165445
1.74029770
0.48610862
-1.11939347
1.31359043
1.01847027
-1.07376328
0.96010650
0.76756157
1.51579740
-0.76227886
0.66504038
0.69105391
1.57321691
0.51412419
2.07371144
0.58296989
-1.37284552
1.84475638
-0.19368653
1.56363327
-0.19671554
-0.13386393
-0.06746691
0.82535244
1.25356842
1.84129119
0.47549732
-0.27604201
-0.17427346
1.58885694
0.62473534
-0.55638785
1.62682995
1.39917108
1.73734794
0.26645559
1.61919408
-0.97669662
-0.56653251
1.96654213
2.44611080
1.65286273
1.29988070
1.57044341
0.89256110
-0.00724131
0.89709358
0.63815660
1.39706819
1.23710806
1.37806925
1.63048474
-0.27476357
-0.04088612
2.01854479
0.77402366
-0.17833909
0.62973870
-1.01975623
-1.42055394
-0.18371622
0.44033667
1.47862953
1.25798350
1.54740598
-0.24368844
1.88951305
1.68790480
0.56307433
2.14165994
-0.59343034
2.52092437
-0.54987755
0.66717747
0.59531424
0.94353601
0.53689435
-0.94655815
-0.96859051
1.09493039
1.46412376
-0.61099428
0.64932801
-1.61475326
1.41552794
1.40857301
-0.47320757
-0.07470458
0.65012185
-0.42533286
1.17942619
1.47910187
0.47190379
0.09716389
1.59217016
1.26723503
1.72906557
1.31662198
4.08398527
1.49468385
0.89288471
1.35700556
0.36262948
1.23411528
1.61721962
1.76844477
-0.20820744
0.86555781
2.35370313
0.88465680
0.29162930
1.23499799
1.67254910
-0.29394311
1.93385168
0.02738594
-0.53412205
0.08599708
1.16251737
0.01279718
0.49341057
1.72501569
1.96803941
-0.09221367
1.31135483
0.72823607
1.00088083
1.51655845
2.68601151
0.88416074
0.15178962
0.32202953
1.36030101
0.97192608
1.13268448
1.60936927
0.13131377
3.73166306
0.60375709
0.85775573
0.58836718
1.75632284
0.18179982
-0.15780708
1.10091200
1.28584179
-0.29785992
-1.72398487
1.21444781
1.43255082
0.20750727
0.42342508
0.51671555
0.92571410
-0.49402703
1.33577582
0.94484176
0.81104758
1.23762488
2.15363500
-0.60891258
1.38427200
1.80172436
0.90764791
1.76445001
-0.48508636
-1.26962079
0.40886237
1.18642028
0.03809942
1.40910386
1.55918658
1.25515384
3.03159369
0.11715653
1.20910829
0.93114476
0.96888424
0.85059325
1.46627387
1.64055727
1.25902970
0.17740022
0.32418023
1.13763654
0.56915415
1.40175726
-0.54987608
2.23311591
4.06839299
0.62153767
1.05478506
