-0.66647571
-0.39849916
-0.12699626
-0.73150653
-0.46681345
-0.34538943
-0.21285816
0.66165835
-0.46262464
-0.54997951
-0.77591115
0.37666100
-0.10869538
0.10056321
-0.64253831
2.43550038
0.22812977
0.13164827
0.30386978
-0.02537785
-0.67087221
-0.04968338
0.05336408
0.80262351
-0.73112983
0.71388251
-0.38771844
1.53063691
-0.48380011
-0.03378095
-0.75984901
1.19556165
1.44825208
-0.45040914
-1.23151350
-0.89467746
-1.00811923
-0.30821785
-0.17728621
0.09827866
-0.69648558
-1.30883455
-0.04083116
-0.24551012
0.71604490
0.36323351
-0.22997116
-0.73684990
