-0.67187500
-0.40625000
-0.12500000
-0.73437500
-0.46875000
-0.34375000
-0.21875000
0.65625000
-0.46875000
-0.54687500
-0.78125000
0.37500000
-0.10937500
0.09375000
-0.64062500
-1.56250000
0.23437500
0.12500000
0.29687500
-0.03125000
-0.67187500
-0.04687500
0.04687500
0.79687500
-0.73437500
0.71875000
-0.39062500
1.53125000
-0.48437500
-0.03125000
-0.76562500
1.20312500
1.45312500
-0.45312500
-1.23437500
-0.89062500
-1.01562500
-0.31250000
-0.17187500
0.09375000
-0.70312500
-1.31250000
-0.04687500
-0.25000000
0.71875000
0.35937500
-0.23437500
-0.73437500
