-0.16532257
2.73311258
-0.83247254
-3.59243981
-4.12386793
-0.31731370
-0.18333574
-1.06931926
3.01205344
-2.87780274
2.49597710
-3.91648822
-0.56435059
-6.75788102
-1.08303967
0.97101107
-4.03389533
0.35567394
3.83049597
1.04905100
2.86010712
0.22177111
-2.13019509
-0.60907584
-2.49055689
6.16271897
1.15671366
-0.34673729
0.54002970
-2.33072189
-0.07857790
0.03003747
3.31760631
5.66427537
-1.56349190
1.67735141
2.94921371
0.22232108
3.33127594
-2.81314774
-1.21801689
0.25334964
-0.78608552
3.04951520
-0.08180055
-0.40606538
1.82965012
-2.97934001
