-0.18750000
2.75000000
-0.81250000
-3.56250000
-4.12500000
-0.31250000
-0.18750000
-1.06250000
3.00000000
-2.87500000
2.50000000
-3.93750000
-0.56250000
-6.75000000
-1.06250000
1.00000000
-4.06250000
0.37500000
3.81250000
1.06250000
2.87500000
0.25000000
-2.12500000
-0.62500000
-2.50000000
6.18750000
1.18750000
-0.37500000
0.56250000
-2.31250000
-0.06250000
0.00000000
3.31250000
5.68750000
-1.56250000
1.68750000
2.93750000
0.25000000
3.31250000
-2.81250000
-1.18750000
0.25000000
-0.81250000
3.06250000
-0.06250000
-0.37500000
1.81250000
-3.00000000
