-0.51777139
-0.79222952
-0.52815176
0.06425530
0.17613942
-0.49053662
-1.06977276
0.06750014
-0.64242093
-0.14471380
0.24136980
-1.04738250
-0.24103109
-0.82829692
-0.81447900
-0.70622139
-0.74429984
-0.60130984
-0.63673699
-0.48864688
-0.79899471
0.21742584
-0.58930399
0.06002455
-1.08446220
-0.27209331
-0.58823854
0.69316268
-0.78887949
-0.89850399
-0.81825157
-0.79477956
-0.93041240
0.07035278
-0.71454960
-0.36608307
-0.37548589
-0.92731278
0.90271528
-0.94549209
-1.01657394
-1.21745324
-0.16060727
-0.49290527
-0.00820158
-0.24707928
-0.98780738
-0.38302782
-1.33711428
-0.55278268
-0.58001829
-0.71097097
-0.97029597
-0.56871147
0.27578147
0.02162461
-1.17088349
-0.41158985
-0.78539252
-0.09529160
-0.67805992
-0.84119385
-0.93674186
0.20660524
-0.13204861
-0.61623925
-0.49293238
-0.64387166
-0.38816013
-0.30877222
0.34740619
-1.26586600
-0.70677647
-0.62383243
-0.73941784
-0.20881895
-0.90601038
-0.10574178
-0.57503341
-0.59881329
-0.27492599
-1.30308616
-0.80554864
-0.22944837
-0.34467241
-0.64994888
-1.10249828
-0.42533737
-0.72771365
-1.22803266
-0.79475635
-0.50776816
-0.43163741
-0.01265408
-0.98115603
0.04522444
0.04488706
-0.51922086
-0.97613547
-0.23984057
-0.17419408
-1.09126903
-0.92383710
-0.04074255
-0.98459340
0.49394779
-0.96955973
-0.70727327
-0.09350061
-0.74654964
-0.83418703
-0.98813987
-0.66692489
-1.04445548
-0.34387784
-0.75168730
-0.28796565
-0.42788460
-0.74679020
-0.22658923
-0.86425823
-0.61080470
-0.13283705
-1.25638567
-1.15304391
0.18870615
-0.17450987
-0.93532747
-0.44943714
-0.65295023
-0.59467558
-0.63931505
-0.87534170
-0.25289106
-0.46496456
-0.03660630
-0.71780575
-0.19791185
0.46028922
-0.50615062
-0.96220516
-0.83455671
0.29318707
-0.91561247
-0.67155362
-0.67740727
-0.10941844
-0.07369921
-0.51734546
-0.62922802
0.53298559
-0.74446379
-0.50612045
0.26684329
-0.73526721
-0.77658674
-0.96362099
0.15776824
-0.31631856
-0.75104957
-0.41952573
-0.26611385
-0.54192377
-0.74964494
-0.31571842
-0.06598652
-1.03999334
0.03151791
-0.77126385
-0.52067799
-0.90426991
-1.11298752
-0.89970181
1.34483801
-0.33748352
-0.43257800
-0.77565076
0.07047533
-0.84063536
-0.00752642
-0.10874555
-0.48396332
-0.26154067
-1.02846820
-0.20503459
-0.14560322
0.06264249
-0.19562498
-1.05846970
-1.08850860
0.33176649
-0.59476208
-1.06639467
-0.80926148
-1.17457972
-0.28788068
-0.08670765
-0.35630417
-0.58001929
-0.23843841
-0.95487770
-0.32538059
-0.96685762
-0.57974704
-1.20257583
-0.28194678
-0.77590738
-0.37782648
-0.97032148
-0.09892262
-0.45715692
-0.03511767
-0.81976543
-0.09353672
-0.36572736
-0.72412177
-0.56658073
-0.93228725
-0.76455887
-0.74494701
-0.98630203
-0.76172170
-0.74738379
-0.93880359
-0.89564170
-1.18471880
0.06501729
-0.16213331
-0.54858811
-0.56711675
-0.94877654
-1.10123118
-1.13069417
0.01349230
-0.35330759
-0.57750762
-0.42774900
-1.01303499
-0.66299790
-0.83294446
-0.10908141
0.64759624
0.09354642
-0.70729685
0.09184644
-0.91938245
-0.27358103
-0.34727220
-1.02512704
0.02558993
-0.43422608
-0.65169334
-0.24652595
-0.53043304
-1.04995157
-0.74254858
-0.51832185
-0.11517753
-0.52445598
-0.94122519
-0.98451412
-1.58623831
-0.69203498
-0.27961222
0.01135000
-0.60078804
-1.38805608
-0.68835198
0.85259149
-1.01445852
-0.75771485
-0.49320281
0.32932005
-0.64510288
0.01186628
-0.52915880
0.01989653
-0.56102159
-0.58264134
-0.80067556
0.49507068
-0.49599975
0.15566076
-0.73988020
-0.31256411
-0.54323754
0.06029164
-0.05871958
-0.04214683
-0.55507150
-0.70632186
-0.17593087
-0.42769967
-0.40957045
-0.86277611
-1.16894705
-0.51733296
-0.88408106
0.55820023
-0.53761611
-0.56519759
-0.84295771
-0.68304760
-0.24248739
-0.74834836
0.22605743
-0.00103116
-1.25549043
-0.06240955
-0.46225037
-0.41423529
-0.13082502
-0.35450368
-0.52927277
0.29613083
-0.23573785
-0.21766069
-0.76325635
-0.04525008
-0.97541192
-1.29117097
-0.51664559
-0.03328637
0.54647396
-0.12476379
0.11023297
-0.42275620
-0.29275810
-0.50380566
-0.97561722
-0.47194599
-0.40228047
-1.38124844
-0.86084887
-0.34418797
-1.22445121
-0.16692271
-0.44062716
-0.38884772
-0.26016422
0.09139868
-0.72480076
-0.38966344
-1.04083878
-0.28079997
0.21637081
0.17409083
0.05066913
-1.49114396
-0.72138892
-0.78487297
-0.62065337
0.01831601
0.20520839
-0.23862001
-0.47371810
-0.39991976
-0.50642325
-0.58006180
-1.29729852
-1.42460968
-0.92719014
-0.69269037
-0.61775403
-0.16174066
-0.28618751
-1.02200116
-1.06301144
-0.96577573
0.05783709
-0.51312347
-0.48640756
-0.74587021
-1.92580849
-0.83698609
-0.11460706
0.92851419
-1.00769071
-1.10614358
-0.81815132
-0.33768559
-0.35966100
0.01087590
-0.65973705
0.23839088
-0.53710523
-0.25944931
-0.54271131
-0.66344731
0.36691559
-0.07227216
-0.42547767
-0.40821759
-0.77055583
-0.65308081
-0.11164294
0.99885527
-0.56243521
-0.13076998
-0.28652992
0.45951956
-0.43291954
-0.90390880
-0.45769227
0.11532001
-0.43904443
-0.85121801
-0.00606871
0.10908568
-0.33354085
-0.33815433
-1.05862534
-0.53274624
-0.99463981
-0.97469374
-0.65496940
-0.18290031
-0.83762825
-0.74287455
-0.48709163
-0.35422803
-0.93668464
-0.51808973
1.46765288
-0.17481849
-0.42950158
-0.07773295
-0.98345399
1.01610409
-0.81544788
-0.58438426
-0.30020236
-0.15302386
-0.62000704
-0.47698041
-0.88314689
-0.78214677
-0.81142605
-0.29828634
-0.89631656
-1.35545959
-0.24082200
-0.53211814
-0.40767940
-0.69430592
-0.32219475
-1.05462767
1.45514796
-0.24834556
-0.97212682
-0.88161819
-0.78977172
-0.64597970
-0.47157124
-0.07407248
0.14746919
-1.00693284
-1.10517789
-0.72204448
-1.25068618
-0.14719377
-0.82091582
-1.29088618
-0.73543700
-0.01080612
0.12583565
-1.62234264
-0.28061735
-0.19684592
-0.86746768
-1.18266584
-0.64234017
0.68877152
-0.50354617
-0.52605326
-0.85269877
-0.36259705
-0.24739766
-0.84102758
-0.14651390
-0.67819008
-0.43862401
-0.89024395
-0.75861019
-0.08790282
-0.87749706
0.13040957
-0.17754946
-0.14418658
-1.16709491
-1.09914767
-0.08204840
-0.57016612
-1.14777307
-0.79357229
-0.94893740
-0.86336232
-0.34065752
-1.10137050
0.38809804
-0.49900931
-0.80775822
-0.66722012
-1.22185385
-0.66961045
-0.22237030
-0.84073449
-0.37308167
-0.86166427
-0.39226152
-1.09320566
0.12538517
-0.80773312
-0.22293900
-0.28306387
-0.87029639
-0.44239225
-0.35391929
-0.18298244
-0.69552751
0.03681176
-0.01025440
-0.49358911
-0.89199226
-0.11394709
-0.33157083
-0.81292944
-0.20039082
-0.59319795
-0.61838980
-0.33649902
-0.51577290
-0.21080410
-0.28289065
-0.63341935
-0.98274658
-0.32757986
-1.14639415
-0.58023201
-0.34431838
-0.92872877
-0.64717959
-0.90597816
-0.60868879
-0.13206333
-0.48823981
-0.44807730
-0.60600982
-0.22804881
-0.30702623
-1.29542394
-0.86322451
-0.87248757
-0.64335866
-1.21365904
-0.93060889
0.14785149
-0.80282019
-1.09529363
-0.59715382
-0.29273123
0.35735288
-0.28362274
0.49252924
-0.38715158
-0.34218628
-0.20083942
-0.94361057
-0.62060478
-1.02101488
-0.25479604
0.33500027
0.10747163
0.05805653
-0.95261878
-0.29813189
-0.96844235
-0.21297711
-0.74898298
-0.48018079
-0.70731404
-1.29313526
-0.75301118
0.21388852
0.23300992
-0.94803549
-0.35537315
-0.32595698
0.07297590
-0.25817079
-0.97991030
-0.44225437
-0.47155335
-0.52006853
-0.57245672
-0.54235371
0.04010238
-0.06364127
-0.76324975
0.17882705
-0.72676111
-0.66429765
-0.51247153
-1.05880710
0.06587596
0.19169964
-0.45393144
-0.40219124
-1.39412482
-0.79185925
-0.95254197
-0.53224847
-0.25939264
-0.49490315
-0.75333739
-0.55736562
-0.87325794
-0.37419235
-0.52322957
-0.59812199
-0.80340371
-0.92194989
-0.60535228
0.68701573
0.25284862
0.17922616
-1.21652279
-0.86328551
-0.18127322
0.14421011
-1.42838848
-0.26945848
-0.89142547
-0.27054105
-0.72136720
-0.60612551
-0.28022464
-0.21355325
-0.53783157
-1.19487455
-0.61859930
0.04201271
-0.44653169
-0.35134007
-0.77365734
-0.88828098
-0.11889380
-1.26619000
-0.86654152
-0.92809263
-0.55792306
-0.51364604
-0.42964911
-0.19664438
-0.41547473
0.57464266
-1.15720448
-0.31328683
-0.22226424
-0.44023730
-1.33023048
-0.06949833
-0.81739886
-0.71647020
-0.06196277
-0.51444417
-0.18001658
0.04458796
-0.22550567
-0.69713876
-1.00766233
-1.12229392
-0.74027724
-0.78562204
-0.59544198
-0.46322172
-0.96701769
-0.47460081
-0.87480840
-0.51324501
-0.73435087
-1.27972029
-1.18147864
-0.92334036
-0.43325039
-1.00799415
-0.70463286
0.05679425
-1.09333583
-0.75698337
0.62104656
-0.68885952
-0.23634425
1.11060203
-0.51027787
-0.07757171
-0.43973152
-0.79032863
0.02961605
-1.33683108
-0.79004055
0.05847363
-0.69861781
-1.06262292
-1.16829825
-1.03719137
-0.25110322
0.07826131
-0.57148781
-0.14799202
0.07067220
0.01088350
-0.89660036
0.00592776
-0.96348780
-0.98710063
-0.42354633
-0.20047182
-0.82372471
-0.90250342
-0.56056262
0.37100315
-1.06532381
-0.58738649
-0.92326098
-0.70583674
-0.40410848
-0.54876552
-0.74591165
-0.38143243
-1.06719557
-0.39333853
0.01142706
0.01168257
-0.41090271
-0.88287576
-0.00991787
-0.43521605
-0.63480294
-0.19315840
-0.63583691
-0.97428405
-1.16097705
-0.44978649
0.63374734
-0.14490830
-0.67548146
-0.35237261
-1.06776300
0.06170707
-0.07529547
-0.19518487
-0.32357439
-0.26275848
-0.77526096
-0.73550445
-1.18636502
-0.52097122
-0.27048119
-0.96078438
-1.41257916
-0.93383233
-0.56353813
-0.73213330
-0.39852488
0.97304513
-0.36943837
-0.20030076
-0.84101770
0.27548616
-0.55072556
-1.40883735
-0.67533654
-1.00398980
0.40327868
0.25487274
-0.52446154
-0.51345148
-1.05841599
-1.26602497
-0.76271382
-0.48694425
0.02482161
-1.32664304
-0.85672442
-0.53827877
0.14149823
-0.70882183
-0.32237878
-0.91434352
-0.52520195
-0.00108260
-0.49437506
-0.90637353
-0.81899806
-0.87792779
-0.41390238
0.24500920
0.54150695
-0.16925278
-0.46451595
-0.02285350
-0.74106376
-0.14813598
-1.09791546
0.05827304
-1.07419288
-0.39682207
-0.71584584
0.01990983
-1.02353573
-1.60873153
-0.20776902
-1.01784900
-0.16108507
-1.18681076
0.17422279
-0.53440875
-0.13490631
-0.23366381
-0.84818159
0.16492889
-0.76458222
0.16326339
-0.55624212
-0.33930615
0.00626068
0.01758962
0.11808243
-0.26307098
-0.93408392
-0.33115035
-0.50028152
0.71388056
0.19335439
-0.78591675
-1.01540428
2.12378535
0.01939824
-0.28760946
-1.08355753
-0.28017847
-0.15398598
-0.58409960
0.23704372
-0.33335261
0.38905193
-0.43821828
0.16482239
-0.90168793
-0.67995162
0.00361761
-0.11462648
-0.38534034
0.54111631
-0.45767350
0.26184311
-1.11874256
-0.42521688
-0.67203834
-0.59173559
-0.10002199
-1.16347485
-1.25921516
-0.77902162
-0.25394230
0.07461485
-0.16133582
-0.18368051
-1.06496098
-0.91672630
-0.01946513
0.05512602
-0.30918689
-0.32406414
-1.06966377
-1.30593895
-0.87496011
-0.26361558
-0.77865853
-0.67004291
-1.08736936
0.07270097
0.04870566
-0.35493964
-0.25607639
-0.54115630
0.05486077
-0.65655913
-0.85165526
0.54180037
-0.30351854
-1.10992960
-0.57969341
-0.91943375
-1.00414463
0.18469089
-0.28816908
-0.39317462
0.11364227
-0.54157280
-0.28702517
-0.30767695
-0.51774767
-0.18709998
0.00624972
1.15571460
-0.33972347
-0.55811533
-1.18693949
-1.18888932
-0.18062084
-0.29309774
0.58790495
-0.28253043
-0.61775577
-0.76604291
-0.77422479
-0.26372390
-0.37786698
-1.12364018
-0.31525102
-1.21104994
-0.17731796
-0.94206477
-0.20363222
-0.95473161
-0.97666714
-0.87594527
-0.35113183
-0.23527740
-0.20007038
-0.84922025
0.93036184
-1.12817772
-1.20624053
2.24276560
-0.19616442
-0.33925013
-0.69538462
-0.75714746
-0.28007357
0.23730832
-1.06933348
-0.73254400
0.08602520
0.23454518
-0.66939161
-0.15303162
-0.41032110
0.32597630
-0.69350056
0.24055718
-1.08106387
-0.99445591
0.04315883
-0.50016281
-0.30532239
-0.68371066
-0.97109554
-0.46447598
0.05006918
0.73175144
-1.29861343
-0.44807233
-0.15828257
-1.05509013
-0.16109748
-0.54525657
0.72822993
-0.94983131
-0.82219384
-0.59748500
-0.70585775
-1.09006705
0.15175693
-0.95019511
-1.01341564
-0.78882856
-0.88650122
-1.25768594
-0.36079446
0.45670152
-0.24639382
-0.48430900
-0.34564400
-0.39383013
-0.64875900
-0.26765930
-0.76848585
-0.03024877
-0.63086110
-1.05656681
-1.12515357
-0.13131716
-0.72359081
-1.09267529
-1.33751006
-1.00917039
-0.17065686
-0.45980718
-0.89512594
-0.47066577
-1.20353821
-0.72987335
-1.01731358
-0.23145323
-0.96368098
0.23899706
-0.37550893
-1.04133827
-1.27463959
-0.64175922
-0.24093556
-0.80607736
0.19839286
-0.73667376
-0.55414806
0.01650571
-0.25779901
-0.31912963
-0.72608774
-0.69128200
-0.57291633
0.25283311
-1.24390259
-0.06636910
-0.05476236
0.48257815
-0.45806852
0.73662896
-0.49390114
-0.55637088
-0.52516771
-1.35994752
-0.97977434
-0.42503133
-0.33778744
-0.56731689
0.33581532
-1.03826926
-1.11867742
0.05281135
-0.48155715
-1.08512389
0.18870477
-1.07157216
-0.35569791
-1.06226110
-0.48389195
-0.38296471
-1.43810425
-1.00304576
-1.14080934
-0.64190379
-0.66410855
-0.12942214
-0.17410199
-0.86671551
-0.69021572
-0.58128295
-0.91066242
-0.85895324
-0.18481007
0.19361631
-0.44444919
-0.37664824
-0.28840819
-1.05211718
-0.75323170
-0.39441832
-0.98641964
-1.26032855
-0.86746440
-0.47026888
-0.82537854
-1.21630020
-0.55251607
-0.58266756
-0.44512308
0.74562602
-0.04048023
-1.14501094
-0.33074631
-0.73933797
-0.44216058
-0.90743944
-0.81633152
-1.17657543
-0.80668548
-0.42907510
-0.10567126
-0.29860950
-0.51855492
-0.45346275
0.62412315
-1.10685203
-0.30191496
-0.90488560
-0.03214344
-0.81061655
-1.15861495
-0.27265039
-0.30683708
0.19143670
-0.87964552
-0.25874152
-0.64893897
-1.88298509
-0.57398148
0.01574714
-0.20618958
-0.46699435
-0.93856618
-0.80423364
-0.20336180
-0.70851363
-1.04326167
-0.36802826
-0.41368654
-0.69482800
0.45591462
-0.54329606
-1.30939708
-0.73414106
-0.38482054
-0.20498632
-0.71671922
-0.92354959
-0.81985585
-0.10512973
-0.46020333
-0.60737153
-0.68106739
-0.18405482
-0.30804691
-0.89415922
-0.95161862
-0.79822461
0.04026907
-0.65560074
-0.60725339
-0.59555595
-0.73366923
-0.62207492
-0.36934229
-0.69509853
0.02006684
-0.58720100
-0.78537838
-0.12623835
-0.31989460
